           0.1	   7.602753e+00   3.802753e+00   7.933327e+00   4.133327e+00   8.027777e+00   4.227777e+00   4.013889e+00   2.138887e-01   4.433998e+00   6.339978e-01
0.2	   7.602605e+00   3.802605e+00   7.933289e+00   4.133289e+00   8.027773e+00   4.227773e+00   4.013891e+00   2.138909e-01   4.432521e+00   6.325215e-01
0.3	   7.602273e+00   3.802273e+00   7.933205e+00   4.133205e+00   8.027765e+00   4.227765e+00   4.013897e+00   2.138965e-01   4.436462e+00   6.364622e-01
0.4	   7.601706e+00   3.801706e+00   7.933061e+00   4.133061e+00   8.027749e+00   4.227749e+00   4.013905e+00   2.139051e-01   4.439335e+00   6.393352e-01
0.5	   7.600870e+00   3.800870e+00   7.932842e+00   4.132842e+00   8.027725e+00   4.227725e+00   4.013920e+00   2.139197e-01   4.451792e+00   6.517916e-01
0.6	   7.599760e+00   3.799760e+00   7.932540e+00   4.132540e+00   8.027690e+00   4.227690e+00   4.013939e+00   2.139386e-01   4.452353e+00   6.523527e-01
0.7	   7.598413e+00   3.798413e+00   7.932150e+00   4.132150e+00   8.027642e+00   4.227642e+00   4.013963e+00   2.139625e-01   4.449348e+00   6.493482e-01
0.8	   7.596905e+00   3.796905e+00   7.931673e+00   4.131673e+00   8.027580e+00   4.227580e+00   4.013996e+00   2.139962e-01   4.465162e+00   6.651619e-01
0.9	   7.595354e+00   3.795354e+00   7.931111e+00   4.131111e+00   8.027501e+00   4.227501e+00   4.014039e+00   2.140393e-01   4.465693e+00   6.656929e-01
1	   7.593923e+00   3.793923e+00   7.930474e+00   4.130474e+00   8.027405e+00   4.227405e+00   4.014093e+00   2.140927e-01   4.467605e+00   6.676052e-01
1.1	   7.592819e+00   3.792819e+00   7.929777e+00   4.129777e+00   8.027291e+00   4.227291e+00   4.014158e+00   2.141584e-01   4.467260e+00   6.672599e-01
1.2	   7.592271e+00   3.792271e+00   7.929040e+00   4.129040e+00   8.027157e+00   4.227157e+00   4.014237e+00   2.142368e-01   4.465773e+00   6.657729e-01
1.3	   7.592512e+00   3.792512e+00   7.928289e+00   4.128289e+00   8.027003e+00   4.227003e+00   4.014326e+00   2.143260e-01   4.463606e+00   6.636060e-01
1.4	   7.593739e+00   3.793739e+00   7.927558e+00   4.127558e+00   8.026829e+00   4.226829e+00   4.014427e+00   2.144268e-01   4.464684e+00   6.646845e-01
1.5	   7.596082e+00   3.796082e+00   7.926884e+00   4.126884e+00   8.026638e+00   4.226638e+00   4.014534e+00   2.145339e-01   4.460806e+00   6.608062e-01
1.6	   7.599577e+00   3.799577e+00   7.926319e+00   4.126319e+00   8.026432e+00   4.226432e+00   4.014643e+00   2.146435e-01   4.455506e+00   6.555059e-01
1.7	   7.604131e+00   3.804131e+00   7.925924e+00   4.125924e+00   8.026216e+00   4.226216e+00   4.014754e+00   2.147539e-01   4.451432e+00   6.514323e-01
1.8	   7.609507e+00   3.809507e+00   7.925763e+00   4.125763e+00   8.025997e+00   4.225997e+00   4.014855e+00   2.148551e-01   4.448047e+00   6.480467e-01
1.9	   7.615296e+00   3.815296e+00   7.925889e+00   4.125889e+00   8.025781e+00   4.225781e+00   4.014940e+00   2.149403e-01   4.446058e+00   6.460583e-01
2	   7.621032e+00   3.821032e+00   7.926355e+00   4.126355e+00   8.025577e+00   4.225577e+00   4.015001e+00   2.150013e-01   4.445336e+00   6.453362e-01
2.1	   7.626245e+00   3.826245e+00   7.927220e+00   4.127220e+00   8.025396e+00   4.225396e+00   4.015034e+00   2.150345e-01   4.444807e+00   6.448066e-01
2.2	   7.630533e+00   3.830533e+00   7.928545e+00   4.128545e+00   8.025252e+00   4.225252e+00   4.015035e+00   2.150351e-01   4.444361e+00   6.443614e-01
2.3	   7.633537e+00   3.833537e+00   7.930375e+00   4.130375e+00   8.025160e+00   4.225160e+00   4.015000e+00   2.149996e-01   4.444085e+00   6.440852e-01
2.4	   7.634925e+00   3.834925e+00   7.932730e+00   4.132730e+00   8.025138e+00   4.225138e+00   4.014930e+00   2.149298e-01   4.443872e+00   6.438723e-01
2.5	   7.634410e+00   3.834410e+00   7.935605e+00   4.135605e+00   8.025201e+00   4.225201e+00   4.014828e+00   2.148282e-01   4.443717e+00   6.437175e-01
2.6	   7.631802e+00   3.831802e+00   7.938959e+00   4.138959e+00   8.025368e+00   4.225368e+00   4.014701e+00   2.147015e-01   4.443621e+00   6.436212e-01
2.7	   7.627121e+00   3.827121e+00   7.942724e+00   4.142724e+00   8.025655e+00   4.225655e+00   4.014559e+00   2.145594e-01   4.443581e+00   6.435814e-01
2.8	   7.620582e+00   3.820582e+00   7.946813e+00   4.146813e+00   8.026081e+00   4.226081e+00   4.014413e+00   2.144127e-01   4.443597e+00   6.435970e-01
2.9	   7.612493e+00   3.812493e+00   7.951093e+00   4.151093e+00   8.026664e+00   4.226664e+00   4.014271e+00   2.142709e-01   4.444102e+00   6.441018e-01
3	   7.603234e+00   3.803234e+00   7.955370e+00   4.155370e+00   8.027413e+00   4.227413e+00   4.014141e+00   2.141411e-01   4.444493e+00   6.444930e-01
3.1	   7.593340e+00   3.793340e+00   7.959421e+00   4.159421e+00   8.028340e+00   4.228340e+00   4.014026e+00   2.140255e-01   4.446488e+00   6.464875e-01
3.2	   7.583467e+00   3.783467e+00   7.963022e+00   4.163022e+00   8.029452e+00   4.229452e+00   4.013921e+00   2.139210e-01   4.447599e+00   6.475991e-01
3.3	   7.574160e+00   3.774160e+00   7.965880e+00   4.165880e+00   8.030747e+00   4.230747e+00   4.013822e+00   2.138220e-01   4.448648e+00   6.486478e-01
3.4	   7.565766e+00   3.765766e+00   7.967657e+00   4.167657e+00   8.032210e+00   4.232210e+00   4.013722e+00   2.137221e-01   4.449624e+00   6.496245e-01
3.5	   7.558873e+00   3.758873e+00   7.968076e+00   4.168076e+00   8.033827e+00   4.233827e+00   4.013615e+00   2.136148e-01   4.456316e+00   6.563159e-01
3.6	   7.554072e+00   3.754072e+00   7.966912e+00   4.166912e+00   8.035573e+00   4.235573e+00   4.013498e+00   2.134980e-01   4.457242e+00   6.572423e-01
3.7	   7.551759e+00   3.751759e+00   7.963956e+00   4.163956e+00   8.037414e+00   4.237414e+00   4.013380e+00   2.133802e-01   4.457984e+00   6.579840e-01
3.8	   7.552118e+00   3.752118e+00   7.959055e+00   4.159055e+00   8.039299e+00   4.239299e+00   4.013284e+00   2.132840e-01   4.455159e+00   6.551586e-01
3.9	   7.555237e+00   3.755237e+00   7.952173e+00   4.152173e+00   8.041168e+00   4.241168e+00   4.013247e+00   2.132474e-01   4.455329e+00   6.553289e-01
4	   7.561255e+00   3.761255e+00   7.943464e+00   4.143464e+00   8.042957e+00   4.242957e+00   4.013322e+00   2.133221e-01   4.455295e+00   6.552953e-01
4.1	   7.570079e+00   3.770079e+00   7.933207e+00   4.133207e+00   8.044594e+00   4.244594e+00   4.013566e+00   2.135660e-01   4.454724e+00   6.547241e-01
4.2	   7.581376e+00   3.781376e+00   7.921800e+00   4.121800e+00   8.045992e+00   4.245992e+00   4.014030e+00   2.140301e-01   4.453741e+00   6.537405e-01
4.3	   7.594716e+00   3.794716e+00   7.909807e+00   4.109807e+00   8.047066e+00   4.247066e+00   4.014745e+00   2.147454e-01   4.452296e+00   6.522961e-01
4.4	   7.609411e+00   3.809411e+00   7.897899e+00   4.097899e+00   8.047725e+00   4.247725e+00   4.015706e+00   2.157058e-01   4.451485e+00   6.514846e-01
4.5	   7.624808e+00   3.824808e+00   7.886889e+00   4.086889e+00   8.047889e+00   4.247889e+00   4.016860e+00   2.168599e-01   4.450893e+00   6.508932e-01
4.6	   7.640229e+00   3.840229e+00   7.877535e+00   4.077535e+00   8.047486e+00   4.247486e+00   4.018108e+00   2.181080e-01   4.450662e+00   6.506615e-01
4.7	   7.654514e+00   3.854514e+00   7.870570e+00   4.070570e+00   8.046451e+00   4.246451e+00   4.019315e+00   2.193148e-01   4.450557e+00   6.505569e-01
4.8	   7.666550e+00   3.866550e+00   7.866647e+00   4.066647e+00   8.044733e+00   4.244733e+00   4.020329e+00   2.203286e-01   4.450471e+00   6.504712e-01
4.9	   7.675661e+00   3.875661e+00   7.866347e+00   4.066347e+00   8.042311e+00   4.242311e+00   4.021022e+00   2.210219e-01   4.450386e+00   6.503858e-01
5	   7.681314e+00   3.881314e+00   7.870089e+00   4.070089e+00   8.039193e+00   4.239193e+00   4.021329e+00   2.213285e-01   4.450318e+00   6.503181e-01
5.1	   7.682365e+00   3.882365e+00   7.878047e+00   4.078047e+00   8.035413e+00   4.235413e+00   4.021264e+00   2.212639e-01   4.450269e+00   6.502688e-01
5.2	   7.677998e+00   3.877998e+00   7.890144e+00   4.090144e+00   8.031043e+00   4.231043e+00   4.020921e+00   2.209206e-01   4.450238e+00   6.502381e-01
5.3	   7.669482e+00   3.869482e+00   7.906071e+00   4.106071e+00   8.026195e+00   4.226195e+00   4.020427e+00   2.204270e-01   4.450225e+00   6.502252e-01
5.4	   7.657289e+00   3.857289e+00   7.925267e+00   4.125267e+00   8.021026e+00   4.221026e+00   4.019912e+00   2.199115e-01   4.450229e+00   6.502287e-01
5.5	   7.641894e+00   3.841894e+00   7.946800e+00   4.146800e+00   8.015716e+00   4.215716e+00   4.019461e+00   2.194610e-01   4.450246e+00   6.502463e-01
5.6	   7.624231e+00   3.824231e+00   7.969540e+00   4.169540e+00   8.010486e+00   4.210486e+00   4.019099e+00   2.190986e-01   4.450276e+00   6.502759e-01
5.7	   7.605405e+00   3.805405e+00   7.992345e+00   4.192345e+00   8.005589e+00   4.205589e+00   4.018780e+00   2.187802e-01   4.450315e+00   6.503149e-01
5.8	   7.586417e+00   3.786417e+00   8.013684e+00   4.213684e+00   8.001290e+00   4.201290e+00   4.018414e+00   2.184136e-01   4.450361e+00   6.503608e-01
5.9	   7.568207e+00   3.768207e+00   8.032026e+00   4.232026e+00   7.997877e+00   4.197877e+00   4.017897e+00   2.178968e-01   4.450411e+00   6.504111e-01
6	   7.551765e+00   3.751765e+00   8.046045e+00   4.246045e+00   7.995605e+00   4.195605e+00   4.017162e+00   2.171617e-01   4.450463e+00   6.504631e-01
6.1	   7.538095e+00   3.738095e+00   8.054644e+00   4.254644e+00   7.994718e+00   4.194718e+00   4.016209e+00   2.162094e-01   4.450514e+00   6.505144e-01
6.2	   7.527880e+00   3.727880e+00   8.056963e+00   4.256963e+00   7.995429e+00   4.195429e+00   4.015122e+00   2.151220e-01   4.450563e+00   6.505635e-01
6.3	   7.521420e+00   3.721420e+00   8.052484e+00   4.252484e+00   7.997907e+00   4.197907e+00   4.014033e+00   2.140329e-01   4.450609e+00   6.506090e-01
6.4	   7.519124e+00   3.719124e+00   8.041204e+00   4.241204e+00   8.002251e+00   4.202251e+00   4.013068e+00   2.130677e-01   4.450651e+00   6.506506e-01
6.5	   7.521271e+00   3.721271e+00   8.023622e+00   4.223622e+00   8.008479e+00   4.208479e+00   4.012282e+00   2.122819e-01   4.450688e+00   6.506879e-01
6.6	   7.527913e+00   3.727913e+00   8.000640e+00   4.200640e+00   8.016516e+00   4.216516e+00   4.011632e+00   2.116323e-01   4.450720e+00   6.507205e-01
6.7	   7.538727e+00   3.738727e+00   7.973544e+00   4.173544e+00   8.026177e+00   4.226177e+00   4.011002e+00   2.110016e-01   4.450748e+00   6.507484e-01
6.8	   7.553360e+00   3.753360e+00   7.943713e+00   4.143713e+00   8.037170e+00   4.237170e+00   4.010269e+00   2.102693e-01   4.450772e+00   6.507717e-01
6.9	   7.571109e+00   3.771109e+00   7.912774e+00   4.112774e+00   8.049091e+00   4.249091e+00   4.009390e+00   2.093904e-01   4.450790e+00   6.507898e-01
7	   7.591056e+00   3.791056e+00   7.882479e+00   4.082479e+00   8.061430e+00   4.261430e+00   4.008439e+00   2.084385e-01   4.450802e+00   6.508023e-01
7.1	   7.611884e+00   3.811884e+00   7.854339e+00   4.054339e+00   8.073626e+00   4.273626e+00   4.007584e+00   2.075842e-01   4.450809e+00   6.508086e-01
7.2	   7.632649e+00   3.832649e+00   7.829916e+00   4.029916e+00   8.084976e+00   4.284976e+00   4.007025e+00   2.070251e-01   4.450808e+00   6.508076e-01
7.3	   7.651963e+00   3.851963e+00   7.810478e+00   4.010478e+00   8.094749e+00   4.294749e+00   4.006902e+00   2.069020e-01   4.450799e+00   6.507994e-01
7.4	   7.668438e+00   3.868438e+00   7.797119e+00   3.997119e+00   8.102217e+00   4.302217e+00   4.007257e+00   2.072568e-01   4.450784e+00   6.507836e-01
7.5	   7.681858e+00   3.881858e+00   7.790659e+00   3.990659e+00   8.106710e+00   4.306710e+00   4.008049e+00   2.080494e-01   4.450760e+00   6.507600e-01
7.6	   7.691814e+00   3.891814e+00   7.791468e+00   3.991468e+00   8.107666e+00   4.307666e+00   4.009221e+00   2.092207e-01   4.450729e+00   6.507289e-01
7.7	   7.696681e+00   3.896681e+00   7.799827e+00   3.999827e+00   8.104677e+00   4.304677e+00   4.010748e+00   2.107479e-01   4.450691e+00   6.506909e-01
7.8	   7.695464e+00   3.895464e+00   7.815602e+00   4.015602e+00   8.097568e+00   4.297568e+00   4.012646e+00   2.126457e-01   4.450647e+00   6.506469e-01
7.9	   7.688041e+00   3.888041e+00   7.838169e+00   4.038169e+00   8.086416e+00   4.286416e+00   4.014927e+00   2.149272e-01   4.450599e+00   6.505986e-01
8	   7.675737e+00   3.875737e+00   7.866581e+00   4.066581e+00   8.071637e+00   4.271637e+00   4.017561e+00   2.175613e-01   4.450549e+00   6.505485e-01
8.1	   7.661192e+00   3.861192e+00   7.899766e+00   4.099766e+00   8.053796e+00   4.253796e+00   4.020465e+00   2.204648e-01   4.450499e+00   6.504986e-01
8.2	   7.643865e+00   3.843865e+00   7.936091e+00   4.136091e+00   8.033729e+00   4.233729e+00   4.023519e+00   2.235191e-01   4.450452e+00   6.504517e-01
8.3	   7.624769e+00   3.824769e+00   7.973578e+00   4.173578e+00   8.012449e+00   4.212449e+00   4.026597e+00   2.265967e-01   4.450410e+00   6.504104e-01
8.4	   7.604948e+00   3.804948e+00   8.010294e+00   4.210294e+00   7.991102e+00   4.191102e+00   4.029582e+00   2.295820e-01   4.450378e+00   6.503777e-01
8.5	   7.585360e+00   3.785360e+00   8.043823e+00   4.243823e+00   7.970951e+00   4.170951e+00   4.032362e+00   2.323616e-01   4.450356e+00   6.503560e-01
8.6	   7.566824e+00   3.766824e+00   8.072010e+00   4.272010e+00   7.952968e+00   4.152968e+00   4.034779e+00   2.347791e-01   4.450347e+00   6.503471e-01
8.7	   7.550281e+00   3.750281e+00   8.094243e+00   4.294243e+00   7.938213e+00   4.138213e+00   4.036691e+00   2.366906e-01   4.450353e+00   6.503525e-01
8.8	   7.536715e+00   3.736715e+00   8.107857e+00   4.307857e+00   7.927579e+00   4.127579e+00   4.037927e+00   2.379268e-01   4.450373e+00   6.503731e-01
8.9	   7.526742e+00   3.726742e+00   8.110199e+00   4.310199e+00   7.921770e+00   4.121770e+00   4.038311e+00   2.383110e-01   4.450409e+00   6.504087e-01
9	   7.520591e+00   3.720591e+00   8.100581e+00   4.300581e+00   7.921298e+00   4.121298e+00   4.037688e+00   2.376885e-01   4.450458e+00   6.504585e-01
9.1	   7.518574e+00   3.718574e+00   8.080748e+00   4.280748e+00   7.926455e+00   4.126455e+00   4.035961e+00   2.359607e-01   4.450521e+00   6.505205e-01
9.2	   7.520897e+00   3.720897e+00   8.054592e+00   4.254592e+00   7.937272e+00   4.137272e+00   4.033087e+00   2.330872e-01   4.450592e+00   6.505918e-01
9.3	   7.527562e+00   3.727562e+00   8.021848e+00   4.221848e+00   7.953496e+00   4.153496e+00   4.029104e+00   2.291039e-01   4.450669e+00   6.506686e-01
9.4	   7.538216e+00   3.738216e+00   7.984714e+00   4.184714e+00   7.974612e+00   4.174612e+00   4.024126e+00   2.241263e-01   4.450746e+00   6.507460e-01
9.5	   7.552503e+00   3.752503e+00   7.945513e+00   4.145513e+00   7.999877e+00   4.199877e+00   4.018343e+00   2.183435e-01   4.450818e+00   6.508185e-01
9.6	   7.569823e+00   3.769823e+00   7.906487e+00   4.106487e+00   8.028118e+00   4.228118e+00   4.012005e+00   2.120047e-01   4.450880e+00   6.508804e-01
9.7	   7.589386e+00   3.789386e+00   7.869865e+00   4.069865e+00   8.057914e+00   4.257914e+00   4.005397e+00   2.053973e-01   4.450927e+00   6.509265e-01
9.8	   7.610004e+00   3.810004e+00   7.837282e+00   4.037282e+00   8.087756e+00   4.287756e+00   3.998829e+00   1.988286e-01   4.450952e+00   6.509520e-01
9.9	   7.630777e+00   3.830777e+00   7.810381e+00   4.010381e+00   8.115812e+00   4.315812e+00   3.992638e+00   1.926381e-01   4.450953e+00   6.509531e-01
10	   7.650362e+00   3.850362e+00   7.790423e+00   3.990423e+00   8.140180e+00   4.340180e+00   3.987133e+00   1.871328e-01   4.450928e+00   6.509281e-01
10.1	   7.667244e+00   3.867244e+00   7.778269e+00   3.978269e+00   8.159150e+00   4.359150e+00   3.982616e+00   1.826163e-01   4.450878e+00   6.508781e-01
10.2	   7.681016e+00   3.881016e+00   7.774203e+00   3.974203e+00   8.171571e+00   4.371571e+00   3.979390e+00   1.793899e-01   4.450806e+00   6.508058e-01
10.3	   7.691410e+00   3.891410e+00   7.778210e+00   3.978210e+00   8.176137e+00   4.376137e+00   3.977717e+00   1.777168e-01   4.450715e+00   6.507145e-01
10.4	   7.696792e+00   3.896792e+00   7.790314e+00   3.990314e+00   8.171713e+00   4.371713e+00   3.977809e+00   1.778094e-01   4.450609e+00   6.506091e-01
10.5	   7.696135e+00   3.896135e+00   7.810251e+00   4.010251e+00   8.159419e+00   4.359419e+00   3.979807e+00   1.798067e-01   4.450495e+00   6.504947e-01
10.6	   7.689243e+00   3.889243e+00   7.836839e+00   4.036839e+00   8.139543e+00   4.339543e+00   3.983762e+00   1.837622e-01   4.450377e+00   6.503772e-01
10.7	   7.677181e+00   3.877181e+00   7.868770e+00   4.068770e+00   8.113268e+00   4.313268e+00   3.989651e+00   1.896515e-01   4.450263e+00   6.502631e-01
10.8	   7.662903e+00   3.862903e+00   7.904704e+00   4.104704e+00   8.082267e+00   4.282267e+00   3.997325e+00   1.973253e-01   4.450158e+00   6.501585e-01
10.9	   7.645820e+00   3.845820e+00   7.942736e+00   4.142736e+00   8.048443e+00   4.248443e+00   4.006517e+00   2.065170e-01   4.450070e+00   6.500700e-01
11	   7.626881e+00   3.826881e+00   7.980831e+00   4.180831e+00   8.013684e+00   4.213684e+00   4.016844e+00   2.168436e-01   4.450003e+00   6.500029e-01
11.1	   7.607108e+00   3.807108e+00   8.017048e+00   4.217048e+00   7.979996e+00   4.179996e+00   4.027805e+00   2.278047e-01   4.449961e+00   6.499610e-01
11.2	   7.587492e+00   3.787492e+00   8.049199e+00   4.249199e+00   7.949139e+00   4.149139e+00   4.038843e+00   2.388430e-01   4.449948e+00   6.499477e-01
11.3	   7.568844e+00   3.768844e+00   8.075605e+00   4.275605e+00   7.922647e+00   4.122647e+00   4.049312e+00   2.493115e-01   4.449966e+00   6.499661e-01
11.4	   7.552085e+00   3.752085e+00   8.095859e+00   4.295859e+00   7.901826e+00   4.101826e+00   4.058518e+00   2.585178e-01   4.450018e+00   6.500181e-01
11.5	   7.538218e+00   3.738218e+00   8.107510e+00   4.307510e+00   7.887744e+00   4.087744e+00   4.065827e+00   2.658270e-01   4.450105e+00   6.501054e-01
11.6	   7.527907e+00   3.727907e+00   8.108520e+00   4.308520e+00   7.881027e+00   4.081027e+00   4.070687e+00   2.706871e-01   4.450229e+00   6.502288e-01
11.7	   7.521383e+00   3.721383e+00   8.098482e+00   4.298482e+00   7.882090e+00   4.082090e+00   4.072668e+00   2.726676e-01   4.450387e+00   6.503873e-01
11.8	   7.518953e+00   3.718953e+00   8.079155e+00   4.279155e+00   7.891040e+00   4.091040e+00   4.071512e+00   2.715122e-01   4.450578e+00   6.505782e-01
11.9	   7.520833e+00   3.720833e+00   8.053644e+00   4.253644e+00   7.907618e+00   4.107618e+00   4.067179e+00   2.671795e-01   4.450796e+00   6.507956e-01
12	   7.527049e+00   3.727049e+00   8.021759e+00   4.221759e+00   7.931176e+00   4.131176e+00   4.059848e+00   2.598482e-01   4.451031e+00   6.510308e-01
12.1	   7.537283e+00   3.737283e+00   7.985510e+00   4.185510e+00   7.960656e+00   4.160656e+00   4.049898e+00   2.498976e-01   4.451272e+00   6.512721e-01
12.2	   7.551172e+00   3.751172e+00   7.947090e+00   4.147090e+00   7.994761e+00   4.194761e+00   4.037913e+00   2.379126e-01   4.451505e+00   6.515055e-01
12.3	   7.568161e+00   3.768161e+00   7.908663e+00   4.108663e+00   8.031697e+00   4.231697e+00   4.024545e+00   2.245455e-01   4.451715e+00   6.517153e-01
12.4	   7.587479e+00   3.787479e+00   7.872432e+00   4.072432e+00   8.069403e+00   4.269403e+00   4.010511e+00   2.105112e-01   4.451883e+00   6.518828e-01
12.5	   7.607958e+00   3.807958e+00   7.840016e+00   4.040016e+00   8.105821e+00   4.305821e+00   3.996571e+00   1.965714e-01   4.451991e+00   6.519909e-01
12.6	   7.628677e+00   3.828677e+00   7.813041e+00   4.013041e+00   8.138526e+00   4.338526e+00   3.983537e+00   1.835372e-01   4.452026e+00   6.520263e-01
12.7	   7.648368e+00   3.848368e+00   7.792764e+00   3.992764e+00   8.165443e+00   4.365443e+00   3.972026e+00   1.720265e-01   4.451979e+00   6.519792e-01
12.8	   7.665478e+00   3.865478e+00   7.780078e+00   3.980078e+00   8.185839e+00   4.385839e+00   3.962680e+00   1.626804e-01   4.451848e+00   6.518476e-01
12.9	   7.679417e+00   3.879417e+00   7.775316e+00   3.975316e+00   8.197399e+00   4.397399e+00   3.956008e+00   1.560084e-01   4.451639e+00   6.516385e-01
13	   7.690109e+00   3.890109e+00   7.778494e+00   3.978494e+00   8.198080e+00   4.398080e+00   3.952403e+00   1.524028e-01   4.451365e+00   6.513650e-01
13.1	   7.695976e+00   3.895976e+00   7.789644e+00   3.989644e+00   8.187638e+00   4.387638e+00   3.952118e+00   1.521181e-01   4.451044e+00   6.510443e-01
13.2	   7.695928e+00   3.895928e+00   7.808625e+00   4.008625e+00   8.168574e+00   4.368574e+00   3.955249e+00   1.552495e-01   4.450698e+00   6.506979e-01
13.3	   7.689676e+00   3.889676e+00   7.834353e+00   4.034353e+00   8.142976e+00   4.342976e+00   3.961718e+00   1.617182e-01   4.450347e+00   6.503472e-01
13.4	   7.678088e+00   3.878088e+00   7.865612e+00   4.065612e+00   8.111493e+00   4.311493e+00   3.971263e+00   1.712631e-01   4.450012e+00   6.500116e-01
13.5	   7.664159e+00   3.864159e+00   7.901128e+00   4.101128e+00   8.076226e+00   4.276226e+00   3.983448e+00   1.834479e-01   4.449705e+00   6.497046e-01
13.6	   7.647418e+00   3.847418e+00   7.939103e+00   4.139103e+00   8.039275e+00   4.239275e+00   3.997756e+00   1.977561e-01   4.449438e+00   6.494383e-01
13.7	   7.628735e+00   3.828735e+00   7.977507e+00   4.177507e+00   8.002678e+00   4.202678e+00   4.013440e+00   2.134398e-01   4.449221e+00   6.492206e-01
13.8	   7.609114e+00   3.809114e+00   8.014397e+00   4.214397e+00   7.968458e+00   4.168458e+00   4.029647e+00   2.296475e-01   4.449056e+00   6.490559e-01
13.9	   7.589565e+00   3.789565e+00   8.047504e+00   4.247504e+00   7.938163e+00   4.138163e+00   4.045537e+00   2.455371e-01   4.448947e+00   6.489469e-01
14	   7.570886e+00   3.770886e+00   8.074992e+00   4.274992e+00   7.913198e+00   4.113198e+00   4.060119e+00   2.601185e-01   4.448897e+00   6.488966e-01
14.1	   7.553981e+00   3.753981e+00   8.096451e+00   4.296451e+00   7.894638e+00   4.094638e+00   4.072440e+00   2.724401e-01   4.448907e+00   6.489066e-01
14.2	   7.539868e+00   3.739868e+00   8.109329e+00   4.309329e+00   7.883260e+00   4.083260e+00   4.081707e+00   2.817075e-01   4.448982e+00   6.489816e-01
14.3	   7.529246e+00   3.729246e+00   8.111359e+00   4.311359e+00   7.879398e+00   4.079398e+00   4.087444e+00   2.874441e-01   4.449128e+00   6.491284e-01
14.4	   7.522370e+00   3.722370e+00   8.102008e+00   4.302008e+00   7.883175e+00   4.083175e+00   4.088910e+00   2.889098e-01   4.449357e+00   6.493572e-01
14.5	   7.519540e+00   3.719540e+00   8.082674e+00   4.282674e+00   7.894414e+00   4.094414e+00   4.085743e+00   2.857426e-01   4.449678e+00   6.496783e-01
14.6	   7.520985e+00   3.720985e+00   8.057367e+00   4.257367e+00   7.912599e+00   4.112599e+00   4.078743e+00   2.787434e-01   4.450098e+00   6.500980e-01
14.7	   7.526756e+00   3.726756e+00   8.025520e+00   4.225520e+00   7.936912e+00   4.136912e+00   4.068110e+00   2.681099e-01   4.450619e+00   6.506190e-01
14.8	   7.536583e+00   3.736583e+00   7.989106e+00   4.189106e+00   7.966238e+00   4.166238e+00   4.054539e+00   2.545391e-01   4.451235e+00   6.512348e-01
14.9	   7.550087e+00   3.750087e+00   7.950369e+00   4.150369e+00   7.999360e+00   4.199360e+00   4.038937e+00   2.389374e-01   4.451922e+00   6.519219e-01
15	   7.566756e+00   3.766756e+00   7.911479e+00   4.111479e+00   8.034612e+00   4.234612e+00   4.022254e+00   2.222541e-01   4.452644e+00   6.526445e-01
15.1	   7.585841e+00   3.785841e+00   7.874673e+00   4.074673e+00   8.070218e+00   4.270218e+00   4.005415e+00   2.054151e-01   4.453349e+00   6.533492e-01
15.2	   7.606202e+00   3.806202e+00   7.841661e+00   4.041661e+00   8.104416e+00   4.304416e+00   3.989370e+00   1.893703e-01   4.453970e+00   6.539704e-01
15.3	   7.626885e+00   3.826885e+00   7.814100e+00   4.014100e+00   8.135116e+00   4.335116e+00   3.974924e+00   1.749244e-01   4.454441e+00   6.544411e-01
15.4	   7.646698e+00   3.846698e+00   7.793300e+00   3.993300e+00   8.160477e+00   4.360477e+00   3.962789e+00   1.627886e-01   4.454702e+00   6.547018e-01
15.5	   7.664056e+00   3.864056e+00   7.780180e+00   3.980180e+00   8.179639e+00   4.379639e+00   3.953538e+00   1.535382e-01   4.454712e+00   6.547118e-01
15.6	   7.678232e+00   3.878232e+00   7.775071e+00   3.975071e+00   8.190983e+00   4.390983e+00   3.947590e+00   1.475899e-01   4.454459e+00   6.544594e-01
15.7	   7.689270e+00   3.889270e+00   7.777966e+00   3.977966e+00   8.192587e+00   4.392587e+00   3.945229e+00   1.452292e-01   4.453965e+00   6.539650e-01
15.8	   7.695645e+00   3.895645e+00   7.788831e+00   3.988831e+00   8.183886e+00   4.383886e+00   3.946531e+00   1.465309e-01   4.453278e+00   6.532778e-01
15.9	   7.696200e+00   3.896200e+00   7.807527e+00   4.007527e+00   8.166953e+00   4.366953e+00   3.951471e+00   1.514706e-01   4.452465e+00   6.524648e-01
16	   7.690556e+00   3.890556e+00   7.832934e+00   4.032934e+00   8.143200e+00   4.343200e+00   3.959821e+00   1.598210e-01   4.451603e+00   6.516025e-01
16.1	   7.679406e+00   3.879406e+00   7.863810e+00   4.063810e+00   8.113396e+00   4.313396e+00   3.971199e+00   1.711988e-01   4.450761e+00   6.507611e-01
16.2	   7.665687e+00   3.865687e+00   7.898869e+00   4.098869e+00   8.079462e+00   4.279462e+00   3.985062e+00   1.850615e-01   4.450000e+00   6.500002e-01
16.3	   7.649194e+00   3.849194e+00   7.936378e+00   4.136378e+00   8.043421e+00   4.243421e+00   4.000790e+00   2.007902e-01   4.449359e+00   6.493595e-01
16.4	   7.630647e+00   3.830647e+00   7.974342e+00   4.174342e+00   8.007270e+00   4.207270e+00   4.017555e+00   2.175553e-01   4.448860e+00   6.488604e-01
16.5	   7.611050e+00   3.811050e+00   8.010885e+00   4.210885e+00   7.973054e+00   4.173054e+00   4.034470e+00   2.344697e-01   4.448502e+00   6.485021e-01
16.6	   7.591431e+00   3.791431e+00   8.043810e+00   4.243810e+00   7.942420e+00   4.142420e+00   4.050676e+00   2.506756e-01   4.448269e+00   6.482692e-01
16.7	   7.572593e+00   3.772593e+00   8.071210e+00   4.271210e+00   7.916823e+00   4.116823e+00   4.065135e+00   2.651354e-01   4.448136e+00   6.481355e-01
16.8	   7.555433e+00   3.755433e+00   8.092659e+00   4.292659e+00   7.897398e+00   4.097398e+00   4.076941e+00   2.769405e-01   4.448077e+00   6.480767e-01
16.9	   7.540985e+00   3.740985e+00   8.105955e+00   4.305955e+00   7.885046e+00   4.085046e+00   4.085451e+00   2.854508e-01   4.448079e+00   6.480792e-01
17	   7.529991e+00   3.729991e+00   8.108819e+00   4.308819e+00   7.880148e+00   4.080148e+00   4.090122e+00   2.901220e-01   4.448146e+00   6.481463e-01
17.1	   7.522737e+00   3.722737e+00   8.100564e+00   4.300564e+00   7.882922e+00   4.082922e+00   4.090204e+00   2.902039e-01   4.448300e+00   6.483001e-01
17.2	   7.519516e+00   3.719516e+00   8.082412e+00   4.282412e+00   7.893280e+00   4.093280e+00   4.085674e+00   2.856737e-01   4.448575e+00   6.485752e-01
17.3	   7.520567e+00   3.720567e+00   8.058165e+00   4.258165e+00   7.910770e+00   4.110770e+00   4.077462e+00   2.774624e-01   4.449011e+00   6.490111e-01
17.4	   7.525953e+00   3.725953e+00   8.027340e+00   4.227340e+00   7.934614e+00   4.134614e+00   4.065785e+00   2.657851e-01   4.449642e+00   6.496417e-01
17.5	   7.535430e+00   3.735430e+00   7.991849e+00   4.191849e+00   7.963693e+00   4.163693e+00   4.051432e+00   2.514316e-01   4.450483e+00   6.504827e-01
17.6	   7.548603e+00   3.748603e+00   7.953912e+00   4.153912e+00   7.996753e+00   4.196753e+00   4.035381e+00   2.353809e-01   4.451523e+00   6.515234e-01
17.7	   7.564990e+00   3.764990e+00   7.915599e+00   4.115599e+00   8.032103e+00   4.232103e+00   4.018579e+00   2.185795e-01   4.452713e+00   6.527133e-01
17.8	   7.583843e+00   3.783843e+00   7.879111e+00   4.079111e+00   8.067901e+00   4.267901e+00   4.001968e+00   2.019678e-01   4.453964e+00   6.539644e-01
17.9	   7.604065e+00   3.804065e+00   7.846166e+00   4.046166e+00   8.102359e+00   4.302359e+00   3.986482e+00   1.864817e-01   4.455158e+00   6.551580e-01
18	   7.624659e+00   3.824659e+00   7.818375e+00   4.018375e+00   8.133366e+00   4.333366e+00   3.972841e+00   1.728405e-01   4.456161e+00   6.561609e-01
18.1	   7.644512e+00   3.844512e+00   7.797046e+00   3.997046e+00   8.159057e+00   4.359057e+00   3.961667e+00   1.616672e-01   4.456844e+00   6.568441e-01
18.2	   7.662036e+00   3.862036e+00   7.783151e+00   3.983151e+00   8.178507e+00   4.378507e+00   3.953399e+00   1.533991e-01   4.457109e+00   6.571092e-01
18.3	   7.676356e+00   3.876356e+00   7.777126e+00   3.977126e+00   8.190241e+00   4.390241e+00   3.948334e+00   1.483343e-01   4.456919e+00   6.569186e-01
18.4	   7.687639e+00   3.887639e+00   7.779019e+00   3.979019e+00   8.192294e+00   4.392294e+00   3.946667e+00   1.466667e-01   4.456296e+00   6.562958e-01
18.5	   7.694530e+00   3.894530e+00   7.788820e+00   3.988820e+00   8.184039e+00   4.384039e+00   3.948388e+00   1.483883e-01   4.455325e+00   6.553249e-01
18.6	   7.695813e+00   3.895813e+00   7.806476e+00   4.006476e+00   8.167441e+00   4.367441e+00   3.953421e+00   1.534213e-01   4.454130e+00   6.541303e-01
18.7	   7.690982e+00   3.890982e+00   7.830951e+00   4.030951e+00   8.144006e+00   4.344006e+00   3.961544e+00   1.615439e-01   4.452841e+00   6.528410e-01
18.8	   7.680534e+00   3.880534e+00   7.861043e+00   4.061043e+00   8.114467e+00   4.314467e+00   3.972417e+00   1.724167e-01   4.451584e+00   6.515845e-01
18.9	   7.667237e+00   3.867237e+00   7.895480e+00   4.095480e+00   8.080737e+00   4.280737e+00   3.985594e+00   1.855941e-01   4.450463e+00   6.504627e-01
19	   7.651216e+00   3.851216e+00   7.932580e+00   4.132580e+00   8.044843e+00   4.244843e+00   4.000565e+00   2.005652e-01   4.449543e+00   6.495433e-01
19.1	   7.633037e+00   3.833037e+00   7.970345e+00   4.170345e+00   8.008774e+00   4.208774e+00   4.016633e+00   2.166329e-01   4.448857e+00   6.488565e-01
19.2	   7.613701e+00   3.813701e+00   8.006892e+00   4.206892e+00   7.974556e+00   4.174556e+00   4.033007e+00   2.330068e-01   4.448395e+00   6.483954e-01
19.3	   7.594216e+00   3.794216e+00   8.040044e+00   4.240044e+00   7.943827e+00   4.143827e+00   4.048877e+00   2.488774e-01   4.448121e+00   6.481213e-01
19.4	   7.575378e+00   3.775378e+00   8.067808e+00   4.267808e+00   7.918023e+00   4.118023e+00   4.063253e+00   2.632528e-01   4.447982e+00   6.479817e-01
19.5	   7.558068e+00   3.758068e+00   8.089600e+00   4.289600e+00   7.898276e+00   4.098276e+00   4.075225e+00   2.752249e-01   4.447926e+00   6.479263e-01
19.6	   7.543306e+00   3.743306e+00   8.103563e+00   4.303563e+00   7.885482e+00   4.085482e+00   4.084061e+00   2.840612e-01   4.447921e+00   6.479211e-01
19.7	   7.531869e+00   3.731869e+00   8.107348e+00   4.307348e+00   7.880026e+00   4.080026e+00   4.089231e+00   2.892310e-01   4.447963e+00   6.479630e-01
19.8	   7.524096e+00   3.724096e+00   8.100101e+00   4.300101e+00   7.882134e+00   4.082134e+00   4.089919e+00   2.899194e-01   4.448081e+00   6.480809e-01
19.9	   7.520273e+00   3.720273e+00   8.082853e+00   4.282853e+00   7.891742e+00   4.091742e+00   4.085898e+00   2.858977e-01   4.448326e+00   6.483258e-01
20	   7.520661e+00   3.720661e+00   8.059345e+00   4.259345e+00   7.908440e+00   4.108440e+00   4.078047e+00   2.780472e-01   4.448756e+00   6.487558e-01
20.1	   7.525355e+00   3.725355e+00   8.029160e+00   4.229160e+00   7.931493e+00   4.131493e+00   4.066520e+00   2.665195e-01   4.449419e+00   6.494187e-01
20.2	   7.534166e+00   3.734166e+00   7.994153e+00   4.194153e+00   7.959844e+00   4.159844e+00   4.052071e+00   2.520707e-01   4.450335e+00   6.503348e-01
20.3	   7.546692e+00   3.746692e+00   7.956546e+00   4.156546e+00   7.992277e+00   4.192277e+00   4.035699e+00   2.356991e-01   4.451482e+00   6.514822e-01
20.4	   7.562491e+00   3.762491e+00   7.918379e+00   4.118379e+00   8.027207e+00   4.227207e+00   4.018447e+00   2.184468e-01   4.452792e+00   6.527924e-01
20.5	   7.580832e+00   3.780832e+00   7.881836e+00   4.081836e+00   8.062837e+00   4.262837e+00   4.001387e+00   2.013873e-01   4.454164e+00   6.541644e-01
20.6	   7.600692e+00   3.800692e+00   7.848669e+00   4.048669e+00   8.097417e+00   4.297417e+00   3.985586e+00   1.855862e-01   4.455463e+00   6.554632e-01
20.7	   7.621062e+00   3.821062e+00   7.820457e+00   4.020457e+00   8.128880e+00   4.328880e+00   3.971871e+00   1.718710e-01   4.456533e+00   6.565331e-01
20.8	   7.640918e+00   3.840918e+00   7.798524e+00   3.998524e+00   8.155318e+00   4.355318e+00   3.960910e+00   1.609101e-01   4.457231e+00   6.572306e-01
20.9	   7.658737e+00   3.858737e+00   7.783886e+00   3.983886e+00   8.175588e+00   4.375588e+00   3.953125e+00   1.531248e-01   4.457461e+00   6.574609e-01
21	   7.673477e+00   3.873477e+00   7.777009e+00   3.977009e+00   8.188517e+00   4.388517e+00   3.948692e+00   1.486921e-01   4.457194e+00   6.571945e-01
21.1	   7.685322e+00   3.885322e+00   7.777971e+00   3.977971e+00   8.192042e+00   4.392042e+00   3.947658e+00   1.476576e-01   4.456471e+00   6.564705e-01
21.2	   7.693168e+00   3.893168e+00   7.786726e+00   3.986726e+00   8.185311e+00   4.385311e+00   3.949830e+00   1.498298e-01   4.455395e+00   6.553950e-01
21.3	   7.695597e+00   3.895597e+00   7.803357e+00   4.003357e+00   8.169832e+00   4.369832e+00   3.954980e+00   1.549798e-01   4.454109e+00   6.541094e-01
21.4	   7.691819e+00   3.891819e+00   7.826877e+00   4.026877e+00   8.147515e+00   4.347515e+00   3.962874e+00   1.628739e-01   4.452756e+00   6.527563e-01
21.5	   7.682101e+00   3.882101e+00   7.856153e+00   4.056153e+00   8.118847e+00   4.318847e+00   3.973294e+00   1.732941e-01   4.451467e+00   6.514672e-01
21.6	   7.669042e+00   3.869042e+00   7.889938e+00   4.089938e+00   8.085652e+00   4.285652e+00   3.985972e+00   1.859723e-01   4.450340e+00   6.503399e-01
21.7	   7.653288e+00   3.853288e+00   7.926667e+00   4.126667e+00   8.049996e+00   4.249996e+00   4.000568e+00   2.005680e-01   4.449438e+00   6.494380e-01
21.8	   7.635224e+00   3.835224e+00   7.964390e+00   4.164390e+00   8.013803e+00   4.213803e+00   4.016450e+00   2.164504e-01   4.448779e+00   6.487786e-01
21.9	   7.615874e+00   3.815874e+00   8.001236e+00   4.201236e+00   7.979109e+00   4.179109e+00   4.032841e+00   2.328411e-01   4.448346e+00   6.483457e-01
22	   7.596251e+00   3.796251e+00   8.035110e+00   4.235110e+00   7.947653e+00   4.147653e+00   4.048906e+00   2.489059e-01   4.448096e+00   6.480958e-01
22.1	   7.577160e+00   3.777160e+00   8.063941e+00   4.263941e+00   7.920904e+00   4.120904e+00   4.063587e+00   2.635871e-01   4.447973e+00   6.479733e-01
22.2	   7.559481e+00   3.759481e+00   8.086876e+00   4.286876e+00   7.900078e+00   4.100078e+00   4.075867e+00   2.758665e-01   4.447928e+00   6.479279e-01
22.3	   7.544253e+00   3.744253e+00   8.102500e+00   4.302500e+00   7.886133e+00   4.086133e+00   4.084931e+00   2.849314e-01   4.447931e+00   6.479314e-01
22.4	   7.532299e+00   3.732299e+00   8.108251e+00   4.308251e+00   7.879554e+00   4.079554e+00   4.090158e+00   2.901581e-01   4.447988e+00   6.479876e-01
22.5	   7.523994e+00   3.723994e+00   8.102938e+00   4.302938e+00   7.880621e+00   4.080621e+00   4.090644e+00   2.906444e-01   4.448130e+00   6.481299e-01
22.6	   7.519627e+00   3.719627e+00   8.087182e+00   4.287182e+00   7.889314e+00   4.089314e+00   4.086187e+00   2.861873e-01   4.448410e+00   6.484102e-01
22.7	   7.519478e+00   3.719478e+00   8.064584e+00   4.264584e+00   7.905279e+00   4.105279e+00   4.077796e+00   2.777955e-01   4.448885e+00   6.488845e-01
22.8	   7.523670e+00   3.723670e+00   8.035318e+00   4.235318e+00   7.927808e+00   4.127808e+00   4.065651e+00   2.656515e-01   4.449594e+00   6.495940e-01
22.9	   7.532054e+00   3.732054e+00   8.000811e+00   4.200811e+00   7.955867e+00   4.155867e+00   4.050605e+00   2.506049e-01   4.450548e+00   6.505483e-01
23	   7.544239e+00   3.744239e+00   7.963282e+00   4.163282e+00   7.988222e+00   4.188222e+00   4.033766e+00   2.337658e-01   4.451715e+00   6.517155e-01
23.1	   7.559832e+00   3.759832e+00   7.924789e+00   4.124789e+00   8.023326e+00   4.223326e+00   4.016289e+00   2.162891e-01   4.453024e+00   6.530245e-01
23.2	   7.578128e+00   3.778128e+00   7.887526e+00   4.087526e+00   8.059361e+00   4.259361e+00   3.999305e+00   1.993046e-01   4.454364e+00   6.543636e-01
23.3	   7.598172e+00   3.798172e+00   7.853365e+00   4.053365e+00   8.094536e+00   4.294536e+00   3.983885e+00   1.838850e-01   4.455594e+00   6.555940e-01
23.4	   7.618915e+00   3.818915e+00   7.823897e+00   4.023897e+00   8.126785e+00   4.326785e+00   3.970805e+00   1.708048e-01   4.456575e+00   6.565747e-01
23.5	   7.639358e+00   3.839358e+00   7.800518e+00   4.000518e+00   8.154142e+00   4.354142e+00   3.960631e+00   1.606311e-01   4.457175e+00   6.571754e-01
23.6	   7.657939e+00   3.857939e+00   7.784365e+00   3.984365e+00   8.175382e+00   4.375382e+00   3.953634e+00   1.536343e-01   4.457312e+00   6.573121e-01
23.7	   7.673470e+00   3.873470e+00   7.775983e+00   3.975983e+00   8.189400e+00   4.389400e+00   3.949850e+00   1.498496e-01   4.456967e+00   6.569667e-01
23.8	   7.686133e+00   3.886133e+00   7.775518e+00   3.975518e+00   8.193987e+00   4.393987e+00   3.949182e+00   1.491815e-01   4.456186e+00   6.561856e-01
23.9	   7.694714e+00   3.894714e+00   7.782925e+00   3.982925e+00   8.188131e+00   4.388131e+00   3.951417e+00   1.514172e-01   4.455087e+00   6.550868e-01
24	   7.697654e+00   3.897654e+00   7.798379e+00   3.998379e+00   8.172943e+00   4.372943e+00   3.956394e+00   1.563936e-01   4.453804e+00   6.538044e-01
24.1	   7.694175e+00   3.894175e+00   7.821091e+00   4.021091e+00   8.151011e+00   4.351011e+00   3.963961e+00   1.639606e-01   4.452481e+00   6.524815e-01
24.2	   7.684545e+00   3.884545e+00   7.849939e+00   4.049939e+00   8.122490e+00   4.322490e+00   3.974008e+00   1.740075e-01   4.451238e+00   6.512378e-01
24.3	   7.671185e+00   3.871185e+00   7.883674e+00   4.083674e+00   8.089197e+00   4.289197e+00   3.986376e+00   1.863760e-01   4.450165e+00   6.501646e-01
24.4	   7.655381e+00   3.855381e+00   7.920797e+00   4.120797e+00   8.053276e+00   4.253276e+00   4.000798e+00   2.007983e-01   4.449315e+00   6.493149e-01
24.5	   7.637176e+00   3.837176e+00   7.959340e+00   4.159340e+00   8.016680e+00   4.216680e+00   4.016692e+00   2.166915e-01   4.448702e+00   6.487017e-01
24.6	   7.617593e+00   3.817593e+00   7.997339e+00   4.197339e+00   7.981503e+00   4.181503e+00   4.033230e+00   2.332301e-01   4.448305e+00   6.483053e-01
24.7	   7.597674e+00   3.797674e+00   8.032672e+00   4.232672e+00   7.949566e+00   4.149566e+00   4.049443e+00   2.494433e-01   4.448079e+00   6.480791e-01
24.8	   7.578264e+00   3.778264e+00   8.063136e+00   4.263136e+00   7.922349e+00   4.122349e+00   4.064160e+00   2.641597e-01   4.447970e+00   6.479695e-01
24.9	   7.560237e+00   3.760237e+00   8.087814e+00   4.287814e+00   7.901087e+00   4.101087e+00   4.076323e+00   2.763234e-01   4.447932e+00   6.479319e-01
25	   7.544639e+00   3.744639e+00   8.105301e+00   4.305301e+00   7.886719e+00   4.086719e+00   4.085118e+00   2.851183e-01   4.447942e+00   6.479424e-01
25.1	   7.532332e+00   3.732332e+00   8.112706e+00   4.312706e+00   7.879684e+00   4.079684e+00   4.089888e+00   2.898884e-01   4.448009e+00   6.480094e-01
25.2	   7.523708e+00   3.723708e+00   8.108567e+00   4.308567e+00   7.880215e+00   4.080215e+00   4.089806e+00   2.898064e-01   4.448170e+00   6.481695e-01
25.3	   7.519043e+00   3.719043e+00   8.093365e+00   4.293365e+00   7.888255e+00   4.088255e+00   4.084932e+00   2.849323e-01   4.448474e+00   6.484743e-01
25.4	   7.518613e+00   3.718613e+00   8.070386e+00   4.270386e+00   7.903458e+00   4.103458e+00   4.076190e+00   2.761895e-01   4.448976e+00   6.489761e-01
25.5	   7.522550e+00   3.722550e+00   8.041082e+00   4.241082e+00   7.925157e+00   4.125157e+00   4.063928e+00   2.639278e-01   4.449714e+00   6.497135e-01
25.6	   7.530734e+00   3.730734e+00   8.006228e+00   4.206228e+00   7.952397e+00   4.152397e+00   4.049045e+00   2.490447e-01   4.450691e+00   6.506907e-01
25.7	   7.542776e+00   3.742776e+00   7.968061e+00   4.168061e+00   7.984022e+00   4.184022e+00   4.032663e+00   2.326627e-01   4.451874e+00   6.518745e-01
25.8	   7.558302e+00   3.758302e+00   7.928720e+00   4.128720e+00   8.018624e+00   4.218624e+00   4.015877e+00   2.158773e-01   4.453186e+00   6.531864e-01
25.9	   7.576629e+00   3.776629e+00   7.890425e+00   4.090425e+00   8.054471e+00   4.254471e+00   3.999754e+00   1.997536e-01   4.454516e+00   6.545155e-01
26	   7.596831e+00   3.796831e+00   7.855141e+00   4.055141e+00   8.089818e+00   4.289818e+00   3.985258e+00   1.852579e-01   4.455727e+00   6.557271e-01
26.1	   7.617801e+00   3.817801e+00   7.824466e+00   4.024466e+00   8.122675e+00   4.322675e+00   3.973005e+00   1.730054e-01   4.456679e+00   6.566786e-01
26.2	   7.638566e+00   3.838566e+00   7.799877e+00   3.999877e+00   8.151024e+00   4.351024e+00   3.963413e+00   1.634129e-01   4.457243e+00   6.572434e-01
26.3	   7.657540e+00   3.857540e+00   7.782582e+00   3.982582e+00   8.173473e+00   4.373473e+00   3.956656e+00   1.566555e-01   4.457343e+00   6.573434e-01
26.4	   7.673448e+00   3.873448e+00   7.773195e+00   3.973195e+00   8.189092e+00   4.389092e+00   3.952730e+00   1.527302e-01   4.456967e+00   6.569670e-01
26.5	   7.686468e+00   3.886468e+00   7.771883e+00   3.971883e+00   8.195538e+00   4.395538e+00   3.951577e+00   1.515767e-01   4.456167e+00   6.561672e-01
26.6	   7.695340e+00   3.895340e+00   7.778624e+00   3.978624e+00   8.191500e+00   4.391500e+00   3.953143e+00   1.531428e-01   4.455054e+00   6.550539e-01
26.7	   7.698468e+00   3.898468e+00   7.793550e+00   3.993550e+00   8.177389e+00   4.377389e+00   3.957419e+00   1.574190e-01   4.453765e+00   6.537649e-01
26.8	   7.695144e+00   3.895144e+00   7.816133e+00   4.016133e+00   8.156554e+00   4.356554e+00   3.964405e+00   1.644053e-01   4.452439e+00   6.524386e-01
26.9	   7.685648e+00   3.885648e+00   7.845162e+00   4.045162e+00   8.128845e+00   4.328845e+00   3.974023e+00   1.740231e-01   4.451195e+00   6.511947e-01
27	   7.672226e+00   3.872226e+00   7.879349e+00   4.079349e+00   8.095980e+00   4.295980e+00   3.986044e+00   1.860440e-01   4.450124e+00   6.501238e-01
27.1	   7.656481e+00   3.856481e+00   7.917190e+00   4.117190e+00   8.060125e+00   4.260125e+00   4.000098e+00   2.000980e-01   4.449279e+00   6.492786e-01
27.2	   7.638278e+00   3.838278e+00   7.956674e+00   4.156674e+00   8.023294e+00   4.223294e+00   4.015507e+00   2.155071e-01   4.448672e+00   6.486719e-01
27.3	   7.618632e+00   3.818632e+00   7.995743e+00   4.195743e+00   7.987603e+00   4.187603e+00   4.031447e+00   2.314470e-01   4.448281e+00   6.482814e-01
27.4	   7.598594e+00   3.798594e+00   8.032242e+00   4.232242e+00   7.955000e+00   4.155000e+00   4.047032e+00   2.470324e-01   4.448060e+00   6.480604e-01
27.5	   7.579043e+00   3.779043e+00   8.063911e+00   4.263911e+00   7.926964e+00   4.126964e+00   4.061193e+00   2.611931e-01   4.447955e+00   6.479552e-01
27.6	   7.560838e+00   3.760838e+00   8.089938e+00   4.289938e+00   7.904763e+00   4.104763e+00   4.072916e+00   2.729159e-01   4.447919e+00   6.479195e-01
27.7	   7.545022e+00   3.745022e+00   8.108865e+00   4.308865e+00   7.889316e+00   4.089316e+00   4.081346e+00   2.813462e-01   4.447929e+00   6.479286e-01
27.8	   7.532495e+00   3.732495e+00   8.117606e+00   4.317606e+00   7.881061e+00   4.081061e+00   4.085951e+00   2.859506e-01   4.447991e+00   6.479907e-01
27.9	   7.523675e+00   3.723675e+00   8.114538e+00   4.314538e+00   7.880187e+00   4.080187e+00   4.086099e+00   2.860995e-01   4.448143e+00   6.481431e-01
28	   7.518831e+00   3.718831e+00   8.100025e+00   4.300025e+00   7.886633e+00   4.086633e+00   4.081878e+00   2.818780e-01   4.448438e+00   6.484384e-01
28.1	   7.518236e+00   3.718236e+00   8.076764e+00   4.276764e+00   7.900119e+00   4.100119e+00   4.073780e+00   2.737804e-01   4.448930e+00   6.489303e-01
28.2	   7.522041e+00   3.722041e+00   8.047763e+00   4.247763e+00   7.920069e+00   4.120069e+00   4.062317e+00   2.623170e-01   4.449660e+00   6.496599e-01
28.3	   7.530154e+00   3.730154e+00   8.012887e+00   4.212887e+00   7.945678e+00   4.145678e+00   4.048319e+00   2.483186e-01   4.450635e+00   6.506350e-01
28.4	   7.542176e+00   3.742176e+00   7.974311e+00   4.174311e+00   7.975908e+00   4.175908e+00   4.032828e+00   2.328281e-01   4.451827e+00   6.518269e-01
28.5	   7.557741e+00   3.757741e+00   7.934221e+00   4.134221e+00   8.009564e+00   4.209564e+00   4.016859e+00   2.168593e-01   4.453157e+00   6.531575e-01
28.6	   7.576173e+00   3.776173e+00   7.894833e+00   4.094833e+00   8.045001e+00   4.245001e+00   4.001431e+00   2.014311e-01   4.454514e+00   6.545136e-01
28.7	   7.596560e+00   3.796560e+00   7.858253e+00   4.058253e+00   8.080439e+00   4.280439e+00   3.987491e+00   1.874907e-01   4.455761e+00   6.557607e-01
28.8	   7.617727e+00   3.817727e+00   7.826102e+00   4.026102e+00   8.113998e+00   4.313998e+00   3.975649e+00   1.756491e-01   4.456752e+00   6.567520e-01
28.9	   7.638722e+00   3.838722e+00   7.799975e+00   3.999975e+00   8.143532e+00   4.343532e+00   3.966323e+00   1.663230e-01   4.457359e+00   6.573591e-01
29	   7.657965e+00   3.857965e+00   7.781194e+00   3.981194e+00   8.167279e+00   4.367279e+00   3.959703e+00   1.597034e-01   4.457498e+00   6.574977e-01
29.1	   7.674163e+00   3.874163e+00   7.770461e+00   3.970461e+00   8.184459e+00   4.384459e+00   3.955800e+00   1.558001e-01   4.457149e+00   6.571493e-01
29.2	   7.687526e+00   3.887526e+00   7.767958e+00   3.967958e+00   8.192927e+00   4.392927e+00   3.954541e+00   1.545408e-01   4.456364e+00   6.563641e-01
29.3	   7.696637e+00   3.896637e+00   7.773674e+00   3.973674e+00   8.191101e+00   4.391101e+00   3.955852e+00   1.558521e-01   4.455251e+00   6.552507e-01
29.4	   7.699812e+00   3.899812e+00   7.787624e+00   3.987624e+00   8.178992e+00   4.378992e+00   3.959696e+00   1.596962e-01   4.453949e+00   6.539487e-01
29.5	   7.696413e+00   3.896413e+00   7.809639e+00   4.009639e+00   8.159670e+00   4.359670e+00   3.966077e+00   1.660769e-01   4.452597e+00   6.525973e-01
29.6	   7.686779e+00   3.886779e+00   7.838372e+00   4.038372e+00   8.133395e+00   4.333395e+00   3.974961e+00   1.749607e-01   4.451321e+00   6.513213e-01
29.7	   7.673035e+00   3.873035e+00   7.872502e+00   4.072502e+00   8.101705e+00   4.301705e+00   3.986189e+00   1.861886e-01   4.450215e+00   6.502155e-01
29.8	   7.657105e+00   3.857105e+00   7.910547e+00   4.110547e+00   8.066748e+00   4.266748e+00   3.999455e+00   1.994546e-01   4.449337e+00   6.493372e-01
29.9	   7.638689e+00   3.838689e+00   7.950496e+00   4.150496e+00   8.030580e+00   4.230580e+00   4.014117e+00   2.141175e-01   4.448702e+00   6.487025e-01
30	   7.618816e+00   3.818816e+00   7.990232e+00   4.190232e+00   7.995268e+00   4.195268e+00   4.029368e+00   2.293680e-01   4.448292e+00   6.482920e-01
30.1	   7.598543e+00   3.798543e+00   8.027647e+00   4.227647e+00   7.962802e+00   4.162802e+00   4.044347e+00   2.443475e-01   4.448059e+00   6.480590e-01
30.2	   7.578797e+00   3.778797e+00   8.060434e+00   4.260434e+00   7.934564e+00   4.134564e+00   4.058065e+00   2.580647e-01   4.447948e+00   6.479478e-01
30.3	   7.560408e+00   3.760408e+00   8.087534e+00   4.287534e+00   7.911797e+00   4.111797e+00   4.069561e+00   2.695613e-01   4.447909e+00   6.479085e-01
30.4	   7.544410e+00   3.744410e+00   8.107921e+00   4.307921e+00   7.895334e+00   4.095334e+00   4.077988e+00   2.779878e-01   4.447912e+00   6.479123e-01
30.5	   7.531729e+00   3.731729e+00   8.118426e+00   4.318426e+00   7.885723e+00   4.085723e+00   4.082697e+00   2.826972e-01   4.447963e+00   6.479632e-01
30.6	   7.522778e+00   3.722778e+00   8.117146e+00   4.317146e+00   7.883099e+00   4.083099e+00   4.083209e+00   2.832092e-01   4.448097e+00   6.480975e-01
30.7	   7.517817e+00   3.717817e+00   8.104170e+00   4.304170e+00   7.887505e+00   4.087505e+00   4.079513e+00   2.795132e-01   4.448370e+00   6.483697e-01
30.8	   7.517092e+00   3.717092e+00   8.081531e+00   4.281531e+00   7.898811e+00   4.098811e+00   4.071918e+00   2.719180e-01   4.448836e+00   6.488365e-01
30.9	   7.520771e+00   3.720771e+00   8.053473e+00   4.253473e+00   7.916613e+00   4.116613e+00   4.060999e+00   2.609986e-01   4.449544e+00   6.495443e-01
31	   7.528791e+00   3.728791e+00   8.019180e+00   4.219180e+00   7.940281e+00   4.140281e+00   4.047556e+00   2.475564e-01   4.450507e+00   6.505070e-01
31.1	   7.540752e+00   3.740752e+00   7.980774e+00   4.180774e+00   7.968894e+00   4.168894e+00   4.032609e+00   2.326087e-01   4.451696e+00   6.516959e-01
31.2	   7.556302e+00   3.756302e+00   7.940488e+00   4.140488e+00   8.001407e+00   4.201407e+00   4.017156e+00   2.171556e-01   4.453040e+00   6.530401e-01
31.3	   7.574776e+00   3.774776e+00   7.900543e+00   4.100543e+00   8.036231e+00   4.236231e+00   4.002227e+00   2.022274e-01   4.454432e+00   6.544323e-01
31.4	   7.595285e+00   3.795285e+00   7.863154e+00   4.063154e+00   8.071522e+00   4.271522e+00   3.988775e+00   1.887746e-01   4.455734e+00   6.557337e-01
31.5	   7.616606e+00   3.816606e+00   7.829990e+00   4.029990e+00   8.105446e+00   4.305446e+00   3.977397e+00   1.773971e-01   4.456790e+00   6.567895e-01
31.6	   7.637796e+00   3.837796e+00   7.802720e+00   4.002720e+00   8.135780e+00   4.335780e+00   3.968490e+00   1.684903e-01   4.457465e+00   6.574648e-01
31.7	   7.657309e+00   3.857309e+00   7.782743e+00   3.982743e+00   8.160570e+00   4.360570e+00   3.962217e+00   1.622166e-01   4.457668e+00   6.576681e-01
31.8	   7.673810e+00   3.873810e+00   7.770858e+00   3.970858e+00   8.178805e+00   4.378805e+00   3.958535e+00   1.585350e-01   4.457368e+00   6.573679e-01
31.9	   7.687536e+00   3.887536e+00   7.767278e+00   3.967278e+00   8.188850e+00   4.388850e+00   3.957337e+00   1.573370e-01   4.456606e+00   6.566057e-01
32	   7.697128e+00   3.897128e+00   7.771986e+00   3.971986e+00   8.188974e+00   4.388974e+00   3.958533e+00   1.585327e-01   4.455494e+00   6.554943e-01
32.1	   7.700807e+00   3.900807e+00   7.784916e+00   3.984916e+00   8.178890e+00   4.378890e+00   3.962109e+00   1.621093e-01   4.454171e+00   6.541715e-01
32.2	   7.697859e+00   3.897859e+00   7.806068e+00   4.006068e+00   8.161285e+00   4.361285e+00   3.968084e+00   1.680845e-01   4.452789e+00   6.527893e-01
32.3	   7.688563e+00   3.888563e+00   7.834068e+00   4.034068e+00   8.136649e+00   4.336649e+00   3.976449e+00   1.764493e-01   4.451476e+00   6.514757e-01
32.4	   7.674755e+00   3.874755e+00   7.867600e+00   4.067600e+00   8.106408e+00   4.306408e+00   3.987102e+00   1.871020e-01   4.450333e+00   6.503325e-01
32.5	   7.658952e+00   3.858952e+00   7.905205e+00   4.105205e+00   8.072648e+00   4.272648e+00   3.999760e+00   1.997602e-01   4.449418e+00   6.494184e-01
32.6	   7.640564e+00   3.840564e+00   7.944946e+00   4.144946e+00   8.037412e+00   4.237412e+00   4.013816e+00   2.138164e-01   4.448752e+00   6.487521e-01
32.7	   7.620625e+00   3.820625e+00   7.984688e+00   4.184688e+00   8.002720e+00   4.202720e+00   4.028493e+00   2.284926e-01   4.448317e+00   6.483171e-01
32.8	   7.600189e+00   3.800189e+00   8.022402e+00   4.222402e+00   7.970516e+00   4.170516e+00   4.042965e+00   2.429649e-01   4.448069e+00   6.480690e-01
32.9	   7.580229e+00   3.780229e+00   8.055787e+00   4.255787e+00   7.942191e+00   4.142191e+00   4.056264e+00   2.562638e-01   4.447949e+00   6.479493e-01
33	   7.561564e+00   3.761564e+00   8.083471e+00   4.283471e+00   7.918942e+00   4.118942e+00   4.067438e+00   2.674383e-01   4.447905e+00   6.479051e-01
33.1	   7.545216e+00   3.745216e+00   8.104860e+00   4.304860e+00   7.901600e+00   4.101600e+00   4.075672e+00   2.756721e-01   4.447904e+00   6.479041e-01
33.2	   7.532146e+00   3.732146e+00   8.116896e+00   4.316896e+00   7.890732e+00   4.090732e+00   4.080309e+00   2.803093e-01   4.447947e+00   6.479466e-01
33.3	   7.522808e+00   3.722808e+00   8.117441e+00   4.317441e+00   7.886599e+00   4.086599e+00   4.080953e+00   2.809528e-01   4.448066e+00   6.480656e-01
33.4	   7.517468e+00   3.717468e+00   8.106266e+00   4.306266e+00   7.889319e+00   4.089319e+00   4.077488e+00   2.774877e-01   4.448314e+00   6.483138e-01
33.5	   7.516375e+00   3.716375e+00   8.084950e+00   4.284950e+00   7.898879e+00   4.098879e+00   4.070192e+00   2.701916e-01   4.448751e+00   6.487506e-01
33.6	   7.519711e+00   3.719711e+00   8.057966e+00   4.257966e+00   7.914990e+00   4.114990e+00   4.059640e+00   2.596403e-01   4.449424e+00   6.494237e-01
33.7	   7.527440e+00   3.727440e+00   8.024592e+00   4.224592e+00   7.937121e+00   4.137121e+00   4.046618e+00   2.466182e-01   4.450351e+00   6.503512e-01
33.8	   7.539174e+00   3.739174e+00   7.986679e+00   4.186679e+00   7.964409e+00   4.164409e+00   4.032109e+00   2.321092e-01   4.451513e+00   6.515134e-01
33.9	   7.554564e+00   3.754564e+00   7.946480e+00   4.146480e+00   7.995860e+00   4.195860e+00   4.017074e+00   2.170736e-01   4.452847e+00   6.528468e-01
34	   7.572966e+00   3.772966e+00   7.906203e+00   4.106203e+00   8.029940e+00   4.229940e+00   4.002518e+00   2.025176e-01   4.454243e+00   6.542426e-01
34.1	   7.593518e+00   3.793518e+00   7.868117e+00   4.068117e+00   8.064803e+00   4.264803e+00   3.989395e+00   1.893953e-01   4.455571e+00   6.555707e-01
34.2	   7.614972e+00   3.814972e+00   7.833996e+00   4.033996e+00   8.098629e+00   4.298629e+00   3.978312e+00   1.783124e-01   4.456680e+00   6.566801e-01
34.3	   7.636375e+00   3.836375e+00   7.805591e+00   4.005591e+00   8.129240e+00   4.329240e+00   3.969650e+00   1.696495e-01   4.457428e+00   6.574275e-01
34.4	   7.656214e+00   3.856214e+00   7.784371e+00   3.984371e+00   8.154638e+00   4.354638e+00   3.963578e+00   1.635776e-01   4.457710e+00   6.577097e-01
34.5	   7.673060e+00   3.873060e+00   7.771302e+00   3.971302e+00   8.173484e+00   4.373484e+00   3.960073e+00   1.600734e-01   4.457489e+00   6.574886e-01
34.6	   7.687116e+00   3.887116e+00   7.766661e+00   3.966661e+00   8.184613e+00   4.384613e+00   3.959028e+00   1.590278e-01   4.456797e+00   6.567966e-01
34.7	   7.697127e+00   3.897127e+00   7.770459e+00   3.970459e+00   8.186267e+00   4.386267e+00   3.960334e+00   1.603340e-01   4.455731e+00   6.557312e-01
34.8	   7.701231e+00   3.901231e+00   7.782602e+00   3.982602e+00   8.177923e+00   4.377923e+00   3.963929e+00   1.639293e-01   4.454431e+00   6.544312e-01
34.9	   7.698664e+00   3.898664e+00   7.803182e+00   4.003182e+00   8.161891e+00   4.361891e+00   3.969800e+00   1.698003e-01   4.453044e+00   6.530441e-01
35	   7.689680e+00   3.889680e+00   7.830859e+00   4.030859e+00   8.138737e+00   4.338737e+00   3.977922e+00   1.779215e-01   4.451706e+00   6.517061e-01
35.1	   7.675907e+00   3.875907e+00   7.864278e+00   4.064278e+00   8.109809e+00   4.309809e+00   3.988195e+00   1.881949e-01   4.450521e+00   6.505214e-01
35.2	   7.660241e+00   3.860241e+00   7.901954e+00   4.101954e+00   8.077108e+00   4.277108e+00   4.000359e+00   2.003595e-01   4.449559e+00   6.495594e-01
35.3	   7.641944e+00   3.841944e+00   7.941964e+00   4.141964e+00   8.042666e+00   4.242666e+00   4.013865e+00   2.138647e-01   4.448849e+00   6.488491e-01
35.4	   7.622049e+00   3.822049e+00   7.982125e+00   4.182125e+00   8.008457e+00   4.208457e+00   4.027961e+00   2.279606e-01   4.448376e+00   6.483762e-01
35.5	   7.601597e+00   3.801597e+00   8.020391e+00   4.220391e+00   7.976410e+00   4.176410e+00   4.041866e+00   2.418659e-01   4.448099e+00   6.480991e-01
35.6	   7.581603e+00   3.781603e+00   8.054428e+00   4.254428e+00   7.947961e+00   4.147961e+00   4.054673e+00   2.546735e-01   4.447961e+00   6.479613e-01
35.7	   7.562878e+00   3.762878e+00   8.082770e+00   4.282770e+00   7.924295e+00   4.124295e+00   4.065463e+00   2.654629e-01   4.447908e+00   6.479075e-01
35.8	   7.546403e+00   3.746403e+00   8.104909e+00   4.304909e+00   7.906277e+00   4.106277e+00   4.073446e+00   2.734455e-01   4.447900e+00   6.479001e-01
35.9	   7.533158e+00   3.733158e+00   8.117732e+00   4.317732e+00   7.894474e+00   4.094474e+00   4.077983e+00   2.779829e-01   4.447933e+00   6.479332e-01
36	   7.523643e+00   3.723643e+00   8.118965e+00   4.318965e+00   7.889218e+00   4.089218e+00   4.078662e+00   2.786617e-01   4.448035e+00   6.480346e-01
36.1	   7.518114e+00   3.718114e+00   8.108265e+00   4.308265e+00   7.890648e+00   4.090648e+00   4.075387e+00   2.753869e-01   4.448256e+00   6.482557e-01
36.2	   7.516816e+00   3.716816e+00   8.087135e+00   4.287135e+00   7.898815e+00   4.098815e+00   4.068404e+00   2.684036e-01   4.448657e+00   6.486566e-01
36.3	   7.519933e+00   3.719933e+00   8.060038e+00   4.260038e+00   7.913507e+00   4.113507e+00   4.058222e+00   2.582222e-01   4.449288e+00   6.492876e-01
36.4	   7.527450e+00   3.727450e+00   8.026606e+00   4.226606e+00   7.934272e+00   4.134272e+00   4.045584e+00   2.455843e-01   4.450175e+00   6.501747e-01
36.5	   7.538992e+00   3.738992e+00   7.988490e+00   4.188490e+00   7.960334e+00   4.160334e+00   4.031444e+00   2.314438e-01   4.451302e+00   6.513018e-01
36.6	   7.554193e+00   3.754193e+00   7.947990e+00   4.147990e+00   7.990746e+00   4.190746e+00   4.016743e+00   2.167433e-01   4.452611e+00   6.526110e-01
36.7	   7.572423e+00   3.772423e+00   7.907346e+00   4.107346e+00   8.024103e+00   4.224103e+00   4.002520e+00   2.025198e-01   4.454013e+00   6.540127e-01
36.8	   7.592829e+00   3.792829e+00   7.868861e+00   4.068861e+00   8.058580e+00   4.258580e+00   3.989718e+00   1.897180e-01   4.455372e+00   6.553716e-01
36.9	   7.614129e+00   3.814129e+00   7.834350e+00   4.034350e+00   8.092347e+00   4.292347e+00   3.978931e+00   1.789314e-01   4.456535e+00   6.565350e-01
37	   7.635334e+00   3.835334e+00   7.805577e+00   4.005577e+00   8.123292e+00   4.323292e+00   3.970548e+00   1.705483e-01   4.457362e+00   6.573617e-01
37.1	   7.654975e+00   3.854975e+00   7.784046e+00   3.984046e+00   8.149352e+00   4.349352e+00   3.964729e+00   1.647291e-01   4.457738e+00   6.577379e-01
37.2	   7.671559e+00   3.871559e+00   7.770718e+00   3.970718e+00   8.168951e+00   4.368951e+00   3.961450e+00   1.614503e-01   4.457610e+00   6.576101e-01
37.3	   7.685116e+00   3.885116e+00   7.765856e+00   3.965856e+00   8.181107e+00   4.381107e+00   3.960576e+00   1.605755e-01   4.457001e+00   6.570007e-01
37.4	   7.694702e+00   3.894702e+00   7.769474e+00   3.969474e+00   8.184102e+00   4.384102e+00   3.961969e+00   1.619687e-01   4.455997e+00   6.559965e-01
37.5	   7.698676e+00   3.898676e+00   7.781472e+00   3.981472e+00   8.177200e+00   4.377200e+00   3.965536e+00   1.655360e-01   4.454731e+00   6.547307e-01
37.6	   7.696355e+00   3.896355e+00   7.801933e+00   4.001933e+00   8.162375e+00   4.362375e+00   3.971243e+00   1.712426e-01   4.453347e+00   6.533473e-01
37.7	   7.687932e+00   3.887932e+00   7.829568e+00   4.029568e+00   8.140299e+00   4.340299e+00   3.979063e+00   1.790633e-01   4.451985e+00   6.519851e-01
37.8	   7.674913e+00   3.874913e+00   7.862979e+00   4.062979e+00   8.112268e+00   4.312268e+00   3.988940e+00   1.889397e-01   4.450758e+00   6.507580e-01
37.9	   7.659712e+00   3.859712e+00   7.900667e+00   4.100667e+00   8.080245e+00   4.280245e+00   4.000640e+00   2.006397e-01   4.449744e+00   6.497437e-01
38	   7.641862e+00   3.841862e+00   7.940722e+00   4.140722e+00   8.046285e+00   4.246285e+00   4.013654e+00   2.136541e-01   4.448979e+00   6.489786e-01
38.1	   7.622383e+00   3.822383e+00   7.980944e+00   4.180944e+00   8.012352e+00   4.212352e+00   4.027282e+00   2.272823e-01   4.448457e+00   6.484573e-01
38.2	   7.602290e+00   3.802290e+00   8.019287e+00   4.219287e+00   7.980384e+00   4.180384e+00   4.040795e+00   2.407948e-01   4.448145e+00   6.481446e-01
38.3	   7.582637e+00   3.782637e+00   8.053419e+00   4.253419e+00   7.951886e+00   4.151886e+00   4.053316e+00   2.533161e-01   4.447983e+00   6.479829e-01
38.4	   7.564210e+00   3.764210e+00   8.081812e+00   4.281812e+00   7.928030e+00   4.128030e+00   4.063932e+00   2.639321e-01   4.447915e+00   6.479154e-01
38.5	   7.547933e+00   3.747933e+00   8.104011e+00   4.304011e+00   7.909702e+00   4.109702e+00   4.071870e+00   2.718703e-01   4.447900e+00   6.478999e-01
38.6	   7.534781e+00   3.734781e+00   8.116960e+00   4.316960e+00   7.897464e+00   4.097464e+00   4.076484e+00   2.764838e-01   4.447923e+00   6.479231e-01
38.7	   7.525304e+00   3.725304e+00   8.118391e+00   4.318391e+00   7.891681e+00   4.091681e+00   4.077349e+00   2.773486e-01   4.448007e+00   6.480067e-01
38.8	   7.519728e+00   3.719728e+00   8.107936e+00   4.307936e+00   7.892482e+00   4.092482e+00   4.074337e+00   2.743373e-01   4.448199e+00   6.481985e-01
38.9	   7.518300e+00   3.718300e+00   8.087059e+00   4.287059e+00   7.899920e+00   4.099920e+00   4.067650e+00   2.676503e-01   4.448557e+00   6.485570e-01
39	   7.521209e+00   3.721209e+00   8.060181e+00   4.260181e+00   7.913800e+00   4.113800e+00   4.057769e+00   2.577692e-01   4.449135e+00   6.491354e-01
39.1	   7.528465e+00   3.728465e+00   8.026951e+00   4.226951e+00   7.933684e+00   4.133684e+00   4.045404e+00   2.454043e-01   4.449965e+00   6.499651e-01
39.2	   7.539716e+00   3.739716e+00   7.989018e+00   4.189018e+00   7.958826e+00   4.158826e+00   4.031479e+00   2.314792e-01   4.451042e+00   6.510422e-01
39.3	   7.554567e+00   3.754567e+00   7.948671e+00   4.148671e+00   7.988313e+00   4.188313e+00   4.016895e+00   2.168954e-01   4.452318e+00   6.523180e-01
39.4	   7.572408e+00   3.772408e+00   7.908145e+00   4.108145e+00   8.020809e+00   4.220809e+00   4.002687e+00   2.026867e-01   4.453705e+00   6.537053e-01
39.5	   7.592394e+00   3.792394e+00   7.869745e+00   4.069745e+00   8.054547e+00   4.254547e+00   3.989854e+00   1.898536e-01   4.455079e+00   6.550787e-01
39.6	   7.613235e+00   3.813235e+00   7.835290e+00   4.035290e+00   8.087726e+00   4.287726e+00   3.979042e+00   1.790420e-01   4.456284e+00   6.562843e-01
39.7	   7.633919e+00   3.833919e+00   7.806532e+00   4.006532e+00   8.118341e+00   4.318341e+00   3.970699e+00   1.706994e-01   4.457182e+00   6.571824e-01
39.8	   7.653055e+00   3.853055e+00   7.784973e+00   3.984973e+00   8.144323e+00   4.344323e+00   3.965004e+00   1.650037e-01   4.457652e+00   6.576522e-01
39.9	   7.669148e+00   3.869148e+00   7.771585e+00   3.971585e+00   8.163994e+00   4.363994e+00   3.961913e+00   1.619126e-01   4.457627e+00   6.576270e-01
40	   7.681949e+00   3.881949e+00   7.766633e+00   3.966633e+00   8.176420e+00   4.376420e+00   3.961246e+00   1.612464e-01   4.457112e+00   6.571121e-01
