           0.1	(   1.146642e+00   0.000000e+00 -4.802753e+00) (   5.733208e+00   0.000000e+00 -5.133327e+00) (   1.146642e+01   0.000000e+00 -5.227777e+00) (   1.719963e+01   0.000000e+00 -1.213889e+00) (   2.293283e+01   0.000000e+00 -1.633998e+00) 
0.2	(   1.146642e+00   0.000000e+00 -4.802605e+00) (   5.733208e+00   0.000000e+00 -5.133289e+00) (   1.146642e+01   0.000000e+00 -5.227773e+00) (   1.719963e+01   0.000000e+00 -1.213891e+00) (   2.293283e+01   0.000000e+00 -1.632521e+00) 
0.3	(   1.146642e+00   0.000000e+00 -4.802273e+00) (   5.733208e+00   0.000000e+00 -5.133205e+00) (   1.146642e+01   0.000000e+00 -5.227765e+00) (   1.719963e+01   0.000000e+00 -1.213897e+00) (   2.293283e+01   0.000000e+00 -1.636462e+00) 
0.4	(   1.146642e+00   0.000000e+00 -4.801706e+00) (   5.733208e+00   0.000000e+00 -5.133061e+00) (   1.146642e+01   0.000000e+00 -5.227749e+00) (   1.719963e+01   0.000000e+00 -1.213905e+00) (   2.293283e+01   0.000000e+00 -1.639335e+00) 
0.5	(   1.146642e+00   0.000000e+00 -4.800870e+00) (   5.733208e+00   0.000000e+00 -5.132842e+00) (   1.146642e+01   0.000000e+00 -5.227725e+00) (   1.719963e+01   0.000000e+00 -1.213920e+00) (   2.293283e+01   0.000000e+00 -1.651792e+00) 
0.6	(   1.146642e+00   0.000000e+00 -4.799760e+00) (   5.733208e+00   0.000000e+00 -5.132540e+00) (   1.146642e+01   0.000000e+00 -5.227690e+00) (   1.719963e+01   0.000000e+00 -1.213939e+00) (   2.293283e+01   0.000000e+00 -1.652353e+00) 
0.7	(   1.146642e+00   0.000000e+00 -4.798413e+00) (   5.733208e+00   0.000000e+00 -5.132150e+00) (   1.146642e+01   0.000000e+00 -5.227642e+00) (   1.719963e+01   0.000000e+00 -1.213963e+00) (   2.293283e+01   0.000000e+00 -1.649348e+00) 
0.8	(   1.146642e+00   0.000000e+00 -4.796905e+00) (   5.733208e+00   0.000000e+00 -5.131673e+00) (   1.146642e+01   0.000000e+00 -5.227580e+00) (   1.719963e+01   0.000000e+00 -1.213996e+00) (   2.293283e+01   0.000000e+00 -1.665162e+00) 
0.9	(   1.146642e+00   0.000000e+00 -4.795354e+00) (   5.733208e+00   0.000000e+00 -5.131111e+00) (   1.146642e+01   0.000000e+00 -5.227501e+00) (   1.719963e+01   0.000000e+00 -1.214039e+00) (   2.293283e+01   0.000000e+00 -1.665693e+00) 
1	(   1.146642e+00   0.000000e+00 -4.793923e+00) (   5.733208e+00   0.000000e+00 -5.130474e+00) (   1.146642e+01   0.000000e+00 -5.227405e+00) (   1.719963e+01   0.000000e+00 -1.214093e+00) (   2.293283e+01   0.000000e+00 -1.667605e+00) 
1.1	(   1.146642e+00   0.000000e+00 -4.792819e+00) (   5.733208e+00   0.000000e+00 -5.129777e+00) (   1.146642e+01   0.000000e+00 -5.227291e+00) (   1.719963e+01   0.000000e+00 -1.214158e+00) (   2.293283e+01   0.000000e+00 -1.667260e+00) 
1.2	(   1.146642e+00   0.000000e+00 -4.792271e+00) (   5.733208e+00   0.000000e+00 -5.129040e+00) (   1.146642e+01   0.000000e+00 -5.227157e+00) (   1.719963e+01   0.000000e+00 -1.214237e+00) (   2.293283e+01   0.000000e+00 -1.665773e+00) 
1.3	(   1.146642e+00   0.000000e+00 -4.792512e+00) (   5.733208e+00   0.000000e+00 -5.128289e+00) (   1.146642e+01   0.000000e+00 -5.227003e+00) (   1.719963e+01   0.000000e+00 -1.214326e+00) (   2.293283e+01   0.000000e+00 -1.663606e+00) 
1.4	(   1.146642e+00   0.000000e+00 -4.793739e+00) (   5.733208e+00   0.000000e+00 -5.127558e+00) (   1.146642e+01   0.000000e+00 -5.226829e+00) (   1.719963e+01   0.000000e+00 -1.214427e+00) (   2.293283e+01   0.000000e+00 -1.664684e+00) 
1.5	(   1.146642e+00   0.000000e+00 -4.796082e+00) (   5.733208e+00   0.000000e+00 -5.126884e+00) (   1.146642e+01   0.000000e+00 -5.226638e+00) (   1.719963e+01   0.000000e+00 -1.214534e+00) (   2.293283e+01   0.000000e+00 -1.660806e+00) 
1.6	(   1.146642e+00   0.000000e+00 -4.799577e+00) (   5.733208e+00   0.000000e+00 -5.126319e+00) (   1.146642e+01   0.000000e+00 -5.226432e+00) (   1.719963e+01   0.000000e+00 -1.214643e+00) (   2.293283e+01   0.000000e+00 -1.655506e+00) 
1.7	(   1.146642e+00   0.000000e+00 -4.804131e+00) (   5.733208e+00   0.000000e+00 -5.125924e+00) (   1.146642e+01   0.000000e+00 -5.226216e+00) (   1.719963e+01   0.000000e+00 -1.214754e+00) (   2.293283e+01   0.000000e+00 -1.651432e+00) 
1.8	(   1.146642e+00   0.000000e+00 -4.809507e+00) (   5.733208e+00   0.000000e+00 -5.125763e+00) (   1.146642e+01   0.000000e+00 -5.225997e+00) (   1.719963e+01   0.000000e+00 -1.214855e+00) (   2.293283e+01   0.000000e+00 -1.648047e+00) 
1.9	(   1.146642e+00   0.000000e+00 -4.815296e+00) (   5.733208e+00   0.000000e+00 -5.125889e+00) (   1.146642e+01   0.000000e+00 -5.225781e+00) (   1.719963e+01   0.000000e+00 -1.214940e+00) (   2.293283e+01   0.000000e+00 -1.646058e+00) 
2	(   1.146642e+00   0.000000e+00 -4.821032e+00) (   5.733208e+00   0.000000e+00 -5.126355e+00) (   1.146642e+01   0.000000e+00 -5.225577e+00) (   1.719963e+01   0.000000e+00 -1.215001e+00) (   2.293283e+01   0.000000e+00 -1.645336e+00) 
2.1	(   1.146642e+00   0.000000e+00 -4.826245e+00) (   5.733208e+00   0.000000e+00 -5.127220e+00) (   1.146642e+01   0.000000e+00 -5.225396e+00) (   1.719963e+01   0.000000e+00 -1.215034e+00) (   2.293283e+01   0.000000e+00 -1.644807e+00) 
2.2	(   1.146642e+00   0.000000e+00 -4.830533e+00) (   5.733208e+00   0.000000e+00 -5.128545e+00) (   1.146642e+01   0.000000e+00 -5.225252e+00) (   1.719963e+01   0.000000e+00 -1.215035e+00) (   2.293283e+01   0.000000e+00 -1.644361e+00) 
2.3	(   1.146642e+00   0.000000e+00 -4.833537e+00) (   5.733208e+00   0.000000e+00 -5.130375e+00) (   1.146642e+01   0.000000e+00 -5.225160e+00) (   1.719963e+01   0.000000e+00 -1.215000e+00) (   2.293283e+01   0.000000e+00 -1.644085e+00) 
2.4	(   1.146642e+00   0.000000e+00 -4.834925e+00) (   5.733208e+00   0.000000e+00 -5.132730e+00) (   1.146642e+01   0.000000e+00 -5.225138e+00) (   1.719963e+01   0.000000e+00 -1.214930e+00) (   2.293283e+01   0.000000e+00 -1.643872e+00) 
2.5	(   1.146642e+00   0.000000e+00 -4.834410e+00) (   5.733208e+00   0.000000e+00 -5.135605e+00) (   1.146642e+01   0.000000e+00 -5.225201e+00) (   1.719963e+01   0.000000e+00 -1.214828e+00) (   2.293283e+01   0.000000e+00 -1.643717e+00) 
2.6	(   1.146642e+00   0.000000e+00 -4.831802e+00) (   5.733208e+00   0.000000e+00 -5.138959e+00) (   1.146642e+01   0.000000e+00 -5.225368e+00) (   1.719963e+01   0.000000e+00 -1.214701e+00) (   2.293283e+01   0.000000e+00 -1.643621e+00) 
2.7	(   1.146642e+00   0.000000e+00 -4.827121e+00) (   5.733208e+00   0.000000e+00 -5.142724e+00) (   1.146642e+01   0.000000e+00 -5.225655e+00) (   1.719963e+01   0.000000e+00 -1.214559e+00) (   2.293283e+01   0.000000e+00 -1.643581e+00) 
2.8	(   1.146642e+00   0.000000e+00 -4.820582e+00) (   5.733208e+00   0.000000e+00 -5.146813e+00) (   1.146642e+01   0.000000e+00 -5.226081e+00) (   1.719963e+01   0.000000e+00 -1.214413e+00) (   2.293283e+01   0.000000e+00 -1.643597e+00) 
2.9	(   1.146642e+00   0.000000e+00 -4.812493e+00) (   5.733208e+00   0.000000e+00 -5.151093e+00) (   1.146642e+01   0.000000e+00 -5.226664e+00) (   1.719963e+01   0.000000e+00 -1.214271e+00) (   2.293283e+01   0.000000e+00 -1.644102e+00) 
3	(   1.146642e+00   0.000000e+00 -4.803234e+00) (   5.733208e+00   0.000000e+00 -5.155370e+00) (   1.146642e+01   0.000000e+00 -5.227413e+00) (   1.719963e+01   0.000000e+00 -1.214141e+00) (   2.293283e+01   0.000000e+00 -1.644493e+00) 
3.1	(   1.146642e+00   0.000000e+00 -4.793340e+00) (   5.733208e+00   0.000000e+00 -5.159421e+00) (   1.146642e+01   0.000000e+00 -5.228340e+00) (   1.719963e+01   0.000000e+00 -1.214026e+00) (   2.293283e+01   0.000000e+00 -1.646488e+00) 
3.2	(   1.146642e+00   0.000000e+00 -4.783467e+00) (   5.733208e+00   0.000000e+00 -5.163022e+00) (   1.146642e+01   0.000000e+00 -5.229452e+00) (   1.719963e+01   0.000000e+00 -1.213921e+00) (   2.293283e+01   0.000000e+00 -1.647599e+00) 
3.3	(   1.146642e+00   0.000000e+00 -4.774160e+00) (   5.733208e+00   0.000000e+00 -5.165880e+00) (   1.146642e+01   0.000000e+00 -5.230747e+00) (   1.719963e+01   0.000000e+00 -1.213822e+00) (   2.293283e+01   0.000000e+00 -1.648648e+00) 
3.4	(   1.146642e+00   0.000000e+00 -4.765766e+00) (   5.733208e+00   0.000000e+00 -5.167657e+00) (   1.146642e+01   0.000000e+00 -5.232210e+00) (   1.719963e+01   0.000000e+00 -1.213722e+00) (   2.293283e+01   0.000000e+00 -1.649624e+00) 
3.5	(   1.146642e+00   0.000000e+00 -4.758873e+00) (   5.733208e+00   0.000000e+00 -5.168076e+00) (   1.146642e+01   0.000000e+00 -5.233827e+00) (   1.719963e+01   0.000000e+00 -1.213615e+00) (   2.293283e+01   0.000000e+00 -1.656316e+00) 
3.6	(   1.146642e+00   0.000000e+00 -4.754072e+00) (   5.733208e+00   0.000000e+00 -5.166912e+00) (   1.146642e+01   0.000000e+00 -5.235573e+00) (   1.719963e+01   0.000000e+00 -1.213498e+00) (   2.293283e+01   0.000000e+00 -1.657242e+00) 
3.7	(   1.146642e+00   0.000000e+00 -4.751759e+00) (   5.733208e+00   0.000000e+00 -5.163956e+00) (   1.146642e+01   0.000000e+00 -5.237414e+00) (   1.719963e+01   0.000000e+00 -1.213380e+00) (   2.293283e+01   0.000000e+00 -1.657984e+00) 
3.8	(   1.146642e+00   0.000000e+00 -4.752118e+00) (   5.733208e+00   0.000000e+00 -5.159055e+00) (   1.146642e+01   0.000000e+00 -5.239299e+00) (   1.719963e+01   0.000000e+00 -1.213284e+00) (   2.293283e+01   0.000000e+00 -1.655159e+00) 
3.9	(   1.146642e+00   0.000000e+00 -4.755237e+00) (   5.733208e+00   0.000000e+00 -5.152173e+00) (   1.146642e+01   0.000000e+00 -5.241168e+00) (   1.719963e+01   0.000000e+00 -1.213247e+00) (   2.293283e+01   0.000000e+00 -1.655329e+00) 
4	(   1.146642e+00   0.000000e+00 -4.761255e+00) (   5.733208e+00   0.000000e+00 -5.143464e+00) (   1.146642e+01   0.000000e+00 -5.242957e+00) (   1.719963e+01   0.000000e+00 -1.213322e+00) (   2.293283e+01   0.000000e+00 -1.655295e+00) 
4.1	(   1.146642e+00   0.000000e+00 -4.770079e+00) (   5.733208e+00   0.000000e+00 -5.133207e+00) (   1.146642e+01   0.000000e+00 -5.244594e+00) (   1.719963e+01   0.000000e+00 -1.213566e+00) (   2.293283e+01   0.000000e+00 -1.654724e+00) 
4.2	(   1.146642e+00   0.000000e+00 -4.781376e+00) (   5.733208e+00   0.000000e+00 -5.121800e+00) (   1.146642e+01   0.000000e+00 -5.245992e+00) (   1.719963e+01   0.000000e+00 -1.214030e+00) (   2.293283e+01   0.000000e+00 -1.653741e+00) 
4.3	(   1.146642e+00   0.000000e+00 -4.794716e+00) (   5.733208e+00   0.000000e+00 -5.109807e+00) (   1.146642e+01   0.000000e+00 -5.247066e+00) (   1.719963e+01   0.000000e+00 -1.214745e+00) (   2.293283e+01   0.000000e+00 -1.652296e+00) 
4.4	(   1.146642e+00   0.000000e+00 -4.809411e+00) (   5.733208e+00   0.000000e+00 -5.097899e+00) (   1.146642e+01   0.000000e+00 -5.247725e+00) (   1.719963e+01   0.000000e+00 -1.215706e+00) (   2.293283e+01   0.000000e+00 -1.651485e+00) 
4.5	(   1.146642e+00   0.000000e+00 -4.824808e+00) (   5.733208e+00   0.000000e+00 -5.086889e+00) (   1.146642e+01   0.000000e+00 -5.247889e+00) (   1.719963e+01   0.000000e+00 -1.216860e+00) (   2.293283e+01   0.000000e+00 -1.650893e+00) 
4.6	(   1.146642e+00   0.000000e+00 -4.840229e+00) (   5.733208e+00   0.000000e+00 -5.077535e+00) (   1.146642e+01   0.000000e+00 -5.247486e+00) (   1.719963e+01   0.000000e+00 -1.218108e+00) (   2.293283e+01   0.000000e+00 -1.650662e+00) 
4.7	(   1.146642e+00   0.000000e+00 -4.854514e+00) (   5.733208e+00   0.000000e+00 -5.070570e+00) (   1.146642e+01   0.000000e+00 -5.246451e+00) (   1.719963e+01   0.000000e+00 -1.219315e+00) (   2.293283e+01   0.000000e+00 -1.650557e+00) 
4.8	(   1.146642e+00   0.000000e+00 -4.866550e+00) (   5.733208e+00   0.000000e+00 -5.066647e+00) (   1.146642e+01   0.000000e+00 -5.244733e+00) (   1.719963e+01   0.000000e+00 -1.220329e+00) (   2.293283e+01   0.000000e+00 -1.650471e+00) 
4.9	(   1.146642e+00   0.000000e+00 -4.875661e+00) (   5.733208e+00   0.000000e+00 -5.066347e+00) (   1.146642e+01   0.000000e+00 -5.242311e+00) (   1.719963e+01   0.000000e+00 -1.221022e+00) (   2.293283e+01   0.000000e+00 -1.650386e+00) 
5	(   1.146642e+00   0.000000e+00 -4.881314e+00) (   5.733208e+00   0.000000e+00 -5.070089e+00) (   1.146642e+01   0.000000e+00 -5.239193e+00) (   1.719963e+01   0.000000e+00 -1.221329e+00) (   2.293283e+01   0.000000e+00 -1.650318e+00) 
5.1	(   1.146642e+00   0.000000e+00 -4.882365e+00) (   5.733208e+00   0.000000e+00 -5.078047e+00) (   1.146642e+01   0.000000e+00 -5.235413e+00) (   1.719963e+01   0.000000e+00 -1.221264e+00) (   2.293283e+01   0.000000e+00 -1.650269e+00) 
5.2	(   1.146642e+00   0.000000e+00 -4.877998e+00) (   5.733208e+00   0.000000e+00 -5.090144e+00) (   1.146642e+01   0.000000e+00 -5.231043e+00) (   1.719963e+01   0.000000e+00 -1.220921e+00) (   2.293283e+01   0.000000e+00 -1.650238e+00) 
5.3	(   1.146642e+00   0.000000e+00 -4.869482e+00) (   5.733208e+00   0.000000e+00 -5.106071e+00) (   1.146642e+01   0.000000e+00 -5.226195e+00) (   1.719963e+01   0.000000e+00 -1.220427e+00) (   2.293283e+01   0.000000e+00 -1.650225e+00) 
5.4	(   1.146642e+00   0.000000e+00 -4.857289e+00) (   5.733208e+00   0.000000e+00 -5.125267e+00) (   1.146642e+01   0.000000e+00 -5.221026e+00) (   1.719963e+01   0.000000e+00 -1.219912e+00) (   2.293283e+01   0.000000e+00 -1.650229e+00) 
5.5	(   1.146642e+00   0.000000e+00 -4.841894e+00) (   5.733208e+00   0.000000e+00 -5.146800e+00) (   1.146642e+01   0.000000e+00 -5.215716e+00) (   1.719963e+01   0.000000e+00 -1.219461e+00) (   2.293283e+01   0.000000e+00 -1.650246e+00) 
5.6	(   1.146642e+00   0.000000e+00 -4.824231e+00) (   5.733208e+00   0.000000e+00 -5.169540e+00) (   1.146642e+01   0.000000e+00 -5.210486e+00) (   1.719963e+01   0.000000e+00 -1.219099e+00) (   2.293283e+01   0.000000e+00 -1.650276e+00) 
5.7	(   1.146642e+00   0.000000e+00 -4.805405e+00) (   5.733208e+00   0.000000e+00 -5.192345e+00) (   1.146642e+01   0.000000e+00 -5.205589e+00) (   1.719963e+01   0.000000e+00 -1.218780e+00) (   2.293283e+01   0.000000e+00 -1.650315e+00) 
5.8	(   1.146642e+00   0.000000e+00 -4.786417e+00) (   5.733208e+00   0.000000e+00 -5.213684e+00) (   1.146642e+01   0.000000e+00 -5.201290e+00) (   1.719963e+01   0.000000e+00 -1.218414e+00) (   2.293283e+01   0.000000e+00 -1.650361e+00) 
5.9	(   1.146642e+00   0.000000e+00 -4.768207e+00) (   5.733208e+00   0.000000e+00 -5.232026e+00) (   1.146642e+01   0.000000e+00 -5.197877e+00) (   1.719963e+01   0.000000e+00 -1.217897e+00) (   2.293283e+01   0.000000e+00 -1.650411e+00) 
6	(   1.146642e+00   0.000000e+00 -4.751765e+00) (   5.733208e+00   0.000000e+00 -5.246045e+00) (   1.146642e+01   0.000000e+00 -5.195605e+00) (   1.719963e+01   0.000000e+00 -1.217162e+00) (   2.293283e+01   0.000000e+00 -1.650463e+00) 
6.1	(   1.146642e+00   0.000000e+00 -4.738095e+00) (   5.733208e+00   0.000000e+00 -5.254644e+00) (   1.146642e+01   0.000000e+00 -5.194718e+00) (   1.719963e+01   0.000000e+00 -1.216209e+00) (   2.293283e+01   0.000000e+00 -1.650514e+00) 
6.2	(   1.146642e+00   0.000000e+00 -4.727880e+00) (   5.733208e+00   0.000000e+00 -5.256963e+00) (   1.146642e+01   0.000000e+00 -5.195429e+00) (   1.719963e+01   0.000000e+00 -1.215122e+00) (   2.293283e+01   0.000000e+00 -1.650563e+00) 
6.3	(   1.146642e+00   0.000000e+00 -4.721420e+00) (   5.733208e+00   0.000000e+00 -5.252484e+00) (   1.146642e+01   0.000000e+00 -5.197907e+00) (   1.719963e+01   0.000000e+00 -1.214033e+00) (   2.293283e+01   0.000000e+00 -1.650609e+00) 
6.4	(   1.146642e+00   0.000000e+00 -4.719124e+00) (   5.733208e+00   0.000000e+00 -5.241204e+00) (   1.146642e+01   0.000000e+00 -5.202251e+00) (   1.719963e+01   0.000000e+00 -1.213068e+00) (   2.293283e+01   0.000000e+00 -1.650651e+00) 
6.5	(   1.146642e+00   0.000000e+00 -4.721271e+00) (   5.733208e+00   0.000000e+00 -5.223622e+00) (   1.146642e+01   0.000000e+00 -5.208479e+00) (   1.719963e+01   0.000000e+00 -1.212282e+00) (   2.293283e+01   0.000000e+00 -1.650688e+00) 
6.6	(   1.146642e+00   0.000000e+00 -4.727913e+00) (   5.733208e+00   0.000000e+00 -5.200640e+00) (   1.146642e+01   0.000000e+00 -5.216516e+00) (   1.719963e+01   0.000000e+00 -1.211632e+00) (   2.293283e+01   0.000000e+00 -1.650720e+00) 
6.7	(   1.146642e+00   0.000000e+00 -4.738727e+00) (   5.733208e+00   0.000000e+00 -5.173544e+00) (   1.146642e+01   0.000000e+00 -5.226177e+00) (   1.719963e+01   0.000000e+00 -1.211002e+00) (   2.293283e+01   0.000000e+00 -1.650748e+00) 
6.8	(   1.146642e+00   0.000000e+00 -4.753360e+00) (   5.733208e+00   0.000000e+00 -5.143713e+00) (   1.146642e+01   0.000000e+00 -5.237170e+00) (   1.719963e+01   0.000000e+00 -1.210269e+00) (   2.293283e+01   0.000000e+00 -1.650772e+00) 
6.9	(   1.146642e+00   0.000000e+00 -4.771109e+00) (   5.733208e+00   0.000000e+00 -5.112774e+00) (   1.146642e+01   0.000000e+00 -5.249091e+00) (   1.719963e+01   0.000000e+00 -1.209390e+00) (   2.293283e+01   0.000000e+00 -1.650790e+00) 
7	(   1.146642e+00   0.000000e+00 -4.791056e+00) (   5.733208e+00   0.000000e+00 -5.082479e+00) (   1.146642e+01   0.000000e+00 -5.261430e+00) (   1.719963e+01   0.000000e+00 -1.208439e+00) (   2.293283e+01   0.000000e+00 -1.650802e+00) 
7.1	(   1.146642e+00   0.000000e+00 -4.811884e+00) (   5.733208e+00   0.000000e+00 -5.054339e+00) (   1.146642e+01   0.000000e+00 -5.273626e+00) (   1.719963e+01   0.000000e+00 -1.207584e+00) (   2.293283e+01   0.000000e+00 -1.650809e+00) 
7.2	(   1.146642e+00   0.000000e+00 -4.832649e+00) (   5.733208e+00   0.000000e+00 -5.029916e+00) (   1.146642e+01   0.000000e+00 -5.284976e+00) (   1.719963e+01   0.000000e+00 -1.207025e+00) (   2.293283e+01   0.000000e+00 -1.650808e+00) 
7.3	(   1.146642e+00   0.000000e+00 -4.851963e+00) (   5.733208e+00   0.000000e+00 -5.010478e+00) (   1.146642e+01   0.000000e+00 -5.294749e+00) (   1.719963e+01   0.000000e+00 -1.206902e+00) (   2.293283e+01   0.000000e+00 -1.650799e+00) 
7.4	(   1.146642e+00   0.000000e+00 -4.868438e+00) (   5.733208e+00   0.000000e+00 -4.997119e+00) (   1.146642e+01   0.000000e+00 -5.302217e+00) (   1.719963e+01   0.000000e+00 -1.207257e+00) (   2.293283e+01   0.000000e+00 -1.650784e+00) 
7.5	(   1.146642e+00   0.000000e+00 -4.881858e+00) (   5.733208e+00   0.000000e+00 -4.990659e+00) (   1.146642e+01   0.000000e+00 -5.306710e+00) (   1.719963e+01   0.000000e+00 -1.208049e+00) (   2.293283e+01   0.000000e+00 -1.650760e+00) 
7.6	(   1.146642e+00   0.000000e+00 -4.891814e+00) (   5.733208e+00   0.000000e+00 -4.991468e+00) (   1.146642e+01   0.000000e+00 -5.307666e+00) (   1.719963e+01   0.000000e+00 -1.209221e+00) (   2.293283e+01   0.000000e+00 -1.650729e+00) 
7.7	(   1.146642e+00   0.000000e+00 -4.896681e+00) (   5.733208e+00   0.000000e+00 -4.999827e+00) (   1.146642e+01   0.000000e+00 -5.304677e+00) (   1.719963e+01   0.000000e+00 -1.210748e+00) (   2.293283e+01   0.000000e+00 -1.650691e+00) 
7.8	(   1.146642e+00   0.000000e+00 -4.895464e+00) (   5.733208e+00   0.000000e+00 -5.015602e+00) (   1.146642e+01   0.000000e+00 -5.297568e+00) (   1.719963e+01   0.000000e+00 -1.212646e+00) (   2.293283e+01   0.000000e+00 -1.650647e+00) 
7.9	(   1.146642e+00   0.000000e+00 -4.888041e+00) (   5.733208e+00   0.000000e+00 -5.038169e+00) (   1.146642e+01   0.000000e+00 -5.286416e+00) (   1.719963e+01   0.000000e+00 -1.214927e+00) (   2.293283e+01   0.000000e+00 -1.650599e+00) 
8	(   1.146642e+00   0.000000e+00 -4.875737e+00) (   5.733208e+00   0.000000e+00 -5.066581e+00) (   1.146642e+01   0.000000e+00 -5.271637e+00) (   1.719963e+01   0.000000e+00 -1.217561e+00) (   2.293283e+01   0.000000e+00 -1.650549e+00) 
8.1	(   1.146642e+00   0.000000e+00 -4.861192e+00) (   5.733208e+00   0.000000e+00 -5.099766e+00) (   1.146642e+01   0.000000e+00 -5.253796e+00) (   1.719963e+01   0.000000e+00 -1.220465e+00) (   2.293283e+01   0.000000e+00 -1.650499e+00) 
8.2	(   1.146642e+00   0.000000e+00 -4.843865e+00) (   5.733208e+00   0.000000e+00 -5.136091e+00) (   1.146642e+01   0.000000e+00 -5.233729e+00) (   1.719963e+01   0.000000e+00 -1.223519e+00) (   2.293283e+01   0.000000e+00 -1.650452e+00) 
8.3	(   1.146642e+00   0.000000e+00 -4.824769e+00) (   5.733208e+00   0.000000e+00 -5.173578e+00) (   1.146642e+01   0.000000e+00 -5.212449e+00) (   1.719963e+01   0.000000e+00 -1.226597e+00) (   2.293283e+01   0.000000e+00 -1.650410e+00) 
8.4	(   1.146642e+00   0.000000e+00 -4.804948e+00) (   5.733208e+00   0.000000e+00 -5.210294e+00) (   1.146642e+01   0.000000e+00 -5.191102e+00) (   1.719963e+01   0.000000e+00 -1.229582e+00) (   2.293283e+01   0.000000e+00 -1.650378e+00) 
8.5	(   1.146642e+00   0.000000e+00 -4.785360e+00) (   5.733208e+00   0.000000e+00 -5.243823e+00) (   1.146642e+01   0.000000e+00 -5.170951e+00) (   1.719963e+01   0.000000e+00 -1.232362e+00) (   2.293283e+01   0.000000e+00 -1.650356e+00) 
8.6	(   1.146642e+00   0.000000e+00 -4.766824e+00) (   5.733208e+00   0.000000e+00 -5.272010e+00) (   1.146642e+01   0.000000e+00 -5.152968e+00) (   1.719963e+01   0.000000e+00 -1.234779e+00) (   2.293283e+01   0.000000e+00 -1.650347e+00) 
8.7	(   1.146642e+00   0.000000e+00 -4.750281e+00) (   5.733208e+00   0.000000e+00 -5.294243e+00) (   1.146642e+01   0.000000e+00 -5.138213e+00) (   1.719963e+01   0.000000e+00 -1.236691e+00) (   2.293283e+01   0.000000e+00 -1.650353e+00) 
8.8	(   1.146642e+00   0.000000e+00 -4.736715e+00) (   5.733208e+00   0.000000e+00 -5.307857e+00) (   1.146642e+01   0.000000e+00 -5.127579e+00) (   1.719963e+01   0.000000e+00 -1.237927e+00) (   2.293283e+01   0.000000e+00 -1.650373e+00) 
8.9	(   1.146642e+00   0.000000e+00 -4.726742e+00) (   5.733208e+00   0.000000e+00 -5.310199e+00) (   1.146642e+01   0.000000e+00 -5.121770e+00) (   1.719963e+01   0.000000e+00 -1.238311e+00) (   2.293283e+01   0.000000e+00 -1.650409e+00) 
9	(   1.146642e+00   0.000000e+00 -4.720591e+00) (   5.733208e+00   0.000000e+00 -5.300581e+00) (   1.146642e+01   0.000000e+00 -5.121298e+00) (   1.719963e+01   0.000000e+00 -1.237688e+00) (   2.293283e+01   0.000000e+00 -1.650458e+00) 
9.1	(   1.146642e+00   0.000000e+00 -4.718574e+00) (   5.733208e+00   0.000000e+00 -5.280748e+00) (   1.146642e+01   0.000000e+00 -5.126455e+00) (   1.719963e+01   0.000000e+00 -1.235961e+00) (   2.293283e+01   0.000000e+00 -1.650521e+00) 
9.2	(   1.146642e+00   0.000000e+00 -4.720897e+00) (   5.733208e+00   0.000000e+00 -5.254592e+00) (   1.146642e+01   0.000000e+00 -5.137272e+00) (   1.719963e+01   0.000000e+00 -1.233087e+00) (   2.293283e+01   0.000000e+00 -1.650592e+00) 
9.3	(   1.146642e+00   0.000000e+00 -4.727562e+00) (   5.733208e+00   0.000000e+00 -5.221848e+00) (   1.146642e+01   0.000000e+00 -5.153496e+00) (   1.719963e+01   0.000000e+00 -1.229104e+00) (   2.293283e+01   0.000000e+00 -1.650669e+00) 
9.4	(   1.146642e+00   0.000000e+00 -4.738216e+00) (   5.733208e+00   0.000000e+00 -5.184714e+00) (   1.146642e+01   0.000000e+00 -5.174612e+00) (   1.719963e+01   0.000000e+00 -1.224126e+00) (   2.293283e+01   0.000000e+00 -1.650746e+00) 
9.5	(   1.146642e+00   0.000000e+00 -4.752503e+00) (   5.733208e+00   0.000000e+00 -5.145513e+00) (   1.146642e+01   0.000000e+00 -5.199877e+00) (   1.719963e+01   0.000000e+00 -1.218343e+00) (   2.293283e+01   0.000000e+00 -1.650818e+00) 
9.6	(   1.146642e+00   0.000000e+00 -4.769823e+00) (   5.733208e+00   0.000000e+00 -5.106487e+00) (   1.146642e+01   0.000000e+00 -5.228118e+00) (   1.719963e+01   0.000000e+00 -1.212005e+00) (   2.293283e+01   0.000000e+00 -1.650880e+00) 
9.7	(   1.146642e+00   0.000000e+00 -4.789386e+00) (   5.733208e+00   0.000000e+00 -5.069865e+00) (   1.146642e+01   0.000000e+00 -5.257914e+00) (   1.719963e+01   0.000000e+00 -1.205397e+00) (   2.293283e+01   0.000000e+00 -1.650927e+00) 
9.8	(   1.146642e+00   0.000000e+00 -4.810004e+00) (   5.733208e+00   0.000000e+00 -5.037282e+00) (   1.146642e+01   0.000000e+00 -5.287756e+00) (   1.719963e+01   0.000000e+00 -1.198829e+00) (   2.293283e+01   0.000000e+00 -1.650952e+00) 
9.9	(   1.146642e+00   0.000000e+00 -4.830777e+00) (   5.733208e+00   0.000000e+00 -5.010381e+00) (   1.146642e+01   0.000000e+00 -5.315812e+00) (   1.719963e+01   0.000000e+00 -1.192638e+00) (   2.293283e+01   0.000000e+00 -1.650953e+00) 
10	(   1.146642e+00   0.000000e+00 -4.850362e+00) (   5.733208e+00   0.000000e+00 -4.990423e+00) (   1.146642e+01   0.000000e+00 -5.340180e+00) (   1.719963e+01   0.000000e+00 -1.187133e+00) (   2.293283e+01   0.000000e+00 -1.650928e+00) 
10.1	(   1.146642e+00   0.000000e+00 -4.867244e+00) (   5.733208e+00   0.000000e+00 -4.978269e+00) (   1.146642e+01   0.000000e+00 -5.359150e+00) (   1.719963e+01   0.000000e+00 -1.182616e+00) (   2.293283e+01   0.000000e+00 -1.650878e+00) 
10.2	(   1.146642e+00   0.000000e+00 -4.881016e+00) (   5.733208e+00   0.000000e+00 -4.974203e+00) (   1.146642e+01   0.000000e+00 -5.371571e+00) (   1.719963e+01   0.000000e+00 -1.179390e+00) (   2.293283e+01   0.000000e+00 -1.650806e+00) 
10.3	(   1.146642e+00   0.000000e+00 -4.891410e+00) (   5.733208e+00   0.000000e+00 -4.978210e+00) (   1.146642e+01   0.000000e+00 -5.376137e+00) (   1.719963e+01   0.000000e+00 -1.177717e+00) (   2.293283e+01   0.000000e+00 -1.650715e+00) 
10.4	(   1.146642e+00   0.000000e+00 -4.896792e+00) (   5.733208e+00   0.000000e+00 -4.990314e+00) (   1.146642e+01   0.000000e+00 -5.371713e+00) (   1.719963e+01   0.000000e+00 -1.177809e+00) (   2.293283e+01   0.000000e+00 -1.650609e+00) 
10.5	(   1.146642e+00   0.000000e+00 -4.896135e+00) (   5.733208e+00   0.000000e+00 -5.010251e+00) (   1.146642e+01   0.000000e+00 -5.359419e+00) (   1.719963e+01   0.000000e+00 -1.179807e+00) (   2.293283e+01   0.000000e+00 -1.650495e+00) 
10.6	(   1.146642e+00   0.000000e+00 -4.889243e+00) (   5.733208e+00   0.000000e+00 -5.036839e+00) (   1.146642e+01   0.000000e+00 -5.339543e+00) (   1.719963e+01   0.000000e+00 -1.183762e+00) (   2.293283e+01   0.000000e+00 -1.650377e+00) 
10.7	(   1.146642e+00   0.000000e+00 -4.877181e+00) (   5.733208e+00   0.000000e+00 -5.068770e+00) (   1.146642e+01   0.000000e+00 -5.313268e+00) (   1.719963e+01   0.000000e+00 -1.189651e+00) (   2.293283e+01   0.000000e+00 -1.650263e+00) 
10.8	(   1.146642e+00   0.000000e+00 -4.862903e+00) (   5.733208e+00   0.000000e+00 -5.104704e+00) (   1.146642e+01   0.000000e+00 -5.282267e+00) (   1.719963e+01   0.000000e+00 -1.197325e+00) (   2.293283e+01   0.000000e+00 -1.650158e+00) 
10.9	(   1.146642e+00   0.000000e+00 -4.845820e+00) (   5.733208e+00   0.000000e+00 -5.142736e+00) (   1.146642e+01   0.000000e+00 -5.248443e+00) (   1.719963e+01   0.000000e+00 -1.206517e+00) (   2.293283e+01   0.000000e+00 -1.650070e+00) 
11	(   1.146642e+00   0.000000e+00 -4.826881e+00) (   5.733208e+00   0.000000e+00 -5.180831e+00) (   1.146642e+01   0.000000e+00 -5.213684e+00) (   1.719963e+01   0.000000e+00 -1.216844e+00) (   2.293283e+01   0.000000e+00 -1.650003e+00) 
11.1	(   1.146642e+00   0.000000e+00 -4.807108e+00) (   5.733208e+00   0.000000e+00 -5.217048e+00) (   1.146642e+01   0.000000e+00 -5.179996e+00) (   1.719963e+01   0.000000e+00 -1.227805e+00) (   2.293283e+01   0.000000e+00 -1.649961e+00) 
11.2	(   1.146642e+00   0.000000e+00 -4.787492e+00) (   5.733208e+00   0.000000e+00 -5.249199e+00) (   1.146642e+01   0.000000e+00 -5.149139e+00) (   1.719963e+01   0.000000e+00 -1.238843e+00) (   2.293283e+01   0.000000e+00 -1.649948e+00) 
11.3	(   1.146642e+00   0.000000e+00 -4.768844e+00) (   5.733208e+00   0.000000e+00 -5.275605e+00) (   1.146642e+01   0.000000e+00 -5.122647e+00) (   1.719963e+01   0.000000e+00 -1.249312e+00) (   2.293283e+01   0.000000e+00 -1.649966e+00) 
11.4	(   1.146642e+00   0.000000e+00 -4.752085e+00) (   5.733208e+00   0.000000e+00 -5.295859e+00) (   1.146642e+01   0.000000e+00 -5.101826e+00) (   1.719963e+01   0.000000e+00 -1.258518e+00) (   2.293283e+01   0.000000e+00 -1.650018e+00) 
11.5	(   1.146642e+00   0.000000e+00 -4.738218e+00) (   5.733208e+00   0.000000e+00 -5.307510e+00) (   1.146642e+01   0.000000e+00 -5.087744e+00) (   1.719963e+01   0.000000e+00 -1.265827e+00) (   2.293283e+01   0.000000e+00 -1.650105e+00) 
11.6	(   1.146642e+00   0.000000e+00 -4.727907e+00) (   5.733208e+00   0.000000e+00 -5.308520e+00) (   1.146642e+01   0.000000e+00 -5.081027e+00) (   1.719963e+01   0.000000e+00 -1.270687e+00) (   2.293283e+01   0.000000e+00 -1.650229e+00) 
11.7	(   1.146642e+00   0.000000e+00 -4.721383e+00) (   5.733208e+00   0.000000e+00 -5.298482e+00) (   1.146642e+01   0.000000e+00 -5.082090e+00) (   1.719963e+01   0.000000e+00 -1.272668e+00) (   2.293283e+01   0.000000e+00 -1.650387e+00) 
11.8	(   1.146642e+00   0.000000e+00 -4.718953e+00) (   5.733208e+00   0.000000e+00 -5.279155e+00) (   1.146642e+01   0.000000e+00 -5.091040e+00) (   1.719963e+01   0.000000e+00 -1.271512e+00) (   2.293283e+01   0.000000e+00 -1.650578e+00) 
11.9	(   1.146642e+00   0.000000e+00 -4.720833e+00) (   5.733208e+00   0.000000e+00 -5.253644e+00) (   1.146642e+01   0.000000e+00 -5.107618e+00) (   1.719963e+01   0.000000e+00 -1.267179e+00) (   2.293283e+01   0.000000e+00 -1.650796e+00) 
12	(   1.146642e+00   0.000000e+00 -4.727049e+00) (   5.733208e+00   0.000000e+00 -5.221759e+00) (   1.146642e+01   0.000000e+00 -5.131176e+00) (   1.719963e+01   0.000000e+00 -1.259848e+00) (   2.293283e+01   0.000000e+00 -1.651031e+00) 
12.1	(   1.146642e+00   0.000000e+00 -4.737283e+00) (   5.733208e+00   0.000000e+00 -5.185510e+00) (   1.146642e+01   0.000000e+00 -5.160656e+00) (   1.719963e+01   0.000000e+00 -1.249898e+00) (   2.293283e+01   0.000000e+00 -1.651272e+00) 
12.2	(   1.146642e+00   0.000000e+00 -4.751172e+00) (   5.733208e+00   0.000000e+00 -5.147090e+00) (   1.146642e+01   0.000000e+00 -5.194761e+00) (   1.719963e+01   0.000000e+00 -1.237913e+00) (   2.293283e+01   0.000000e+00 -1.651505e+00) 
12.3	(   1.146642e+00   0.000000e+00 -4.768161e+00) (   5.733208e+00   0.000000e+00 -5.108663e+00) (   1.146642e+01   0.000000e+00 -5.231697e+00) (   1.719963e+01   0.000000e+00 -1.224545e+00) (   2.293283e+01   0.000000e+00 -1.651715e+00) 
12.4	(   1.146642e+00   0.000000e+00 -4.787479e+00) (   5.733208e+00   0.000000e+00 -5.072432e+00) (   1.146642e+01   0.000000e+00 -5.269403e+00) (   1.719963e+01   0.000000e+00 -1.210511e+00) (   2.293283e+01   0.000000e+00 -1.651883e+00) 
12.5	(   1.146642e+00   0.000000e+00 -4.807958e+00) (   5.733208e+00   0.000000e+00 -5.040016e+00) (   1.146642e+01   0.000000e+00 -5.305821e+00) (   1.719963e+01   0.000000e+00 -1.196571e+00) (   2.293283e+01   0.000000e+00 -1.651991e+00) 
12.6	(   1.146642e+00   0.000000e+00 -4.828677e+00) (   5.733208e+00   0.000000e+00 -5.013041e+00) (   1.146642e+01   0.000000e+00 -5.338526e+00) (   1.719963e+01   0.000000e+00 -1.183537e+00) (   2.293283e+01   0.000000e+00 -1.652026e+00) 
12.7	(   1.146642e+00   0.000000e+00 -4.848368e+00) (   5.733208e+00   0.000000e+00 -4.992764e+00) (   1.146642e+01   0.000000e+00 -5.365443e+00) (   1.719963e+01   0.000000e+00 -1.172026e+00) (   2.293283e+01   0.000000e+00 -1.651979e+00) 
12.8	(   1.146642e+00   0.000000e+00 -4.865478e+00) (   5.733208e+00   0.000000e+00 -4.980078e+00) (   1.146642e+01   0.000000e+00 -5.385839e+00) (   1.719963e+01   0.000000e+00 -1.162680e+00) (   2.293283e+01   0.000000e+00 -1.651848e+00) 
12.9	(   1.146642e+00   0.000000e+00 -4.879417e+00) (   5.733208e+00   0.000000e+00 -4.975316e+00) (   1.146642e+01   0.000000e+00 -5.397399e+00) (   1.719963e+01   0.000000e+00 -1.156008e+00) (   2.293283e+01   0.000000e+00 -1.651639e+00) 
13	(   1.146642e+00   0.000000e+00 -4.890109e+00) (   5.733208e+00   0.000000e+00 -4.978494e+00) (   1.146642e+01   0.000000e+00 -5.398080e+00) (   1.719963e+01   0.000000e+00 -1.152403e+00) (   2.293283e+01   0.000000e+00 -1.651365e+00) 
13.1	(   1.146642e+00   0.000000e+00 -4.895976e+00) (   5.733208e+00   0.000000e+00 -4.989644e+00) (   1.146642e+01   0.000000e+00 -5.387638e+00) (   1.719963e+01   0.000000e+00 -1.152118e+00) (   2.293283e+01   0.000000e+00 -1.651044e+00) 
13.2	(   1.146642e+00   0.000000e+00 -4.895928e+00) (   5.733208e+00   0.000000e+00 -5.008625e+00) (   1.146642e+01   0.000000e+00 -5.368574e+00) (   1.719963e+01   0.000000e+00 -1.155249e+00) (   2.293283e+01   0.000000e+00 -1.650698e+00) 
13.3	(   1.146642e+00   0.000000e+00 -4.889676e+00) (   5.733208e+00   0.000000e+00 -5.034353e+00) (   1.146642e+01   0.000000e+00 -5.342976e+00) (   1.719963e+01   0.000000e+00 -1.161718e+00) (   2.293283e+01   0.000000e+00 -1.650347e+00) 
13.4	(   1.146642e+00   0.000000e+00 -4.878088e+00) (   5.733208e+00   0.000000e+00 -5.065612e+00) (   1.146642e+01   0.000000e+00 -5.311493e+00) (   1.719963e+01   0.000000e+00 -1.171263e+00) (   2.293283e+01   0.000000e+00 -1.650012e+00) 
13.5	(   1.146642e+00   0.000000e+00 -4.864159e+00) (   5.733208e+00   0.000000e+00 -5.101128e+00) (   1.146642e+01   0.000000e+00 -5.276226e+00) (   1.719963e+01   0.000000e+00 -1.183448e+00) (   2.293283e+01   0.000000e+00 -1.649705e+00) 
13.6	(   1.146642e+00   0.000000e+00 -4.847418e+00) (   5.733208e+00   0.000000e+00 -5.139103e+00) (   1.146642e+01   0.000000e+00 -5.239275e+00) (   1.719963e+01   0.000000e+00 -1.197756e+00) (   2.293283e+01   0.000000e+00 -1.649438e+00) 
13.7	(   1.146642e+00   0.000000e+00 -4.828735e+00) (   5.733208e+00   0.000000e+00 -5.177507e+00) (   1.146642e+01   0.000000e+00 -5.202678e+00) (   1.719963e+01   0.000000e+00 -1.213440e+00) (   2.293283e+01   0.000000e+00 -1.649221e+00) 
13.8	(   1.146642e+00   0.000000e+00 -4.809114e+00) (   5.733208e+00   0.000000e+00 -5.214397e+00) (   1.146642e+01   0.000000e+00 -5.168458e+00) (   1.719963e+01   0.000000e+00 -1.229647e+00) (   2.293283e+01   0.000000e+00 -1.649056e+00) 
13.9	(   1.146642e+00   0.000000e+00 -4.789565e+00) (   5.733208e+00   0.000000e+00 -5.247504e+00) (   1.146642e+01   0.000000e+00 -5.138163e+00) (   1.719963e+01   0.000000e+00 -1.245537e+00) (   2.293283e+01   0.000000e+00 -1.648947e+00) 
14	(   1.146642e+00   0.000000e+00 -4.770886e+00) (   5.733208e+00   0.000000e+00 -5.274992e+00) (   1.146642e+01   0.000000e+00 -5.113198e+00) (   1.719963e+01   0.000000e+00 -1.260119e+00) (   2.293283e+01   0.000000e+00 -1.648897e+00) 
14.1	(   1.146642e+00   0.000000e+00 -4.753981e+00) (   5.733208e+00   0.000000e+00 -5.296451e+00) (   1.146642e+01   0.000000e+00 -5.094638e+00) (   1.719963e+01   0.000000e+00 -1.272440e+00) (   2.293283e+01   0.000000e+00 -1.648907e+00) 
14.2	(   1.146642e+00   0.000000e+00 -4.739868e+00) (   5.733208e+00   0.000000e+00 -5.309329e+00) (   1.146642e+01   0.000000e+00 -5.083260e+00) (   1.719963e+01   0.000000e+00 -1.281707e+00) (   2.293283e+01   0.000000e+00 -1.648982e+00) 
14.3	(   1.146642e+00   0.000000e+00 -4.729246e+00) (   5.733208e+00   0.000000e+00 -5.311359e+00) (   1.146642e+01   0.000000e+00 -5.079398e+00) (   1.719963e+01   0.000000e+00 -1.287444e+00) (   2.293283e+01   0.000000e+00 -1.649128e+00) 
14.4	(   1.146642e+00   0.000000e+00 -4.722370e+00) (   5.733208e+00   0.000000e+00 -5.302008e+00) (   1.146642e+01   0.000000e+00 -5.083175e+00) (   1.719963e+01   0.000000e+00 -1.288910e+00) (   2.293283e+01   0.000000e+00 -1.649357e+00) 
14.5	(   1.146642e+00   0.000000e+00 -4.719540e+00) (   5.733208e+00   0.000000e+00 -5.282674e+00) (   1.146642e+01   0.000000e+00 -5.094414e+00) (   1.719963e+01   0.000000e+00 -1.285743e+00) (   2.293283e+01   0.000000e+00 -1.649678e+00) 
14.6	(   1.146642e+00   0.000000e+00 -4.720985e+00) (   5.733208e+00   0.000000e+00 -5.257367e+00) (   1.146642e+01   0.000000e+00 -5.112599e+00) (   1.719963e+01   0.000000e+00 -1.278743e+00) (   2.293283e+01   0.000000e+00 -1.650098e+00) 
14.7	(   1.146642e+00   0.000000e+00 -4.726756e+00) (   5.733208e+00   0.000000e+00 -5.225520e+00) (   1.146642e+01   0.000000e+00 -5.136912e+00) (   1.719963e+01   0.000000e+00 -1.268110e+00) (   2.293283e+01   0.000000e+00 -1.650619e+00) 
14.8	(   1.146642e+00   0.000000e+00 -4.736583e+00) (   5.733208e+00   0.000000e+00 -5.189106e+00) (   1.146642e+01   0.000000e+00 -5.166238e+00) (   1.719963e+01   0.000000e+00 -1.254539e+00) (   2.293283e+01   0.000000e+00 -1.651235e+00) 
14.9	(   1.146642e+00   0.000000e+00 -4.750087e+00) (   5.733208e+00   0.000000e+00 -5.150369e+00) (   1.146642e+01   0.000000e+00 -5.199360e+00) (   1.719963e+01   0.000000e+00 -1.238937e+00) (   2.293283e+01   0.000000e+00 -1.651922e+00) 
15	(   1.146642e+00   0.000000e+00 -4.766756e+00) (   5.733208e+00   0.000000e+00 -5.111479e+00) (   1.146642e+01   0.000000e+00 -5.234612e+00) (   1.719963e+01   0.000000e+00 -1.222254e+00) (   2.293283e+01   0.000000e+00 -1.652644e+00) 
15.1	(   1.146642e+00   0.000000e+00 -4.785841e+00) (   5.733208e+00   0.000000e+00 -5.074673e+00) (   1.146642e+01   0.000000e+00 -5.270218e+00) (   1.719963e+01   0.000000e+00 -1.205415e+00) (   2.293283e+01   0.000000e+00 -1.653349e+00) 
15.2	(   1.146642e+00   0.000000e+00 -4.806202e+00) (   5.733208e+00   0.000000e+00 -5.041661e+00) (   1.146642e+01   0.000000e+00 -5.304416e+00) (   1.719963e+01   0.000000e+00 -1.189370e+00) (   2.293283e+01   0.000000e+00 -1.653970e+00) 
15.3	(   1.146642e+00   0.000000e+00 -4.826885e+00) (   5.733208e+00   0.000000e+00 -5.014100e+00) (   1.146642e+01   0.000000e+00 -5.335116e+00) (   1.719963e+01   0.000000e+00 -1.174924e+00) (   2.293283e+01   0.000000e+00 -1.654441e+00) 
15.4	(   1.146642e+00   0.000000e+00 -4.846698e+00) (   5.733208e+00   0.000000e+00 -4.993300e+00) (   1.146642e+01   0.000000e+00 -5.360477e+00) (   1.719963e+01   0.000000e+00 -1.162789e+00) (   2.293283e+01   0.000000e+00 -1.654702e+00) 
15.5	(   1.146642e+00   0.000000e+00 -4.864056e+00) (   5.733208e+00   0.000000e+00 -4.980180e+00) (   1.146642e+01   0.000000e+00 -5.379639e+00) (   1.719963e+01   0.000000e+00 -1.153538e+00) (   2.293283e+01   0.000000e+00 -1.654712e+00) 
15.6	(   1.146642e+00   0.000000e+00 -4.878232e+00) (   5.733208e+00   0.000000e+00 -4.975071e+00) (   1.146642e+01   0.000000e+00 -5.390983e+00) (   1.719963e+01   0.000000e+00 -1.147590e+00) (   2.293283e+01   0.000000e+00 -1.654459e+00) 
15.7	(   1.146642e+00   0.000000e+00 -4.889270e+00) (   5.733208e+00   0.000000e+00 -4.977966e+00) (   1.146642e+01   0.000000e+00 -5.392587e+00) (   1.719963e+01   0.000000e+00 -1.145229e+00) (   2.293283e+01   0.000000e+00 -1.653965e+00) 
15.8	(   1.146642e+00   0.000000e+00 -4.895645e+00) (   5.733208e+00   0.000000e+00 -4.988831e+00) (   1.146642e+01   0.000000e+00 -5.383886e+00) (   1.719963e+01   0.000000e+00 -1.146531e+00) (   2.293283e+01   0.000000e+00 -1.653278e+00) 
15.9	(   1.146642e+00   0.000000e+00 -4.896200e+00) (   5.733208e+00   0.000000e+00 -5.007527e+00) (   1.146642e+01   0.000000e+00 -5.366953e+00) (   1.719963e+01   0.000000e+00 -1.151471e+00) (   2.293283e+01   0.000000e+00 -1.652465e+00) 
16	(   1.146642e+00   0.000000e+00 -4.890556e+00) (   5.733208e+00   0.000000e+00 -5.032934e+00) (   1.146642e+01   0.000000e+00 -5.343200e+00) (   1.719963e+01   0.000000e+00 -1.159821e+00) (   2.293283e+01   0.000000e+00 -1.651603e+00) 
16.1	(   1.146642e+00   0.000000e+00 -4.879406e+00) (   5.733208e+00   0.000000e+00 -5.063810e+00) (   1.146642e+01   0.000000e+00 -5.313396e+00) (   1.719963e+01   0.000000e+00 -1.171199e+00) (   2.293283e+01   0.000000e+00 -1.650761e+00) 
16.2	(   1.146642e+00   0.000000e+00 -4.865687e+00) (   5.733208e+00   0.000000e+00 -5.098869e+00) (   1.146642e+01   0.000000e+00 -5.279462e+00) (   1.719963e+01   0.000000e+00 -1.185062e+00) (   2.293283e+01   0.000000e+00 -1.650000e+00) 
16.3	(   1.146642e+00   0.000000e+00 -4.849194e+00) (   5.733208e+00   0.000000e+00 -5.136378e+00) (   1.146642e+01   0.000000e+00 -5.243421e+00) (   1.719963e+01   0.000000e+00 -1.200790e+00) (   2.293283e+01   0.000000e+00 -1.649359e+00) 
16.4	(   1.146642e+00   0.000000e+00 -4.830647e+00) (   5.733208e+00   0.000000e+00 -5.174342e+00) (   1.146642e+01   0.000000e+00 -5.207270e+00) (   1.719963e+01   0.000000e+00 -1.217555e+00) (   2.293283e+01   0.000000e+00 -1.648860e+00) 
16.5	(   1.146642e+00   0.000000e+00 -4.811050e+00) (   5.733208e+00   0.000000e+00 -5.210885e+00) (   1.146642e+01   0.000000e+00 -5.173054e+00) (   1.719963e+01   0.000000e+00 -1.234470e+00) (   2.293283e+01   0.000000e+00 -1.648502e+00) 
16.6	(   1.146642e+00   0.000000e+00 -4.791431e+00) (   5.733208e+00   0.000000e+00 -5.243810e+00) (   1.146642e+01   0.000000e+00 -5.142420e+00) (   1.719963e+01   0.000000e+00 -1.250676e+00) (   2.293283e+01   0.000000e+00 -1.648269e+00) 
16.7	(   1.146642e+00   0.000000e+00 -4.772593e+00) (   5.733208e+00   0.000000e+00 -5.271210e+00) (   1.146642e+01   0.000000e+00 -5.116823e+00) (   1.719963e+01   0.000000e+00 -1.265135e+00) (   2.293283e+01   0.000000e+00 -1.648136e+00) 
16.8	(   1.146642e+00   0.000000e+00 -4.755433e+00) (   5.733208e+00   0.000000e+00 -5.292659e+00) (   1.146642e+01   0.000000e+00 -5.097398e+00) (   1.719963e+01   0.000000e+00 -1.276941e+00) (   2.293283e+01   0.000000e+00 -1.648077e+00) 
16.9	(   1.146642e+00   0.000000e+00 -4.740985e+00) (   5.733208e+00   0.000000e+00 -5.305955e+00) (   1.146642e+01   0.000000e+00 -5.085046e+00) (   1.719963e+01   0.000000e+00 -1.285451e+00) (   2.293283e+01   0.000000e+00 -1.648079e+00) 
17	(   1.146642e+00   0.000000e+00 -4.729991e+00) (   5.733208e+00   0.000000e+00 -5.308819e+00) (   1.146642e+01   0.000000e+00 -5.080148e+00) (   1.719963e+01   0.000000e+00 -1.290122e+00) (   2.293283e+01   0.000000e+00 -1.648146e+00) 
17.1	(   1.146642e+00   0.000000e+00 -4.722737e+00) (   5.733208e+00   0.000000e+00 -5.300564e+00) (   1.146642e+01   0.000000e+00 -5.082922e+00) (   1.719963e+01   0.000000e+00 -1.290204e+00) (   2.293283e+01   0.000000e+00 -1.648300e+00) 
17.2	(   1.146642e+00   0.000000e+00 -4.719516e+00) (   5.733208e+00   0.000000e+00 -5.282412e+00) (   1.146642e+01   0.000000e+00 -5.093280e+00) (   1.719963e+01   0.000000e+00 -1.285674e+00) (   2.293283e+01   0.000000e+00 -1.648575e+00) 
17.3	(   1.146642e+00   0.000000e+00 -4.720567e+00) (   5.733208e+00   0.000000e+00 -5.258165e+00) (   1.146642e+01   0.000000e+00 -5.110770e+00) (   1.719963e+01   0.000000e+00 -1.277462e+00) (   2.293283e+01   0.000000e+00 -1.649011e+00) 
17.4	(   1.146642e+00   0.000000e+00 -4.725953e+00) (   5.733208e+00   0.000000e+00 -5.227340e+00) (   1.146642e+01   0.000000e+00 -5.134614e+00) (   1.719963e+01   0.000000e+00 -1.265785e+00) (   2.293283e+01   0.000000e+00 -1.649642e+00) 
17.5	(   1.146642e+00   0.000000e+00 -4.735430e+00) (   5.733208e+00   0.000000e+00 -5.191849e+00) (   1.146642e+01   0.000000e+00 -5.163693e+00) (   1.719963e+01   0.000000e+00 -1.251432e+00) (   2.293283e+01   0.000000e+00 -1.650483e+00) 
17.6	(   1.146642e+00   0.000000e+00 -4.748603e+00) (   5.733208e+00   0.000000e+00 -5.153912e+00) (   1.146642e+01   0.000000e+00 -5.196753e+00) (   1.719963e+01   0.000000e+00 -1.235381e+00) (   2.293283e+01   0.000000e+00 -1.651523e+00) 
17.7	(   1.146642e+00   0.000000e+00 -4.764990e+00) (   5.733208e+00   0.000000e+00 -5.115599e+00) (   1.146642e+01   0.000000e+00 -5.232103e+00) (   1.719963e+01   0.000000e+00 -1.218579e+00) (   2.293283e+01   0.000000e+00 -1.652713e+00) 
17.8	(   1.146642e+00   0.000000e+00 -4.783843e+00) (   5.733208e+00   0.000000e+00 -5.079111e+00) (   1.146642e+01   0.000000e+00 -5.267901e+00) (   1.719963e+01   0.000000e+00 -1.201968e+00) (   2.293283e+01   0.000000e+00 -1.653964e+00) 
17.9	(   1.146642e+00   0.000000e+00 -4.804065e+00) (   5.733208e+00   0.000000e+00 -5.046166e+00) (   1.146642e+01   0.000000e+00 -5.302359e+00) (   1.719963e+01   0.000000e+00 -1.186482e+00) (   2.293283e+01   0.000000e+00 -1.655158e+00) 
18	(   1.146642e+00   0.000000e+00 -4.824659e+00) (   5.733208e+00   0.000000e+00 -5.018375e+00) (   1.146642e+01   0.000000e+00 -5.333366e+00) (   1.719963e+01   0.000000e+00 -1.172841e+00) (   2.293283e+01   0.000000e+00 -1.656161e+00) 
18.1	(   1.146642e+00   0.000000e+00 -4.844512e+00) (   5.733208e+00   0.000000e+00 -4.997046e+00) (   1.146642e+01   0.000000e+00 -5.359057e+00) (   1.719963e+01   0.000000e+00 -1.161667e+00) (   2.293283e+01   0.000000e+00 -1.656844e+00) 
18.2	(   1.146642e+00   0.000000e+00 -4.862036e+00) (   5.733208e+00   0.000000e+00 -4.983151e+00) (   1.146642e+01   0.000000e+00 -5.378507e+00) (   1.719963e+01   0.000000e+00 -1.153399e+00) (   2.293283e+01   0.000000e+00 -1.657109e+00) 
18.3	(   1.146642e+00   0.000000e+00 -4.876356e+00) (   5.733208e+00   0.000000e+00 -4.977126e+00) (   1.146642e+01   0.000000e+00 -5.390241e+00) (   1.719963e+01   0.000000e+00 -1.148334e+00) (   2.293283e+01   0.000000e+00 -1.656919e+00) 
18.4	(   1.146642e+00   0.000000e+00 -4.887639e+00) (   5.733208e+00   0.000000e+00 -4.979019e+00) (   1.146642e+01   0.000000e+00 -5.392294e+00) (   1.719963e+01   0.000000e+00 -1.146667e+00) (   2.293283e+01   0.000000e+00 -1.656296e+00) 
18.5	(   1.146642e+00   0.000000e+00 -4.894530e+00) (   5.733208e+00   0.000000e+00 -4.988820e+00) (   1.146642e+01   0.000000e+00 -5.384039e+00) (   1.719963e+01   0.000000e+00 -1.148388e+00) (   2.293283e+01   0.000000e+00 -1.655325e+00) 
18.6	(   1.146642e+00   0.000000e+00 -4.895813e+00) (   5.733208e+00   0.000000e+00 -5.006476e+00) (   1.146642e+01   0.000000e+00 -5.367441e+00) (   1.719963e+01   0.000000e+00 -1.153421e+00) (   2.293283e+01   0.000000e+00 -1.654130e+00) 
18.7	(   1.146642e+00   0.000000e+00 -4.890982e+00) (   5.733208e+00   0.000000e+00 -5.030951e+00) (   1.146642e+01   0.000000e+00 -5.344006e+00) (   1.719963e+01   0.000000e+00 -1.161544e+00) (   2.293283e+01   0.000000e+00 -1.652841e+00) 
18.8	(   1.146642e+00   0.000000e+00 -4.880534e+00) (   5.733208e+00   0.000000e+00 -5.061043e+00) (   1.146642e+01   0.000000e+00 -5.314467e+00) (   1.719963e+01   0.000000e+00 -1.172417e+00) (   2.293283e+01   0.000000e+00 -1.651584e+00) 
18.9	(   1.146642e+00   0.000000e+00 -4.867237e+00) (   5.733208e+00   0.000000e+00 -5.095480e+00) (   1.146642e+01   0.000000e+00 -5.280737e+00) (   1.719963e+01   0.000000e+00 -1.185594e+00) (   2.293283e+01   0.000000e+00 -1.650463e+00) 
19	(   1.146642e+00   0.000000e+00 -4.851216e+00) (   5.733208e+00   0.000000e+00 -5.132580e+00) (   1.146642e+01   0.000000e+00 -5.244843e+00) (   1.719963e+01   0.000000e+00 -1.200565e+00) (   2.293283e+01   0.000000e+00 -1.649543e+00) 
19.1	(   1.146642e+00   0.000000e+00 -4.833037e+00) (   5.733208e+00   0.000000e+00 -5.170345e+00) (   1.146642e+01   0.000000e+00 -5.208774e+00) (   1.719963e+01   0.000000e+00 -1.216633e+00) (   2.293283e+01   0.000000e+00 -1.648857e+00) 
19.2	(   1.146642e+00   0.000000e+00 -4.813701e+00) (   5.733208e+00   0.000000e+00 -5.206892e+00) (   1.146642e+01   0.000000e+00 -5.174556e+00) (   1.719963e+01   0.000000e+00 -1.233007e+00) (   2.293283e+01   0.000000e+00 -1.648395e+00) 
19.3	(   1.146642e+00   0.000000e+00 -4.794216e+00) (   5.733208e+00   0.000000e+00 -5.240044e+00) (   1.146642e+01   0.000000e+00 -5.143827e+00) (   1.719963e+01   0.000000e+00 -1.248877e+00) (   2.293283e+01   0.000000e+00 -1.648121e+00) 
19.4	(   1.146642e+00   0.000000e+00 -4.775378e+00) (   5.733208e+00   0.000000e+00 -5.267808e+00) (   1.146642e+01   0.000000e+00 -5.118023e+00) (   1.719963e+01   0.000000e+00 -1.263253e+00) (   2.293283e+01   0.000000e+00 -1.647982e+00) 
19.5	(   1.146642e+00   0.000000e+00 -4.758068e+00) (   5.733208e+00   0.000000e+00 -5.289600e+00) (   1.146642e+01   0.000000e+00 -5.098276e+00) (   1.719963e+01   0.000000e+00 -1.275225e+00) (   2.293283e+01   0.000000e+00 -1.647926e+00) 
19.6	(   1.146642e+00   0.000000e+00 -4.743306e+00) (   5.733208e+00   0.000000e+00 -5.303563e+00) (   1.146642e+01   0.000000e+00 -5.085482e+00) (   1.719963e+01   0.000000e+00 -1.284061e+00) (   2.293283e+01   0.000000e+00 -1.647921e+00) 
19.7	(   1.146642e+00   0.000000e+00 -4.731869e+00) (   5.733208e+00   0.000000e+00 -5.307348e+00) (   1.146642e+01   0.000000e+00 -5.080026e+00) (   1.719963e+01   0.000000e+00 -1.289231e+00) (   2.293283e+01   0.000000e+00 -1.647963e+00) 
19.8	(   1.146642e+00   0.000000e+00 -4.724096e+00) (   5.733208e+00   0.000000e+00 -5.300101e+00) (   1.146642e+01   0.000000e+00 -5.082134e+00) (   1.719963e+01   0.000000e+00 -1.289919e+00) (   2.293283e+01   0.000000e+00 -1.648081e+00) 
19.9	(   1.146642e+00   0.000000e+00 -4.720273e+00) (   5.733208e+00   0.000000e+00 -5.282853e+00) (   1.146642e+01   0.000000e+00 -5.091742e+00) (   1.719963e+01   0.000000e+00 -1.285898e+00) (   2.293283e+01   0.000000e+00 -1.648326e+00) 
20	(   1.146642e+00   0.000000e+00 -4.720661e+00) (   5.733208e+00   0.000000e+00 -5.259345e+00) (   1.146642e+01   0.000000e+00 -5.108440e+00) (   1.719963e+01   0.000000e+00 -1.278047e+00) (   2.293283e+01   0.000000e+00 -1.648756e+00) 
20.1	(   1.146642e+00   0.000000e+00 -4.725355e+00) (   5.733208e+00   0.000000e+00 -5.229160e+00) (   1.146642e+01   0.000000e+00 -5.131493e+00) (   1.719963e+01   0.000000e+00 -1.266520e+00) (   2.293283e+01   0.000000e+00 -1.649419e+00) 
20.2	(   1.146642e+00   0.000000e+00 -4.734166e+00) (   5.733208e+00   0.000000e+00 -5.194153e+00) (   1.146642e+01   0.000000e+00 -5.159844e+00) (   1.719963e+01   0.000000e+00 -1.252071e+00) (   2.293283e+01   0.000000e+00 -1.650335e+00) 
20.3	(   1.146642e+00   0.000000e+00 -4.746692e+00) (   5.733208e+00   0.000000e+00 -5.156546e+00) (   1.146642e+01   0.000000e+00 -5.192277e+00) (   1.719963e+01   0.000000e+00 -1.235699e+00) (   2.293283e+01   0.000000e+00 -1.651482e+00) 
20.4	(   1.146642e+00   0.000000e+00 -4.762491e+00) (   5.733208e+00   0.000000e+00 -5.118379e+00) (   1.146642e+01   0.000000e+00 -5.227207e+00) (   1.719963e+01   0.000000e+00 -1.218447e+00) (   2.293283e+01   0.000000e+00 -1.652792e+00) 
20.5	(   1.146642e+00   0.000000e+00 -4.780832e+00) (   5.733208e+00   0.000000e+00 -5.081836e+00) (   1.146642e+01   0.000000e+00 -5.262837e+00) (   1.719963e+01   0.000000e+00 -1.201387e+00) (   2.293283e+01   0.000000e+00 -1.654164e+00) 
20.6	(   1.146642e+00   0.000000e+00 -4.800692e+00) (   5.733208e+00   0.000000e+00 -5.048669e+00) (   1.146642e+01   0.000000e+00 -5.297417e+00) (   1.719963e+01   0.000000e+00 -1.185586e+00) (   2.293283e+01   0.000000e+00 -1.655463e+00) 
20.7	(   1.146642e+00   0.000000e+00 -4.821062e+00) (   5.733208e+00   0.000000e+00 -5.020457e+00) (   1.146642e+01   0.000000e+00 -5.328880e+00) (   1.719963e+01   0.000000e+00 -1.171871e+00) (   2.293283e+01   0.000000e+00 -1.656533e+00) 
20.8	(   1.146642e+00   0.000000e+00 -4.840918e+00) (   5.733208e+00   0.000000e+00 -4.998524e+00) (   1.146642e+01   0.000000e+00 -5.355318e+00) (   1.719963e+01   0.000000e+00 -1.160910e+00) (   2.293283e+01   0.000000e+00 -1.657231e+00) 
20.9	(   1.146642e+00   0.000000e+00 -4.858737e+00) (   5.733208e+00   0.000000e+00 -4.983886e+00) (   1.146642e+01   0.000000e+00 -5.375588e+00) (   1.719963e+01   0.000000e+00 -1.153125e+00) (   2.293283e+01   0.000000e+00 -1.657461e+00) 
21	(   1.146642e+00   0.000000e+00 -4.873477e+00) (   5.733208e+00   0.000000e+00 -4.977009e+00) (   1.146642e+01   0.000000e+00 -5.388517e+00) (   1.719963e+01   0.000000e+00 -1.148692e+00) (   2.293283e+01   0.000000e+00 -1.657194e+00) 
21.1	(   1.146642e+00   0.000000e+00 -4.885322e+00) (   5.733208e+00   0.000000e+00 -4.977971e+00) (   1.146642e+01   0.000000e+00 -5.392042e+00) (   1.719963e+01   0.000000e+00 -1.147658e+00) (   2.293283e+01   0.000000e+00 -1.656471e+00) 
21.2	(   1.146642e+00   0.000000e+00 -4.893168e+00) (   5.733208e+00   0.000000e+00 -4.986726e+00) (   1.146642e+01   0.000000e+00 -5.385311e+00) (   1.719963e+01   0.000000e+00 -1.149830e+00) (   2.293283e+01   0.000000e+00 -1.655395e+00) 
21.3	(   1.146642e+00   0.000000e+00 -4.895597e+00) (   5.733208e+00   0.000000e+00 -5.003357e+00) (   1.146642e+01   0.000000e+00 -5.369832e+00) (   1.719963e+01   0.000000e+00 -1.154980e+00) (   2.293283e+01   0.000000e+00 -1.654109e+00) 
21.4	(   1.146642e+00   0.000000e+00 -4.891819e+00) (   5.733208e+00   0.000000e+00 -5.026877e+00) (   1.146642e+01   0.000000e+00 -5.347515e+00) (   1.719963e+01   0.000000e+00 -1.162874e+00) (   2.293283e+01   0.000000e+00 -1.652756e+00) 
21.5	(   1.146642e+00   0.000000e+00 -4.882101e+00) (   5.733208e+00   0.000000e+00 -5.056153e+00) (   1.146642e+01   0.000000e+00 -5.318847e+00) (   1.719963e+01   0.000000e+00 -1.173294e+00) (   2.293283e+01   0.000000e+00 -1.651467e+00) 
21.6	(   1.146642e+00   0.000000e+00 -4.869042e+00) (   5.733208e+00   0.000000e+00 -5.089938e+00) (   1.146642e+01   0.000000e+00 -5.285652e+00) (   1.719963e+01   0.000000e+00 -1.185972e+00) (   2.293283e+01   0.000000e+00 -1.650340e+00) 
21.7	(   1.146642e+00   0.000000e+00 -4.853288e+00) (   5.733208e+00   0.000000e+00 -5.126667e+00) (   1.146642e+01   0.000000e+00 -5.249996e+00) (   1.719963e+01   0.000000e+00 -1.200568e+00) (   2.293283e+01   0.000000e+00 -1.649438e+00) 
21.8	(   1.146642e+00   0.000000e+00 -4.835224e+00) (   5.733208e+00   0.000000e+00 -5.164390e+00) (   1.146642e+01   0.000000e+00 -5.213803e+00) (   1.719963e+01   0.000000e+00 -1.216450e+00) (   2.293283e+01   0.000000e+00 -1.648779e+00) 
21.9	(   1.146642e+00   0.000000e+00 -4.815874e+00) (   5.733208e+00   0.000000e+00 -5.201236e+00) (   1.146642e+01   0.000000e+00 -5.179109e+00) (   1.719963e+01   0.000000e+00 -1.232841e+00) (   2.293283e+01   0.000000e+00 -1.648346e+00) 
22	(   1.146642e+00   0.000000e+00 -4.796251e+00) (   5.733208e+00   0.000000e+00 -5.235110e+00) (   1.146642e+01   0.000000e+00 -5.147653e+00) (   1.719963e+01   0.000000e+00 -1.248906e+00) (   2.293283e+01   0.000000e+00 -1.648096e+00) 
22.1	(   1.146642e+00   0.000000e+00 -4.777160e+00) (   5.733208e+00   0.000000e+00 -5.263941e+00) (   1.146642e+01   0.000000e+00 -5.120904e+00) (   1.719963e+01   0.000000e+00 -1.263587e+00) (   2.293283e+01   0.000000e+00 -1.647973e+00) 
22.2	(   1.146642e+00   0.000000e+00 -4.759481e+00) (   5.733208e+00   0.000000e+00 -5.286876e+00) (   1.146642e+01   0.000000e+00 -5.100078e+00) (   1.719963e+01   0.000000e+00 -1.275867e+00) (   2.293283e+01   0.000000e+00 -1.647928e+00) 
22.3	(   1.146642e+00   0.000000e+00 -4.744253e+00) (   5.733208e+00   0.000000e+00 -5.302500e+00) (   1.146642e+01   0.000000e+00 -5.086133e+00) (   1.719963e+01   0.000000e+00 -1.284931e+00) (   2.293283e+01   0.000000e+00 -1.647931e+00) 
22.4	(   1.146642e+00   0.000000e+00 -4.732299e+00) (   5.733208e+00   0.000000e+00 -5.308251e+00) (   1.146642e+01   0.000000e+00 -5.079554e+00) (   1.719963e+01   0.000000e+00 -1.290158e+00) (   2.293283e+01   0.000000e+00 -1.647988e+00) 
22.5	(   1.146642e+00   0.000000e+00 -4.723994e+00) (   5.733208e+00   0.000000e+00 -5.302938e+00) (   1.146642e+01   0.000000e+00 -5.080621e+00) (   1.719963e+01   0.000000e+00 -1.290644e+00) (   2.293283e+01   0.000000e+00 -1.648130e+00) 
22.6	(   1.146642e+00   0.000000e+00 -4.719627e+00) (   5.733208e+00   0.000000e+00 -5.287182e+00) (   1.146642e+01   0.000000e+00 -5.089314e+00) (   1.719963e+01   0.000000e+00 -1.286187e+00) (   2.293283e+01   0.000000e+00 -1.648410e+00) 
22.7	(   1.146642e+00   0.000000e+00 -4.719478e+00) (   5.733208e+00   0.000000e+00 -5.264584e+00) (   1.146642e+01   0.000000e+00 -5.105279e+00) (   1.719963e+01   0.000000e+00 -1.277796e+00) (   2.293283e+01   0.000000e+00 -1.648885e+00) 
22.8	(   1.146642e+00   0.000000e+00 -4.723670e+00) (   5.733208e+00   0.000000e+00 -5.235318e+00) (   1.146642e+01   0.000000e+00 -5.127808e+00) (   1.719963e+01   0.000000e+00 -1.265651e+00) (   2.293283e+01   0.000000e+00 -1.649594e+00) 
22.9	(   1.146642e+00   0.000000e+00 -4.732054e+00) (   5.733208e+00   0.000000e+00 -5.200811e+00) (   1.146642e+01   0.000000e+00 -5.155867e+00) (   1.719963e+01   0.000000e+00 -1.250605e+00) (   2.293283e+01   0.000000e+00 -1.650548e+00) 
23	(   1.146642e+00   0.000000e+00 -4.744239e+00) (   5.733208e+00   0.000000e+00 -5.163282e+00) (   1.146642e+01   0.000000e+00 -5.188222e+00) (   1.719963e+01   0.000000e+00 -1.233766e+00) (   2.293283e+01   0.000000e+00 -1.651715e+00) 
23.1	(   1.146642e+00   0.000000e+00 -4.759832e+00) (   5.733208e+00   0.000000e+00 -5.124789e+00) (   1.146642e+01   0.000000e+00 -5.223326e+00) (   1.719963e+01   0.000000e+00 -1.216289e+00) (   2.293283e+01   0.000000e+00 -1.653024e+00) 
23.2	(   1.146642e+00   0.000000e+00 -4.778128e+00) (   5.733208e+00   0.000000e+00 -5.087526e+00) (   1.146642e+01   0.000000e+00 -5.259361e+00) (   1.719963e+01   0.000000e+00 -1.199305e+00) (   2.293283e+01   0.000000e+00 -1.654364e+00) 
23.3	(   1.146642e+00   0.000000e+00 -4.798172e+00) (   5.733208e+00   0.000000e+00 -5.053365e+00) (   1.146642e+01   0.000000e+00 -5.294536e+00) (   1.719963e+01   0.000000e+00 -1.183885e+00) (   2.293283e+01   0.000000e+00 -1.655594e+00) 
23.4	(   1.146642e+00   0.000000e+00 -4.818915e+00) (   5.733208e+00   0.000000e+00 -5.023897e+00) (   1.146642e+01   0.000000e+00 -5.326785e+00) (   1.719963e+01   0.000000e+00 -1.170805e+00) (   2.293283e+01   0.000000e+00 -1.656575e+00) 
23.5	(   1.146642e+00   0.000000e+00 -4.839358e+00) (   5.733208e+00   0.000000e+00 -5.000518e+00) (   1.146642e+01   0.000000e+00 -5.354142e+00) (   1.719963e+01   0.000000e+00 -1.160631e+00) (   2.293283e+01   0.000000e+00 -1.657175e+00) 
23.6	(   1.146642e+00   0.000000e+00 -4.857939e+00) (   5.733208e+00   0.000000e+00 -4.984365e+00) (   1.146642e+01   0.000000e+00 -5.375382e+00) (   1.719963e+01   0.000000e+00 -1.153634e+00) (   2.293283e+01   0.000000e+00 -1.657312e+00) 
23.7	(   1.146642e+00   0.000000e+00 -4.873470e+00) (   5.733208e+00   0.000000e+00 -4.975983e+00) (   1.146642e+01   0.000000e+00 -5.389400e+00) (   1.719963e+01   0.000000e+00 -1.149850e+00) (   2.293283e+01   0.000000e+00 -1.656967e+00) 
23.8	(   1.146642e+00   0.000000e+00 -4.886133e+00) (   5.733208e+00   0.000000e+00 -4.975518e+00) (   1.146642e+01   0.000000e+00 -5.393987e+00) (   1.719963e+01   0.000000e+00 -1.149182e+00) (   2.293283e+01   0.000000e+00 -1.656186e+00) 
23.9	(   1.146642e+00   0.000000e+00 -4.894714e+00) (   5.733208e+00   0.000000e+00 -4.982925e+00) (   1.146642e+01   0.000000e+00 -5.388131e+00) (   1.719963e+01   0.000000e+00 -1.151417e+00) (   2.293283e+01   0.000000e+00 -1.655087e+00) 
24	(   1.146642e+00   0.000000e+00 -4.897654e+00) (   5.733208e+00   0.000000e+00 -4.998379e+00) (   1.146642e+01   0.000000e+00 -5.372943e+00) (   1.719963e+01   0.000000e+00 -1.156394e+00) (   2.293283e+01   0.000000e+00 -1.653804e+00) 
24.1	(   1.146642e+00   0.000000e+00 -4.894175e+00) (   5.733208e+00   0.000000e+00 -5.021091e+00) (   1.146642e+01   0.000000e+00 -5.351011e+00) (   1.719963e+01   0.000000e+00 -1.163961e+00) (   2.293283e+01   0.000000e+00 -1.652481e+00) 
24.2	(   1.146642e+00   0.000000e+00 -4.884545e+00) (   5.733208e+00   0.000000e+00 -5.049939e+00) (   1.146642e+01   0.000000e+00 -5.322490e+00) (   1.719963e+01   0.000000e+00 -1.174008e+00) (   2.293283e+01   0.000000e+00 -1.651238e+00) 
24.3	(   1.146642e+00   0.000000e+00 -4.871185e+00) (   5.733208e+00   0.000000e+00 -5.083674e+00) (   1.146642e+01   0.000000e+00 -5.289197e+00) (   1.719963e+01   0.000000e+00 -1.186376e+00) (   2.293283e+01   0.000000e+00 -1.650165e+00) 
24.4	(   1.146642e+00   0.000000e+00 -4.855381e+00) (   5.733208e+00   0.000000e+00 -5.120797e+00) (   1.146642e+01   0.000000e+00 -5.253276e+00) (   1.719963e+01   0.000000e+00 -1.200798e+00) (   2.293283e+01   0.000000e+00 -1.649315e+00) 
24.5	(   1.146642e+00   0.000000e+00 -4.837176e+00) (   5.733208e+00   0.000000e+00 -5.159340e+00) (   1.146642e+01   0.000000e+00 -5.216680e+00) (   1.719963e+01   0.000000e+00 -1.216692e+00) (   2.293283e+01   0.000000e+00 -1.648702e+00) 
24.6	(   1.146642e+00   0.000000e+00 -4.817593e+00) (   5.733208e+00   0.000000e+00 -5.197339e+00) (   1.146642e+01   0.000000e+00 -5.181503e+00) (   1.719963e+01   0.000000e+00 -1.233230e+00) (   2.293283e+01   0.000000e+00 -1.648305e+00) 
24.7	(   1.146642e+00   0.000000e+00 -4.797674e+00) (   5.733208e+00   0.000000e+00 -5.232672e+00) (   1.146642e+01   0.000000e+00 -5.149566e+00) (   1.719963e+01   0.000000e+00 -1.249443e+00) (   2.293283e+01   0.000000e+00 -1.648079e+00) 
24.8	(   1.146642e+00   0.000000e+00 -4.778264e+00) (   5.733208e+00   0.000000e+00 -5.263136e+00) (   1.146642e+01   0.000000e+00 -5.122349e+00) (   1.719963e+01   0.000000e+00 -1.264160e+00) (   2.293283e+01   0.000000e+00 -1.647970e+00) 
24.9	(   1.146642e+00   0.000000e+00 -4.760237e+00) (   5.733208e+00   0.000000e+00 -5.287814e+00) (   1.146642e+01   0.000000e+00 -5.101087e+00) (   1.719963e+01   0.000000e+00 -1.276323e+00) (   2.293283e+01   0.000000e+00 -1.647932e+00) 
25	(   1.146642e+00   0.000000e+00 -4.744639e+00) (   5.733208e+00   0.000000e+00 -5.305301e+00) (   1.146642e+01   0.000000e+00 -5.086719e+00) (   1.719963e+01   0.000000e+00 -1.285118e+00) (   2.293283e+01   0.000000e+00 -1.647942e+00) 
25.1	(   1.146642e+00   0.000000e+00 -4.732332e+00) (   5.733208e+00   0.000000e+00 -5.312706e+00) (   1.146642e+01   0.000000e+00 -5.079684e+00) (   1.719963e+01   0.000000e+00 -1.289888e+00) (   2.293283e+01   0.000000e+00 -1.648009e+00) 
25.2	(   1.146642e+00   0.000000e+00 -4.723708e+00) (   5.733208e+00   0.000000e+00 -5.308567e+00) (   1.146642e+01   0.000000e+00 -5.080215e+00) (   1.719963e+01   0.000000e+00 -1.289806e+00) (   2.293283e+01   0.000000e+00 -1.648170e+00) 
25.3	(   1.146642e+00   0.000000e+00 -4.719043e+00) (   5.733208e+00   0.000000e+00 -5.293365e+00) (   1.146642e+01   0.000000e+00 -5.088255e+00) (   1.719963e+01   0.000000e+00 -1.284932e+00) (   2.293283e+01   0.000000e+00 -1.648474e+00) 
25.4	(   1.146642e+00   0.000000e+00 -4.718613e+00) (   5.733208e+00   0.000000e+00 -5.270386e+00) (   1.146642e+01   0.000000e+00 -5.103458e+00) (   1.719963e+01   0.000000e+00 -1.276190e+00) (   2.293283e+01   0.000000e+00 -1.648976e+00) 
25.5	(   1.146642e+00   0.000000e+00 -4.722550e+00) (   5.733208e+00   0.000000e+00 -5.241082e+00) (   1.146642e+01   0.000000e+00 -5.125157e+00) (   1.719963e+01   0.000000e+00 -1.263928e+00) (   2.293283e+01   0.000000e+00 -1.649714e+00) 
25.6	(   1.146642e+00   0.000000e+00 -4.730734e+00) (   5.733208e+00   0.000000e+00 -5.206228e+00) (   1.146642e+01   0.000000e+00 -5.152397e+00) (   1.719963e+01   0.000000e+00 -1.249045e+00) (   2.293283e+01   0.000000e+00 -1.650691e+00) 
25.7	(   1.146642e+00   0.000000e+00 -4.742776e+00) (   5.733208e+00   0.000000e+00 -5.168061e+00) (   1.146642e+01   0.000000e+00 -5.184022e+00) (   1.719963e+01   0.000000e+00 -1.232663e+00) (   2.293283e+01   0.000000e+00 -1.651874e+00) 
25.8	(   1.146642e+00   0.000000e+00 -4.758302e+00) (   5.733208e+00   0.000000e+00 -5.128720e+00) (   1.146642e+01   0.000000e+00 -5.218624e+00) (   1.719963e+01   0.000000e+00 -1.215877e+00) (   2.293283e+01   0.000000e+00 -1.653186e+00) 
25.9	(   1.146642e+00   0.000000e+00 -4.776629e+00) (   5.733208e+00   0.000000e+00 -5.090425e+00) (   1.146642e+01   0.000000e+00 -5.254471e+00) (   1.719963e+01   0.000000e+00 -1.199754e+00) (   2.293283e+01   0.000000e+00 -1.654516e+00) 
26	(   1.146642e+00   0.000000e+00 -4.796831e+00) (   5.733208e+00   0.000000e+00 -5.055141e+00) (   1.146642e+01   0.000000e+00 -5.289818e+00) (   1.719963e+01   0.000000e+00 -1.185258e+00) (   2.293283e+01   0.000000e+00 -1.655727e+00) 
26.1	(   1.146642e+00   0.000000e+00 -4.817801e+00) (   5.733208e+00   0.000000e+00 -5.024466e+00) (   1.146642e+01   0.000000e+00 -5.322675e+00) (   1.719963e+01   0.000000e+00 -1.173005e+00) (   2.293283e+01   0.000000e+00 -1.656679e+00) 
26.2	(   1.146642e+00   0.000000e+00 -4.838566e+00) (   5.733208e+00   0.000000e+00 -4.999877e+00) (   1.146642e+01   0.000000e+00 -5.351024e+00) (   1.719963e+01   0.000000e+00 -1.163413e+00) (   2.293283e+01   0.000000e+00 -1.657243e+00) 
26.3	(   1.146642e+00   0.000000e+00 -4.857540e+00) (   5.733208e+00   0.000000e+00 -4.982582e+00) (   1.146642e+01   0.000000e+00 -5.373473e+00) (   1.719963e+01   0.000000e+00 -1.156656e+00) (   2.293283e+01   0.000000e+00 -1.657343e+00) 
26.4	(   1.146642e+00   0.000000e+00 -4.873448e+00) (   5.733208e+00   0.000000e+00 -4.973195e+00) (   1.146642e+01   0.000000e+00 -5.389092e+00) (   1.719963e+01   0.000000e+00 -1.152730e+00) (   2.293283e+01   0.000000e+00 -1.656967e+00) 
26.5	(   1.146642e+00   0.000000e+00 -4.886468e+00) (   5.733208e+00   0.000000e+00 -4.971883e+00) (   1.146642e+01   0.000000e+00 -5.395538e+00) (   1.719963e+01   0.000000e+00 -1.151577e+00) (   2.293283e+01   0.000000e+00 -1.656167e+00) 
26.6	(   1.146642e+00   0.000000e+00 -4.895340e+00) (   5.733208e+00   0.000000e+00 -4.978624e+00) (   1.146642e+01   0.000000e+00 -5.391500e+00) (   1.719963e+01   0.000000e+00 -1.153143e+00) (   2.293283e+01   0.000000e+00 -1.655054e+00) 
26.7	(   1.146642e+00   0.000000e+00 -4.898468e+00) (   5.733208e+00   0.000000e+00 -4.993550e+00) (   1.146642e+01   0.000000e+00 -5.377389e+00) (   1.719963e+01   0.000000e+00 -1.157419e+00) (   2.293283e+01   0.000000e+00 -1.653765e+00) 
26.8	(   1.146642e+00   0.000000e+00 -4.895144e+00) (   5.733208e+00   0.000000e+00 -5.016133e+00) (   1.146642e+01   0.000000e+00 -5.356554e+00) (   1.719963e+01   0.000000e+00 -1.164405e+00) (   2.293283e+01   0.000000e+00 -1.652439e+00) 
26.9	(   1.146642e+00   0.000000e+00 -4.885648e+00) (   5.733208e+00   0.000000e+00 -5.045162e+00) (   1.146642e+01   0.000000e+00 -5.328845e+00) (   1.719963e+01   0.000000e+00 -1.174023e+00) (   2.293283e+01   0.000000e+00 -1.651195e+00) 
27	(   1.146642e+00   0.000000e+00 -4.872226e+00) (   5.733208e+00   0.000000e+00 -5.079349e+00) (   1.146642e+01   0.000000e+00 -5.295980e+00) (   1.719963e+01   0.000000e+00 -1.186044e+00) (   2.293283e+01   0.000000e+00 -1.650124e+00) 
27.1	(   1.146642e+00   0.000000e+00 -4.856481e+00) (   5.733208e+00   0.000000e+00 -5.117190e+00) (   1.146642e+01   0.000000e+00 -5.260125e+00) (   1.719963e+01   0.000000e+00 -1.200098e+00) (   2.293283e+01   0.000000e+00 -1.649279e+00) 
27.2	(   1.146642e+00   0.000000e+00 -4.838278e+00) (   5.733208e+00   0.000000e+00 -5.156674e+00) (   1.146642e+01   0.000000e+00 -5.223294e+00) (   1.719963e+01   0.000000e+00 -1.215507e+00) (   2.293283e+01   0.000000e+00 -1.648672e+00) 
27.3	(   1.146642e+00   0.000000e+00 -4.818632e+00) (   5.733208e+00   0.000000e+00 -5.195743e+00) (   1.146642e+01   0.000000e+00 -5.187603e+00) (   1.719963e+01   0.000000e+00 -1.231447e+00) (   2.293283e+01   0.000000e+00 -1.648281e+00) 
27.4	(   1.146642e+00   0.000000e+00 -4.798594e+00) (   5.733208e+00   0.000000e+00 -5.232242e+00) (   1.146642e+01   0.000000e+00 -5.155000e+00) (   1.719963e+01   0.000000e+00 -1.247032e+00) (   2.293283e+01   0.000000e+00 -1.648060e+00) 
27.5	(   1.146642e+00   0.000000e+00 -4.779043e+00) (   5.733208e+00   0.000000e+00 -5.263911e+00) (   1.146642e+01   0.000000e+00 -5.126964e+00) (   1.719963e+01   0.000000e+00 -1.261193e+00) (   2.293283e+01   0.000000e+00 -1.647955e+00) 
27.6	(   1.146642e+00   0.000000e+00 -4.760838e+00) (   5.733208e+00   0.000000e+00 -5.289938e+00) (   1.146642e+01   0.000000e+00 -5.104763e+00) (   1.719963e+01   0.000000e+00 -1.272916e+00) (   2.293283e+01   0.000000e+00 -1.647919e+00) 
27.7	(   1.146642e+00   0.000000e+00 -4.745022e+00) (   5.733208e+00   0.000000e+00 -5.308865e+00) (   1.146642e+01   0.000000e+00 -5.089316e+00) (   1.719963e+01   0.000000e+00 -1.281346e+00) (   2.293283e+01   0.000000e+00 -1.647929e+00) 
27.8	(   1.146642e+00   0.000000e+00 -4.732495e+00) (   5.733208e+00   0.000000e+00 -5.317606e+00) (   1.146642e+01   0.000000e+00 -5.081061e+00) (   1.719963e+01   0.000000e+00 -1.285951e+00) (   2.293283e+01   0.000000e+00 -1.647991e+00) 
27.9	(   1.146642e+00   0.000000e+00 -4.723675e+00) (   5.733208e+00   0.000000e+00 -5.314538e+00) (   1.146642e+01   0.000000e+00 -5.080187e+00) (   1.719963e+01   0.000000e+00 -1.286099e+00) (   2.293283e+01   0.000000e+00 -1.648143e+00) 
28	(   1.146642e+00   0.000000e+00 -4.718831e+00) (   5.733208e+00   0.000000e+00 -5.300025e+00) (   1.146642e+01   0.000000e+00 -5.086633e+00) (   1.719963e+01   0.000000e+00 -1.281878e+00) (   2.293283e+01   0.000000e+00 -1.648438e+00) 
28.1	(   1.146642e+00   0.000000e+00 -4.718236e+00) (   5.733208e+00   0.000000e+00 -5.276764e+00) (   1.146642e+01   0.000000e+00 -5.100119e+00) (   1.719963e+01   0.000000e+00 -1.273780e+00) (   2.293283e+01   0.000000e+00 -1.648930e+00) 
28.2	(   1.146642e+00   0.000000e+00 -4.722041e+00) (   5.733208e+00   0.000000e+00 -5.247763e+00) (   1.146642e+01   0.000000e+00 -5.120069e+00) (   1.719963e+01   0.000000e+00 -1.262317e+00) (   2.293283e+01   0.000000e+00 -1.649660e+00) 
28.3	(   1.146642e+00   0.000000e+00 -4.730154e+00) (   5.733208e+00   0.000000e+00 -5.212887e+00) (   1.146642e+01   0.000000e+00 -5.145678e+00) (   1.719963e+01   0.000000e+00 -1.248319e+00) (   2.293283e+01   0.000000e+00 -1.650635e+00) 
28.4	(   1.146642e+00   0.000000e+00 -4.742176e+00) (   5.733208e+00   0.000000e+00 -5.174311e+00) (   1.146642e+01   0.000000e+00 -5.175908e+00) (   1.719963e+01   0.000000e+00 -1.232828e+00) (   2.293283e+01   0.000000e+00 -1.651827e+00) 
28.5	(   1.146642e+00   0.000000e+00 -4.757741e+00) (   5.733208e+00   0.000000e+00 -5.134221e+00) (   1.146642e+01   0.000000e+00 -5.209564e+00) (   1.719963e+01   0.000000e+00 -1.216859e+00) (   2.293283e+01   0.000000e+00 -1.653157e+00) 
28.6	(   1.146642e+00   0.000000e+00 -4.776173e+00) (   5.733208e+00   0.000000e+00 -5.094833e+00) (   1.146642e+01   0.000000e+00 -5.245001e+00) (   1.719963e+01   0.000000e+00 -1.201431e+00) (   2.293283e+01   0.000000e+00 -1.654514e+00) 
28.7	(   1.146642e+00   0.000000e+00 -4.796560e+00) (   5.733208e+00   0.000000e+00 -5.058253e+00) (   1.146642e+01   0.000000e+00 -5.280439e+00) (   1.719963e+01   0.000000e+00 -1.187491e+00) (   2.293283e+01   0.000000e+00 -1.655761e+00) 
28.8	(   1.146642e+00   0.000000e+00 -4.817727e+00) (   5.733208e+00   0.000000e+00 -5.026102e+00) (   1.146642e+01   0.000000e+00 -5.313998e+00) (   1.719963e+01   0.000000e+00 -1.175649e+00) (   2.293283e+01   0.000000e+00 -1.656752e+00) 
28.9	(   1.146642e+00   0.000000e+00 -4.838722e+00) (   5.733208e+00   0.000000e+00 -4.999975e+00) (   1.146642e+01   0.000000e+00 -5.343532e+00) (   1.719963e+01   0.000000e+00 -1.166323e+00) (   2.293283e+01   0.000000e+00 -1.657359e+00) 
29	(   1.146642e+00   0.000000e+00 -4.857965e+00) (   5.733208e+00   0.000000e+00 -4.981194e+00) (   1.146642e+01   0.000000e+00 -5.367279e+00) (   1.719963e+01   0.000000e+00 -1.159703e+00) (   2.293283e+01   0.000000e+00 -1.657498e+00) 
29.1	(   1.146642e+00   0.000000e+00 -4.874163e+00) (   5.733208e+00   0.000000e+00 -4.970461e+00) (   1.146642e+01   0.000000e+00 -5.384459e+00) (   1.719963e+01   0.000000e+00 -1.155800e+00) (   2.293283e+01   0.000000e+00 -1.657149e+00) 
29.2	(   1.146642e+00   0.000000e+00 -4.887526e+00) (   5.733208e+00   0.000000e+00 -4.967958e+00) (   1.146642e+01   0.000000e+00 -5.392927e+00) (   1.719963e+01   0.000000e+00 -1.154541e+00) (   2.293283e+01   0.000000e+00 -1.656364e+00) 
29.3	(   1.146642e+00   0.000000e+00 -4.896637e+00) (   5.733208e+00   0.000000e+00 -4.973674e+00) (   1.146642e+01   0.000000e+00 -5.391101e+00) (   1.719963e+01   0.000000e+00 -1.155852e+00) (   2.293283e+01   0.000000e+00 -1.655251e+00) 
29.4	(   1.146642e+00   0.000000e+00 -4.899812e+00) (   5.733208e+00   0.000000e+00 -4.987624e+00) (   1.146642e+01   0.000000e+00 -5.378992e+00) (   1.719963e+01   0.000000e+00 -1.159696e+00) (   2.293283e+01   0.000000e+00 -1.653949e+00) 
29.5	(   1.146642e+00   0.000000e+00 -4.896413e+00) (   5.733208e+00   0.000000e+00 -5.009639e+00) (   1.146642e+01   0.000000e+00 -5.359670e+00) (   1.719963e+01   0.000000e+00 -1.166077e+00) (   2.293283e+01   0.000000e+00 -1.652597e+00) 
29.6	(   1.146642e+00   0.000000e+00 -4.886779e+00) (   5.733208e+00   0.000000e+00 -5.038372e+00) (   1.146642e+01   0.000000e+00 -5.333395e+00) (   1.719963e+01   0.000000e+00 -1.174961e+00) (   2.293283e+01   0.000000e+00 -1.651321e+00) 
29.7	(   1.146642e+00   0.000000e+00 -4.873035e+00) (   5.733208e+00   0.000000e+00 -5.072502e+00) (   1.146642e+01   0.000000e+00 -5.301705e+00) (   1.719963e+01   0.000000e+00 -1.186189e+00) (   2.293283e+01   0.000000e+00 -1.650215e+00) 
29.8	(   1.146642e+00   0.000000e+00 -4.857105e+00) (   5.733208e+00   0.000000e+00 -5.110547e+00) (   1.146642e+01   0.000000e+00 -5.266748e+00) (   1.719963e+01   0.000000e+00 -1.199455e+00) (   2.293283e+01   0.000000e+00 -1.649337e+00) 
29.9	(   1.146642e+00   0.000000e+00 -4.838689e+00) (   5.733208e+00   0.000000e+00 -5.150496e+00) (   1.146642e+01   0.000000e+00 -5.230580e+00) (   1.719963e+01   0.000000e+00 -1.214117e+00) (   2.293283e+01   0.000000e+00 -1.648702e+00) 
30	(   1.146642e+00   0.000000e+00 -4.818816e+00) (   5.733208e+00   0.000000e+00 -5.190232e+00) (   1.146642e+01   0.000000e+00 -5.195268e+00) (   1.719963e+01   0.000000e+00 -1.229368e+00) (   2.293283e+01   0.000000e+00 -1.648292e+00) 
30.1	(   1.146642e+00   0.000000e+00 -4.798543e+00) (   5.733208e+00   0.000000e+00 -5.227647e+00) (   1.146642e+01   0.000000e+00 -5.162802e+00) (   1.719963e+01   0.000000e+00 -1.244347e+00) (   2.293283e+01   0.000000e+00 -1.648059e+00) 
30.2	(   1.146642e+00   0.000000e+00 -4.778797e+00) (   5.733208e+00   0.000000e+00 -5.260434e+00) (   1.146642e+01   0.000000e+00 -5.134564e+00) (   1.719963e+01   0.000000e+00 -1.258065e+00) (   2.293283e+01   0.000000e+00 -1.647948e+00) 
30.3	(   1.146642e+00   0.000000e+00 -4.760408e+00) (   5.733208e+00   0.000000e+00 -5.287534e+00) (   1.146642e+01   0.000000e+00 -5.111797e+00) (   1.719963e+01   0.000000e+00 -1.269561e+00) (   2.293283e+01   0.000000e+00 -1.647909e+00) 
30.4	(   1.146642e+00   0.000000e+00 -4.744410e+00) (   5.733208e+00   0.000000e+00 -5.307921e+00) (   1.146642e+01   0.000000e+00 -5.095334e+00) (   1.719963e+01   0.000000e+00 -1.277988e+00) (   2.293283e+01   0.000000e+00 -1.647912e+00) 
30.5	(   1.146642e+00   0.000000e+00 -4.731729e+00) (   5.733208e+00   0.000000e+00 -5.318426e+00) (   1.146642e+01   0.000000e+00 -5.085723e+00) (   1.719963e+01   0.000000e+00 -1.282697e+00) (   2.293283e+01   0.000000e+00 -1.647963e+00) 
30.6	(   1.146642e+00   0.000000e+00 -4.722778e+00) (   5.733208e+00   0.000000e+00 -5.317146e+00) (   1.146642e+01   0.000000e+00 -5.083099e+00) (   1.719963e+01   0.000000e+00 -1.283209e+00) (   2.293283e+01   0.000000e+00 -1.648097e+00) 
30.7	(   1.146642e+00   0.000000e+00 -4.717817e+00) (   5.733208e+00   0.000000e+00 -5.304170e+00) (   1.146642e+01   0.000000e+00 -5.087505e+00) (   1.719963e+01   0.000000e+00 -1.279513e+00) (   2.293283e+01   0.000000e+00 -1.648370e+00) 
30.8	(   1.146642e+00   0.000000e+00 -4.717092e+00) (   5.733208e+00   0.000000e+00 -5.281531e+00) (   1.146642e+01   0.000000e+00 -5.098811e+00) (   1.719963e+01   0.000000e+00 -1.271918e+00) (   2.293283e+01   0.000000e+00 -1.648836e+00) 
30.9	(   1.146642e+00   0.000000e+00 -4.720771e+00) (   5.733208e+00   0.000000e+00 -5.253473e+00) (   1.146642e+01   0.000000e+00 -5.116613e+00) (   1.719963e+01   0.000000e+00 -1.260999e+00) (   2.293283e+01   0.000000e+00 -1.649544e+00) 
31	(   1.146642e+00   0.000000e+00 -4.728791e+00) (   5.733208e+00   0.000000e+00 -5.219180e+00) (   1.146642e+01   0.000000e+00 -5.140281e+00) (   1.719963e+01   0.000000e+00 -1.247556e+00) (   2.293283e+01   0.000000e+00 -1.650507e+00) 
31.1	(   1.146642e+00   0.000000e+00 -4.740752e+00) (   5.733208e+00   0.000000e+00 -5.180774e+00) (   1.146642e+01   0.000000e+00 -5.168894e+00) (   1.719963e+01   0.000000e+00 -1.232609e+00) (   2.293283e+01   0.000000e+00 -1.651696e+00) 
31.2	(   1.146642e+00   0.000000e+00 -4.756302e+00) (   5.733208e+00   0.000000e+00 -5.140488e+00) (   1.146642e+01   0.000000e+00 -5.201407e+00) (   1.719963e+01   0.000000e+00 -1.217156e+00) (   2.293283e+01   0.000000e+00 -1.653040e+00) 
31.3	(   1.146642e+00   0.000000e+00 -4.774776e+00) (   5.733208e+00   0.000000e+00 -5.100543e+00) (   1.146642e+01   0.000000e+00 -5.236231e+00) (   1.719963e+01   0.000000e+00 -1.202227e+00) (   2.293283e+01   0.000000e+00 -1.654432e+00) 
31.4	(   1.146642e+00   0.000000e+00 -4.795285e+00) (   5.733208e+00   0.000000e+00 -5.063154e+00) (   1.146642e+01   0.000000e+00 -5.271522e+00) (   1.719963e+01   0.000000e+00 -1.188775e+00) (   2.293283e+01   0.000000e+00 -1.655734e+00) 
31.5	(   1.146642e+00   0.000000e+00 -4.816606e+00) (   5.733208e+00   0.000000e+00 -5.029990e+00) (   1.146642e+01   0.000000e+00 -5.305446e+00) (   1.719963e+01   0.000000e+00 -1.177397e+00) (   2.293283e+01   0.000000e+00 -1.656790e+00) 
31.6	(   1.146642e+00   0.000000e+00 -4.837796e+00) (   5.733208e+00   0.000000e+00 -5.002720e+00) (   1.146642e+01   0.000000e+00 -5.335780e+00) (   1.719963e+01   0.000000e+00 -1.168490e+00) (   2.293283e+01   0.000000e+00 -1.657465e+00) 
31.7	(   1.146642e+00   0.000000e+00 -4.857309e+00) (   5.733208e+00   0.000000e+00 -4.982743e+00) (   1.146642e+01   0.000000e+00 -5.360570e+00) (   1.719963e+01   0.000000e+00 -1.162217e+00) (   2.293283e+01   0.000000e+00 -1.657668e+00) 
31.8	(   1.146642e+00   0.000000e+00 -4.873810e+00) (   5.733208e+00   0.000000e+00 -4.970858e+00) (   1.146642e+01   0.000000e+00 -5.378805e+00) (   1.719963e+01   0.000000e+00 -1.158535e+00) (   2.293283e+01   0.000000e+00 -1.657368e+00) 
31.9	(   1.146642e+00   0.000000e+00 -4.887536e+00) (   5.733208e+00   0.000000e+00 -4.967278e+00) (   1.146642e+01   0.000000e+00 -5.388850e+00) (   1.719963e+01   0.000000e+00 -1.157337e+00) (   2.293283e+01   0.000000e+00 -1.656606e+00) 
32	(   1.146642e+00   0.000000e+00 -4.897128e+00) (   5.733208e+00   0.000000e+00 -4.971986e+00) (   1.146642e+01   0.000000e+00 -5.388974e+00) (   1.719963e+01   0.000000e+00 -1.158533e+00) (   2.293283e+01   0.000000e+00 -1.655494e+00) 
32.1	(   1.146642e+00   0.000000e+00 -4.900807e+00) (   5.733208e+00   0.000000e+00 -4.984916e+00) (   1.146642e+01   0.000000e+00 -5.378890e+00) (   1.719963e+01   0.000000e+00 -1.162109e+00) (   2.293283e+01   0.000000e+00 -1.654171e+00) 
32.2	(   1.146642e+00   0.000000e+00 -4.897859e+00) (   5.733208e+00   0.000000e+00 -5.006068e+00) (   1.146642e+01   0.000000e+00 -5.361285e+00) (   1.719963e+01   0.000000e+00 -1.168084e+00) (   2.293283e+01   0.000000e+00 -1.652789e+00) 
32.3	(   1.146642e+00   0.000000e+00 -4.888563e+00) (   5.733208e+00   0.000000e+00 -5.034068e+00) (   1.146642e+01   0.000000e+00 -5.336649e+00) (   1.719963e+01   0.000000e+00 -1.176449e+00) (   2.293283e+01   0.000000e+00 -1.651476e+00) 
32.4	(   1.146642e+00   0.000000e+00 -4.874755e+00) (   5.733208e+00   0.000000e+00 -5.067600e+00) (   1.146642e+01   0.000000e+00 -5.306408e+00) (   1.719963e+01   0.000000e+00 -1.187102e+00) (   2.293283e+01   0.000000e+00 -1.650333e+00) 
32.5	(   1.146642e+00   0.000000e+00 -4.858952e+00) (   5.733208e+00   0.000000e+00 -5.105205e+00) (   1.146642e+01   0.000000e+00 -5.272648e+00) (   1.719963e+01   0.000000e+00 -1.199760e+00) (   2.293283e+01   0.000000e+00 -1.649418e+00) 
32.6	(   1.146642e+00   0.000000e+00 -4.840564e+00) (   5.733208e+00   0.000000e+00 -5.144946e+00) (   1.146642e+01   0.000000e+00 -5.237412e+00) (   1.719963e+01   0.000000e+00 -1.213816e+00) (   2.293283e+01   0.000000e+00 -1.648752e+00) 
32.7	(   1.146642e+00   0.000000e+00 -4.820625e+00) (   5.733208e+00   0.000000e+00 -5.184688e+00) (   1.146642e+01   0.000000e+00 -5.202720e+00) (   1.719963e+01   0.000000e+00 -1.228493e+00) (   2.293283e+01   0.000000e+00 -1.648317e+00) 
32.8	(   1.146642e+00   0.000000e+00 -4.800189e+00) (   5.733208e+00   0.000000e+00 -5.222402e+00) (   1.146642e+01   0.000000e+00 -5.170516e+00) (   1.719963e+01   0.000000e+00 -1.242965e+00) (   2.293283e+01   0.000000e+00 -1.648069e+00) 
32.9	(   1.146642e+00   0.000000e+00 -4.780229e+00) (   5.733208e+00   0.000000e+00 -5.255787e+00) (   1.146642e+01   0.000000e+00 -5.142191e+00) (   1.719963e+01   0.000000e+00 -1.256264e+00) (   2.293283e+01   0.000000e+00 -1.647949e+00) 
33	(   1.146642e+00   0.000000e+00 -4.761564e+00) (   5.733208e+00   0.000000e+00 -5.283471e+00) (   1.146642e+01   0.000000e+00 -5.118942e+00) (   1.719963e+01   0.000000e+00 -1.267438e+00) (   2.293283e+01   0.000000e+00 -1.647905e+00) 
33.1	(   1.146642e+00   0.000000e+00 -4.745216e+00) (   5.733208e+00   0.000000e+00 -5.304860e+00) (   1.146642e+01   0.000000e+00 -5.101600e+00) (   1.719963e+01   0.000000e+00 -1.275672e+00) (   2.293283e+01   0.000000e+00 -1.647904e+00) 
33.2	(   1.146642e+00   0.000000e+00 -4.732146e+00) (   5.733208e+00   0.000000e+00 -5.316896e+00) (   1.146642e+01   0.000000e+00 -5.090732e+00) (   1.719963e+01   0.000000e+00 -1.280309e+00) (   2.293283e+01   0.000000e+00 -1.647947e+00) 
33.3	(   1.146642e+00   0.000000e+00 -4.722808e+00) (   5.733208e+00   0.000000e+00 -5.317441e+00) (   1.146642e+01   0.000000e+00 -5.086599e+00) (   1.719963e+01   0.000000e+00 -1.280953e+00) (   2.293283e+01   0.000000e+00 -1.648066e+00) 
33.4	(   1.146642e+00   0.000000e+00 -4.717468e+00) (   5.733208e+00   0.000000e+00 -5.306266e+00) (   1.146642e+01   0.000000e+00 -5.089319e+00) (   1.719963e+01   0.000000e+00 -1.277488e+00) (   2.293283e+01   0.000000e+00 -1.648314e+00) 
33.5	(   1.146642e+00   0.000000e+00 -4.716375e+00) (   5.733208e+00   0.000000e+00 -5.284950e+00) (   1.146642e+01   0.000000e+00 -5.098879e+00) (   1.719963e+01   0.000000e+00 -1.270192e+00) (   2.293283e+01   0.000000e+00 -1.648751e+00) 
33.6	(   1.146642e+00   0.000000e+00 -4.719711e+00) (   5.733208e+00   0.000000e+00 -5.257966e+00) (   1.146642e+01   0.000000e+00 -5.114990e+00) (   1.719963e+01   0.000000e+00 -1.259640e+00) (   2.293283e+01   0.000000e+00 -1.649424e+00) 
33.7	(   1.146642e+00   0.000000e+00 -4.727440e+00) (   5.733208e+00   0.000000e+00 -5.224592e+00) (   1.146642e+01   0.000000e+00 -5.137121e+00) (   1.719963e+01   0.000000e+00 -1.246618e+00) (   2.293283e+01   0.000000e+00 -1.650351e+00) 
33.8	(   1.146642e+00   0.000000e+00 -4.739174e+00) (   5.733208e+00   0.000000e+00 -5.186679e+00) (   1.146642e+01   0.000000e+00 -5.164409e+00) (   1.719963e+01   0.000000e+00 -1.232109e+00) (   2.293283e+01   0.000000e+00 -1.651513e+00) 
33.9	(   1.146642e+00   0.000000e+00 -4.754564e+00) (   5.733208e+00   0.000000e+00 -5.146480e+00) (   1.146642e+01   0.000000e+00 -5.195860e+00) (   1.719963e+01   0.000000e+00 -1.217074e+00) (   2.293283e+01   0.000000e+00 -1.652847e+00) 
34	(   1.146642e+00   0.000000e+00 -4.772966e+00) (   5.733208e+00   0.000000e+00 -5.106203e+00) (   1.146642e+01   0.000000e+00 -5.229940e+00) (   1.719963e+01   0.000000e+00 -1.202518e+00) (   2.293283e+01   0.000000e+00 -1.654243e+00) 
34.1	(   1.146642e+00   0.000000e+00 -4.793518e+00) (   5.733208e+00   0.000000e+00 -5.068117e+00) (   1.146642e+01   0.000000e+00 -5.264803e+00) (   1.719963e+01   0.000000e+00 -1.189395e+00) (   2.293283e+01   0.000000e+00 -1.655571e+00) 
34.2	(   1.146642e+00   0.000000e+00 -4.814972e+00) (   5.733208e+00   0.000000e+00 -5.033996e+00) (   1.146642e+01   0.000000e+00 -5.298629e+00) (   1.719963e+01   0.000000e+00 -1.178312e+00) (   2.293283e+01   0.000000e+00 -1.656680e+00) 
34.3	(   1.146642e+00   0.000000e+00 -4.836375e+00) (   5.733208e+00   0.000000e+00 -5.005591e+00) (   1.146642e+01   0.000000e+00 -5.329240e+00) (   1.719963e+01   0.000000e+00 -1.169650e+00) (   2.293283e+01   0.000000e+00 -1.657428e+00) 
34.4	(   1.146642e+00   0.000000e+00 -4.856214e+00) (   5.733208e+00   0.000000e+00 -4.984371e+00) (   1.146642e+01   0.000000e+00 -5.354638e+00) (   1.719963e+01   0.000000e+00 -1.163578e+00) (   2.293283e+01   0.000000e+00 -1.657710e+00) 
34.5	(   1.146642e+00   0.000000e+00 -4.873060e+00) (   5.733208e+00   0.000000e+00 -4.971302e+00) (   1.146642e+01   0.000000e+00 -5.373484e+00) (   1.719963e+01   0.000000e+00 -1.160073e+00) (   2.293283e+01   0.000000e+00 -1.657489e+00) 
34.6	(   1.146642e+00   0.000000e+00 -4.887116e+00) (   5.733208e+00   0.000000e+00 -4.966661e+00) (   1.146642e+01   0.000000e+00 -5.384613e+00) (   1.719963e+01   0.000000e+00 -1.159028e+00) (   2.293283e+01   0.000000e+00 -1.656797e+00) 
34.7	(   1.146642e+00   0.000000e+00 -4.897127e+00) (   5.733208e+00   0.000000e+00 -4.970459e+00) (   1.146642e+01   0.000000e+00 -5.386267e+00) (   1.719963e+01   0.000000e+00 -1.160334e+00) (   2.293283e+01   0.000000e+00 -1.655731e+00) 
34.8	(   1.146642e+00   0.000000e+00 -4.901231e+00) (   5.733208e+00   0.000000e+00 -4.982602e+00) (   1.146642e+01   0.000000e+00 -5.377923e+00) (   1.719963e+01   0.000000e+00 -1.163929e+00) (   2.293283e+01   0.000000e+00 -1.654431e+00) 
34.9	(   1.146642e+00   0.000000e+00 -4.898664e+00) (   5.733208e+00   0.000000e+00 -5.003182e+00) (   1.146642e+01   0.000000e+00 -5.361891e+00) (   1.719963e+01   0.000000e+00 -1.169800e+00) (   2.293283e+01   0.000000e+00 -1.653044e+00) 
35	(   1.146642e+00   0.000000e+00 -4.889680e+00) (   5.733208e+00   0.000000e+00 -5.030859e+00) (   1.146642e+01   0.000000e+00 -5.338737e+00) (   1.719963e+01   0.000000e+00 -1.177922e+00) (   2.293283e+01   0.000000e+00 -1.651706e+00) 
35.1	(   1.146642e+00   0.000000e+00 -4.875907e+00) (   5.733208e+00   0.000000e+00 -5.064278e+00) (   1.146642e+01   0.000000e+00 -5.309809e+00) (   1.719963e+01   0.000000e+00 -1.188195e+00) (   2.293283e+01   0.000000e+00 -1.650521e+00) 
35.2	(   1.146642e+00   0.000000e+00 -4.860241e+00) (   5.733208e+00   0.000000e+00 -5.101954e+00) (   1.146642e+01   0.000000e+00 -5.277108e+00) (   1.719963e+01   0.000000e+00 -1.200359e+00) (   2.293283e+01   0.000000e+00 -1.649559e+00) 
35.3	(   1.146642e+00   0.000000e+00 -4.841944e+00) (   5.733208e+00   0.000000e+00 -5.141964e+00) (   1.146642e+01   0.000000e+00 -5.242666e+00) (   1.719963e+01   0.000000e+00 -1.213865e+00) (   2.293283e+01   0.000000e+00 -1.648849e+00) 
35.4	(   1.146642e+00   0.000000e+00 -4.822049e+00) (   5.733208e+00   0.000000e+00 -5.182125e+00) (   1.146642e+01   0.000000e+00 -5.208457e+00) (   1.719963e+01   0.000000e+00 -1.227961e+00) (   2.293283e+01   0.000000e+00 -1.648376e+00) 
35.5	(   1.146642e+00   0.000000e+00 -4.801597e+00) (   5.733208e+00   0.000000e+00 -5.220391e+00) (   1.146642e+01   0.000000e+00 -5.176410e+00) (   1.719963e+01   0.000000e+00 -1.241866e+00) (   2.293283e+01   0.000000e+00 -1.648099e+00) 
35.6	(   1.146642e+00   0.000000e+00 -4.781603e+00) (   5.733208e+00   0.000000e+00 -5.254428e+00) (   1.146642e+01   0.000000e+00 -5.147961e+00) (   1.719963e+01   0.000000e+00 -1.254673e+00) (   2.293283e+01   0.000000e+00 -1.647961e+00) 
35.7	(   1.146642e+00   0.000000e+00 -4.762878e+00) (   5.733208e+00   0.000000e+00 -5.282770e+00) (   1.146642e+01   0.000000e+00 -5.124295e+00) (   1.719963e+01   0.000000e+00 -1.265463e+00) (   2.293283e+01   0.000000e+00 -1.647908e+00) 
35.8	(   1.146642e+00   0.000000e+00 -4.746403e+00) (   5.733208e+00   0.000000e+00 -5.304909e+00) (   1.146642e+01   0.000000e+00 -5.106277e+00) (   1.719963e+01   0.000000e+00 -1.273446e+00) (   2.293283e+01   0.000000e+00 -1.647900e+00) 
35.9	(   1.146642e+00   0.000000e+00 -4.733158e+00) (   5.733208e+00   0.000000e+00 -5.317732e+00) (   1.146642e+01   0.000000e+00 -5.094474e+00) (   1.719963e+01   0.000000e+00 -1.277983e+00) (   2.293283e+01   0.000000e+00 -1.647933e+00) 
36	(   1.146642e+00   0.000000e+00 -4.723643e+00) (   5.733208e+00   0.000000e+00 -5.318965e+00) (   1.146642e+01   0.000000e+00 -5.089218e+00) (   1.719963e+01   0.000000e+00 -1.278662e+00) (   2.293283e+01   0.000000e+00 -1.648035e+00) 
36.1	(   1.146642e+00   0.000000e+00 -4.718114e+00) (   5.733208e+00   0.000000e+00 -5.308265e+00) (   1.146642e+01   0.000000e+00 -5.090648e+00) (   1.719963e+01   0.000000e+00 -1.275387e+00) (   2.293283e+01   0.000000e+00 -1.648256e+00) 
36.2	(   1.146642e+00   0.000000e+00 -4.716816e+00) (   5.733208e+00   0.000000e+00 -5.287135e+00) (   1.146642e+01   0.000000e+00 -5.098815e+00) (   1.719963e+01   0.000000e+00 -1.268404e+00) (   2.293283e+01   0.000000e+00 -1.648657e+00) 
36.3	(   1.146642e+00   0.000000e+00 -4.719933e+00) (   5.733208e+00   0.000000e+00 -5.260038e+00) (   1.146642e+01   0.000000e+00 -5.113507e+00) (   1.719963e+01   0.000000e+00 -1.258222e+00) (   2.293283e+01   0.000000e+00 -1.649288e+00) 
36.4	(   1.146642e+00   0.000000e+00 -4.727450e+00) (   5.733208e+00   0.000000e+00 -5.226606e+00) (   1.146642e+01   0.000000e+00 -5.134272e+00) (   1.719963e+01   0.000000e+00 -1.245584e+00) (   2.293283e+01   0.000000e+00 -1.650175e+00) 
36.5	(   1.146642e+00   0.000000e+00 -4.738992e+00) (   5.733208e+00   0.000000e+00 -5.188490e+00) (   1.146642e+01   0.000000e+00 -5.160334e+00) (   1.719963e+01   0.000000e+00 -1.231444e+00) (   2.293283e+01   0.000000e+00 -1.651302e+00) 
36.6	(   1.146642e+00   0.000000e+00 -4.754193e+00) (   5.733208e+00   0.000000e+00 -5.147990e+00) (   1.146642e+01   0.000000e+00 -5.190746e+00) (   1.719963e+01   0.000000e+00 -1.216743e+00) (   2.293283e+01   0.000000e+00 -1.652611e+00) 
36.7	(   1.146642e+00   0.000000e+00 -4.772423e+00) (   5.733208e+00   0.000000e+00 -5.107346e+00) (   1.146642e+01   0.000000e+00 -5.224103e+00) (   1.719963e+01   0.000000e+00 -1.202520e+00) (   2.293283e+01   0.000000e+00 -1.654013e+00) 
36.8	(   1.146642e+00   0.000000e+00 -4.792829e+00) (   5.733208e+00   0.000000e+00 -5.068861e+00) (   1.146642e+01   0.000000e+00 -5.258580e+00) (   1.719963e+01   0.000000e+00 -1.189718e+00) (   2.293283e+01   0.000000e+00 -1.655372e+00) 
36.9	(   1.146642e+00   0.000000e+00 -4.814129e+00) (   5.733208e+00   0.000000e+00 -5.034350e+00) (   1.146642e+01   0.000000e+00 -5.292347e+00) (   1.719963e+01   0.000000e+00 -1.178931e+00) (   2.293283e+01   0.000000e+00 -1.656535e+00) 
37	(   1.146642e+00   0.000000e+00 -4.835334e+00) (   5.733208e+00   0.000000e+00 -5.005577e+00) (   1.146642e+01   0.000000e+00 -5.323292e+00) (   1.719963e+01   0.000000e+00 -1.170548e+00) (   2.293283e+01   0.000000e+00 -1.657362e+00) 
37.1	(   1.146642e+00   0.000000e+00 -4.854975e+00) (   5.733208e+00   0.000000e+00 -4.984046e+00) (   1.146642e+01   0.000000e+00 -5.349352e+00) (   1.719963e+01   0.000000e+00 -1.164729e+00) (   2.293283e+01   0.000000e+00 -1.657738e+00) 
37.2	(   1.146642e+00   0.000000e+00 -4.871559e+00) (   5.733208e+00   0.000000e+00 -4.970718e+00) (   1.146642e+01   0.000000e+00 -5.368951e+00) (   1.719963e+01   0.000000e+00 -1.161450e+00) (   2.293283e+01   0.000000e+00 -1.657610e+00) 
37.3	(   1.146642e+00   0.000000e+00 -4.885116e+00) (   5.733208e+00   0.000000e+00 -4.965856e+00) (   1.146642e+01   0.000000e+00 -5.381107e+00) (   1.719963e+01   0.000000e+00 -1.160576e+00) (   2.293283e+01   0.000000e+00 -1.657001e+00) 
37.4	(   1.146642e+00   0.000000e+00 -4.894702e+00) (   5.733208e+00   0.000000e+00 -4.969474e+00) (   1.146642e+01   0.000000e+00 -5.384102e+00) (   1.719963e+01   0.000000e+00 -1.161969e+00) (   2.293283e+01   0.000000e+00 -1.655997e+00) 
37.5	(   1.146642e+00   0.000000e+00 -4.898676e+00) (   5.733208e+00   0.000000e+00 -4.981472e+00) (   1.146642e+01   0.000000e+00 -5.377200e+00) (   1.719963e+01   0.000000e+00 -1.165536e+00) (   2.293283e+01   0.000000e+00 -1.654731e+00) 
37.6	(   1.146642e+00   0.000000e+00 -4.896355e+00) (   5.733208e+00   0.000000e+00 -5.001933e+00) (   1.146642e+01   0.000000e+00 -5.362375e+00) (   1.719963e+01   0.000000e+00 -1.171243e+00) (   2.293283e+01   0.000000e+00 -1.653347e+00) 
37.7	(   1.146642e+00   0.000000e+00 -4.887932e+00) (   5.733208e+00   0.000000e+00 -5.029568e+00) (   1.146642e+01   0.000000e+00 -5.340299e+00) (   1.719963e+01   0.000000e+00 -1.179063e+00) (   2.293283e+01   0.000000e+00 -1.651985e+00) 
37.8	(   1.146642e+00   0.000000e+00 -4.874913e+00) (   5.733208e+00   0.000000e+00 -5.062979e+00) (   1.146642e+01   0.000000e+00 -5.312268e+00) (   1.719963e+01   0.000000e+00 -1.188940e+00) (   2.293283e+01   0.000000e+00 -1.650758e+00) 
37.9	(   1.146642e+00   0.000000e+00 -4.859712e+00) (   5.733208e+00   0.000000e+00 -5.100667e+00) (   1.146642e+01   0.000000e+00 -5.280245e+00) (   1.719963e+01   0.000000e+00 -1.200640e+00) (   2.293283e+01   0.000000e+00 -1.649744e+00) 
38	(   1.146642e+00   0.000000e+00 -4.841862e+00) (   5.733208e+00   0.000000e+00 -5.140722e+00) (   1.146642e+01   0.000000e+00 -5.246285e+00) (   1.719963e+01   0.000000e+00 -1.213654e+00) (   2.293283e+01   0.000000e+00 -1.648979e+00) 
38.1	(   1.146642e+00   0.000000e+00 -4.822383e+00) (   5.733208e+00   0.000000e+00 -5.180944e+00) (   1.146642e+01   0.000000e+00 -5.212352e+00) (   1.719963e+01   0.000000e+00 -1.227282e+00) (   2.293283e+01   0.000000e+00 -1.648457e+00) 
38.2	(   1.146642e+00   0.000000e+00 -4.802290e+00) (   5.733208e+00   0.000000e+00 -5.219287e+00) (   1.146642e+01   0.000000e+00 -5.180384e+00) (   1.719963e+01   0.000000e+00 -1.240795e+00) (   2.293283e+01   0.000000e+00 -1.648145e+00) 
38.3	(   1.146642e+00   0.000000e+00 -4.782637e+00) (   5.733208e+00   0.000000e+00 -5.253419e+00) (   1.146642e+01   0.000000e+00 -5.151886e+00) (   1.719963e+01   0.000000e+00 -1.253316e+00) (   2.293283e+01   0.000000e+00 -1.647983e+00) 
38.4	(   1.146642e+00   0.000000e+00 -4.764210e+00) (   5.733208e+00   0.000000e+00 -5.281812e+00) (   1.146642e+01   0.000000e+00 -5.128030e+00) (   1.719963e+01   0.000000e+00 -1.263932e+00) (   2.293283e+01   0.000000e+00 -1.647915e+00) 
38.5	(   1.146642e+00   0.000000e+00 -4.747933e+00) (   5.733208e+00   0.000000e+00 -5.304011e+00) (   1.146642e+01   0.000000e+00 -5.109702e+00) (   1.719963e+01   0.000000e+00 -1.271870e+00) (   2.293283e+01   0.000000e+00 -1.647900e+00) 
38.6	(   1.146642e+00   0.000000e+00 -4.734781e+00) (   5.733208e+00   0.000000e+00 -5.316960e+00) (   1.146642e+01   0.000000e+00 -5.097464e+00) (   1.719963e+01   0.000000e+00 -1.276484e+00) (   2.293283e+01   0.000000e+00 -1.647923e+00) 
38.7	(   1.146642e+00   0.000000e+00 -4.725304e+00) (   5.733208e+00   0.000000e+00 -5.318391e+00) (   1.146642e+01   0.000000e+00 -5.091681e+00) (   1.719963e+01   0.000000e+00 -1.277349e+00) (   2.293283e+01   0.000000e+00 -1.648007e+00) 
38.8	(   1.146642e+00   0.000000e+00 -4.719728e+00) (   5.733208e+00   0.000000e+00 -5.307936e+00) (   1.146642e+01   0.000000e+00 -5.092482e+00) (   1.719963e+01   0.000000e+00 -1.274337e+00) (   2.293283e+01   0.000000e+00 -1.648199e+00) 
38.9	(   1.146642e+00   0.000000e+00 -4.718300e+00) (   5.733208e+00   0.000000e+00 -5.287059e+00) (   1.146642e+01   0.000000e+00 -5.099920e+00) (   1.719963e+01   0.000000e+00 -1.267650e+00) (   2.293283e+01   0.000000e+00 -1.648557e+00) 
39	(   1.146642e+00   0.000000e+00 -4.721209e+00) (   5.733208e+00   0.000000e+00 -5.260181e+00) (   1.146642e+01   0.000000e+00 -5.113800e+00) (   1.719963e+01   0.000000e+00 -1.257769e+00) (   2.293283e+01   0.000000e+00 -1.649135e+00) 
39.1	(   1.146642e+00   0.000000e+00 -4.728465e+00) (   5.733208e+00   0.000000e+00 -5.226951e+00) (   1.146642e+01   0.000000e+00 -5.133684e+00) (   1.719963e+01   0.000000e+00 -1.245404e+00) (   2.293283e+01   0.000000e+00 -1.649965e+00) 
39.2	(   1.146642e+00   0.000000e+00 -4.739716e+00) (   5.733208e+00   0.000000e+00 -5.189018e+00) (   1.146642e+01   0.000000e+00 -5.158826e+00) (   1.719963e+01   0.000000e+00 -1.231479e+00) (   2.293283e+01   0.000000e+00 -1.651042e+00) 
39.3	(   1.146642e+00   0.000000e+00 -4.754567e+00) (   5.733208e+00   0.000000e+00 -5.148671e+00) (   1.146642e+01   0.000000e+00 -5.188313e+00) (   1.719963e+01   0.000000e+00 -1.216895e+00) (   2.293283e+01   0.000000e+00 -1.652318e+00) 
39.4	(   1.146642e+00   0.000000e+00 -4.772408e+00) (   5.733208e+00   0.000000e+00 -5.108145e+00) (   1.146642e+01   0.000000e+00 -5.220809e+00) (   1.719963e+01   0.000000e+00 -1.202687e+00) (   2.293283e+01   0.000000e+00 -1.653705e+00) 
39.5	(   1.146642e+00   0.000000e+00 -4.792394e+00) (   5.733208e+00   0.000000e+00 -5.069745e+00) (   1.146642e+01   0.000000e+00 -5.254547e+00) (   1.719963e+01   0.000000e+00 -1.189854e+00) (   2.293283e+01   0.000000e+00 -1.655079e+00) 
39.6	(   1.146642e+00   0.000000e+00 -4.813235e+00) (   5.733208e+00   0.000000e+00 -5.035290e+00) (   1.146642e+01   0.000000e+00 -5.287726e+00) (   1.719963e+01   0.000000e+00 -1.179042e+00) (   2.293283e+01   0.000000e+00 -1.656284e+00) 
39.7	(   1.146642e+00   0.000000e+00 -4.833919e+00) (   5.733208e+00   0.000000e+00 -5.006532e+00) (   1.146642e+01   0.000000e+00 -5.318341e+00) (   1.719963e+01   0.000000e+00 -1.170699e+00) (   2.293283e+01   0.000000e+00 -1.657182e+00) 
39.8	(   1.146642e+00   0.000000e+00 -4.853055e+00) (   5.733208e+00   0.000000e+00 -4.984973e+00) (   1.146642e+01   0.000000e+00 -5.344323e+00) (   1.719963e+01   0.000000e+00 -1.165004e+00) (   2.293283e+01   0.000000e+00 -1.657652e+00) 
39.9	(   1.146642e+00   0.000000e+00 -4.869148e+00) (   5.733208e+00   0.000000e+00 -4.971585e+00) (   1.146642e+01   0.000000e+00 -5.363994e+00) (   1.719963e+01   0.000000e+00 -1.161913e+00) (   2.293283e+01   0.000000e+00 -1.657627e+00) 
40	(   1.146642e+00   0.000000e+00 -4.881949e+00) (   5.733208e+00   0.000000e+00 -4.966633e+00) (   1.146642e+01   0.000000e+00 -5.376420e+00) (   1.719963e+01   0.000000e+00 -1.161246e+00) (   2.293283e+01   0.000000e+00 -1.657112e+00) 
