# Force       
# CofR        : (2.293280e+01 0.000000e+00 -2.860000e-01)
#
# Time        	total_x total_y total_z	pressure_x pressure_y pressure_z	viscous_x viscous_y viscous_z
0.1            -3.059150e+01 9.560478e-02 5.971587e+03 -3.067832e+01 9.561058e-02 5.971608e+03 8.681746e-02 -5.807628e-06 -2.142743e-02
0.2            -1.016641e+01 2.709496e-01 5.969308e+03 -1.032517e+01 2.709570e-01 5.969377e+03 1.587664e-01 -7.423531e-06 -6.883277e-02
0.3            -4.426996e+00 8.950171e-02 5.943903e+03 -4.641430e+00 8.951104e-02 5.944031e+03 2.144341e-01 -9.328305e-06 -1.279404e-01
0.4            2.386066e+01 -9.215193e-01 5.965900e+03 2.360492e+01 -9.215058e-01 5.966066e+03 2.557349e-01 -1.351934e-05 -1.656221e-01
0.5            -4.354363e+01 -1.432639e-01 5.785531e+03 -4.382697e+01 -1.432383e-01 5.785714e+03 2.833342e-01 -2.555035e-05 -1.833157e-01
0.6            3.962246e+01 -1.366475e-01 6.079599e+03 3.932325e+01 -1.366229e-01 6.079788e+03 2.992080e-01 -2.457579e-05 -1.888729e-01
0.7            7.262344e+01 -5.507974e-01 6.058990e+03 7.231853e+01 -5.507728e-01 6.059180e+03 3.049077e-01 -2.458154e-05 -1.904498e-01
0.8            3.423019e+01 1.012256e-01 5.953057e+03 3.392932e+01 1.012345e-01 5.953245e+03 3.008692e-01 -8.904231e-06 -1.876147e-01
0.9            3.296472e+01 1.481509e-01 5.943491e+03 3.267522e+01 1.481461e-01 5.943672e+03 2.895058e-01 4.748223e-06 -1.808929e-01
1              -5.105945e+00 2.140777e-01 5.821408e+03 -5.380674e+00 2.140598e-01 5.821582e+03 2.747283e-01 1.790673e-05 -1.733748e-01
1.1            -1.576610e+01 1.395038e-01 5.780359e+03 -1.602389e+01 1.394753e-01 5.780523e+03 2.577895e-01 2.849035e-05 -1.638798e-01
1.2            7.191815e+00 2.986172e-01 5.878466e+03 6.953409e+00 2.985820e-01 5.878617e+03 2.384061e-01 3.520303e-05 -1.504734e-01
1.3            -4.598323e-01 2.429037e-01 5.829746e+03 -6.752195e-01 2.428660e-01 5.829880e+03 2.153872e-01 3.763778e-05 -1.339237e-01
1.4            1.528522e+01 4.825862e-01 5.855073e+03 1.509622e+01 4.825461e-01 5.855188e+03 1.889998e-01 4.007349e-05 -1.149997e-01
1.5            3.587523e+01 5.460863e-01 5.868632e+03 3.571719e+01 5.460432e-01 5.868724e+03 1.580359e-01 4.312751e-05 -9.160363e-02
1.6            3.869097e+01 5.257669e-01 5.859586e+03 3.856760e+01 5.257207e-01 5.859653e+03 1.233666e-01 4.622301e-05 -6.724451e-02
1.7            6.636942e+01 5.265173e-01 5.909599e+03 6.628171e+01 5.264672e-01 5.909644e+03 8.770926e-02 5.019847e-05 -4.565421e-02
1.8            5.178012e+01 2.115622e-01 5.867739e+03 5.172669e+01 2.115175e-01 5.867768e+03 5.342763e-02 4.467047e-05 -2.959589e-02
1.9            5.253640e+01 2.169938e-01 5.870928e+03 5.251330e+01 2.169556e-01 5.870947e+03 2.309725e-02 3.818661e-05 -1.863897e-02
2              2.680970e+01 -1.506520e-01 5.790080e+03 2.681254e+01 -1.506798e-01 5.790092e+03 -2.838164e-03 2.781004e-05 -1.157905e-02
2.1            5.363977e+01 2.113641e-01 5.876974e+03 5.366402e+01 2.113387e-01 5.876981e+03 -2.425224e-02 2.537566e-05 -6.747023e-03
2.2            6.094135e+01 5.764558e-02 5.901386e+03 6.098420e+01 5.762531e-02 5.901389e+03 -4.285108e-02 2.026550e-05 -3.151324e-03
2.3            6.223135e+01 -1.118625e-01 5.906147e+03 6.228935e+01 -1.118762e-01 5.906147e+03 -5.799298e-02 1.366931e-05 -3.454534e-04
2.4            5.911504e+01 -3.089121e-01 5.879815e+03 5.918601e+01 -3.089210e-01 5.879813e+03 -7.097267e-02 8.872539e-06 2.021917e-03
2.5            5.662622e+01 -3.699919e-01 5.890772e+03 5.670687e+01 -3.699939e-01 5.890769e+03 -8.064816e-02 1.961115e-06 3.643511e-03
2.6            4.679283e+01 -2.834120e-01 5.892215e+03 4.687895e+01 -2.834087e-01 5.892212e+03 -8.611552e-02 -3.331130e-06 3.711498e-03
2.7            3.805239e+01 -3.275628e-01 5.891788e+03 3.813847e+01 -3.275569e-01 5.891786e+03 -8.607617e-02 -5.934928e-06 2.543940e-03
2.8            2.540467e+01 -3.004787e-01 5.888243e+03 2.548538e+01 -3.004715e-01 5.888242e+03 -8.070111e-02 -7.160095e-06 1.299095e-03
2.9            1.030548e+01 -4.019569e-01 5.859454e+03 1.037608e+01 -4.019479e-01 5.859453e+03 -7.060269e-02 -9.007801e-06 7.477506e-04
3              -2.704005e+00 -2.260309e-01 5.851154e+03 -2.647052e+00 -2.260208e-01 5.851153e+03 -5.695277e-02 -1.004408e-05 1.152781e-03
3.1            -6.230748e+00 -2.176914e-01 5.864997e+03 -6.189507e+00 -2.176781e-01 5.864995e+03 -4.124055e-02 -1.328313e-05 2.466536e-03
3.2            -1.223090e+01 -1.934585e-01 5.859229e+03 -1.220566e+01 -1.934427e-01 5.859226e+03 -2.524181e-02 -1.583353e-05 3.280520e-03
3.3            -1.119238e+01 2.861990e-03 5.863293e+03 -1.118235e+01 2.879329e-03 5.863289e+03 -1.002784e-02 -1.733946e-05 3.401414e-03
3.4            -1.129891e+01 1.016254e-01 5.871201e+03 -1.130168e+01 1.016405e-01 5.871196e+03 2.768625e-03 -1.511019e-05 4.434973e-03
3.5            -6.819735e+00 5.435127e-02 5.860242e+03 -6.831395e+00 5.436506e-02 5.860235e+03 1.165974e-02 -1.378450e-05 7.394995e-03
3.6            -5.266277e+00 -3.414644e-02 5.860962e+03 -5.283567e+00 -3.413155e-02 5.860952e+03 1.728949e-02 -1.488422e-05 1.036331e-02
3.7            -1.965811e-01 1.897676e-01 5.875712e+03 -2.170980e-01 1.897835e-01 5.875700e+03 2.051692e-02 -1.597793e-05 1.234488e-02
3.8            3.225209e+00 2.306912e-01 5.881157e+03 3.204051e+00 2.307063e-01 5.881144e+03 2.115805e-02 -1.509297e-05 1.322700e-02
3.9            3.209685e+00 4.387661e-01 5.897322e+03 3.190436e+00 4.387794e-01 5.897308e+03 1.924923e-02 -1.327200e-05 1.312690e-02
4              5.956008e+00 1.522180e-01 5.881633e+03 5.940385e+00 1.522300e-01 5.881621e+03 1.562261e-02 -1.195785e-05 1.175266e-02
4.1            1.251990e+01 -7.516962e-01 5.908625e+03 1.250859e+01 -7.516811e-01 5.908616e+03 1.130704e-02 -1.503708e-05 9.673581e-03
4.2            1.400492e+01 -4.836779e-02 5.912043e+03 1.399884e+01 -4.835188e-02 5.912036e+03 6.085555e-03 -1.590019e-05 6.830167e-03
4.3            1.284747e+01 -1.173836e-01 5.909650e+03 1.284676e+01 -1.173689e-01 5.909646e+03 7.076507e-04 -1.465288e-05 3.417353e-03
4.4            1.608273e+01 -1.799448e-01 5.920839e+03 1.608689e+01 -1.799283e-01 5.920839e+03 -4.159805e-03 -1.641832e-05 -7.459761e-04
4.5            1.940547e+01 -2.464430e-01 5.927420e+03 1.941372e+01 -2.464246e-01 5.927426e+03 -8.245814e-03 -1.843388e-05 -5.497702e-03
4.6            2.541359e+01 -2.246204e-01 5.931731e+03 2.542566e+01 -2.245999e-01 5.931741e+03 -1.206765e-02 -2.055526e-05 -1.050124e-02
4.7            2.412023e+01 -3.206844e-01 5.929912e+03 2.413505e+01 -3.206621e-01 5.929928e+03 -1.481963e-02 -2.234454e-05 -1.599331e-02
4.8            2.847334e+01 -3.262947e-01 5.945830e+03 2.848949e+01 -3.262692e-01 5.945851e+03 -1.614383e-02 -2.546868e-05 -2.180854e-02
4.9            2.208284e+01 -2.434726e-01 5.936456e+03 2.209860e+01 -2.434439e-01 5.936484e+03 -1.576388e-02 -2.869862e-05 -2.760756e-02
5              1.900730e+01 -2.890909e-01 5.911936e+03 1.902120e+01 -2.890587e-01 5.911969e+03 -1.390301e-02 -3.217725e-05 -3.247882e-02
5.1            1.739448e+01 -2.421511e-01 5.912624e+03 1.740471e+01 -2.421136e-01 5.912659e+03 -1.023667e-02 -3.753477e-05 -3.565017e-02
5.2            9.805531e+00 -2.043696e-01 5.887298e+03 9.810069e+00 -2.043274e-01 5.887335e+03 -4.537839e-03 -4.226602e-05 -3.741148e-02
5.3            6.723181e+00 -1.105119e-01 5.879893e+03 6.719953e+00 -1.104662e-01 5.879932e+03 3.228223e-03 -4.572153e-05 -3.827959e-02
5.4            8.437727e+00 -5.617427e-02 5.884557e+03 8.425069e+00 -5.612640e-02 5.884595e+03 1.265825e-02 -4.787108e-05 -3.847557e-02
5.5            4.981121e+00 8.671879e-02 5.873550e+03 4.958334e+00 8.676626e-02 5.873588e+03 2.278687e-02 -4.746912e-05 -3.762494e-02
5.6            2.553457e+00 9.645514e-02 5.862818e+03 2.520898e+00 9.649566e-02 5.862854e+03 3.255860e-02 -4.051970e-05 -3.586135e-02
5.7            1.036794e+01 9.021355e-02 5.865800e+03 1.032693e+01 9.024776e-02 5.865834e+03 4.101446e-02 -3.420857e-05 -3.322557e-02
5.8            1.302974e+01 2.265904e-01 5.861688e+03 1.298233e+01 2.266248e-01 5.861718e+03 4.740188e-02 -3.445945e-05 -2.975635e-02
5.9            1.601250e+01 3.991302e-01 5.863791e+03 1.596154e+01 3.991653e-01 5.863816e+03 5.095175e-02 -3.516807e-05 -2.530809e-02
6              1.845982e+01 2.687100e-01 5.851364e+03 1.840777e+01 2.687415e-01 5.851384e+03 5.205039e-02 -3.153742e-05 -2.014013e-02
6.1            1.750254e+01 4.203066e-01 5.844647e+03 1.745170e+01 4.203328e-01 5.844662e+03 5.084521e-02 -2.613951e-05 -1.475648e-02
6.2            2.703996e+01 2.250314e-01 5.867730e+03 2.699205e+01 2.250539e-01 5.867740e+03 4.791652e-02 -2.243992e-05 -9.858968e-03
6.3            2.317515e+01 3.065422e-01 5.865092e+03 2.313148e+01 3.065596e-01 5.865098e+03 4.367907e-02 -1.742345e-05 -5.892082e-03
6.4            2.509784e+01 2.818491e-01 5.880372e+03 2.505916e+01 2.818654e-01 5.880375e+03 3.868076e-02 -1.627293e-05 -3.014521e-03
6.5            2.209626e+01 2.522560e-01 5.882503e+03 2.206307e+01 2.522681e-01 5.882504e+03 3.318887e-02 -1.207904e-05 -9.618218e-04
6.6            2.472725e+01 7.520667e-02 5.893003e+03 2.469997e+01 7.521560e-02 5.893003e+03 2.728027e-02 -8.929278e-06 2.988922e-04
6.7            1.425273e+01 7.871819e-02 5.882183e+03 1.423121e+01 7.872017e-02 5.882182e+03 2.151551e-02 -1.984566e-06 2.076690e-04
6.8            1.626341e+01 3.298199e-02 5.894346e+03 1.624754e+01 3.298139e-02 5.894347e+03 1.587377e-02 5.988075e-07 -1.009640e-03
6.9            1.410061e+01 -2.397823e-02 5.895469e+03 1.409041e+01 -2.397120e-02 5.895472e+03 1.019730e-02 -7.037707e-06 -2.753390e-03
7              1.316836e+01 -1.251665e-01 5.900492e+03 1.316387e+01 -1.251524e-01 5.900496e+03 4.486903e-03 -1.403886e-05 -4.267961e-03
7.1            8.585647e+00 -2.020450e-01 5.887723e+03 8.586581e+00 -2.020387e-01 5.887729e+03 -9.334483e-04 -6.348761e-06 -5.655827e-03
7.2            6.014186e+00 -1.758401e-01 5.901175e+03 6.019282e+00 -1.758462e-01 5.901182e+03 -5.095557e-03 6.150410e-06 -7.406402e-03
7.3            9.527086e-01 -1.830738e-01 5.895700e+03 9.603093e-01 -1.830745e-01 5.895709e+03 -7.600685e-03 7.237472e-07 -9.581642e-03
7.4            -2.143116e+00 -3.000812e-01 5.897785e+03 -2.134581e+00 -3.000679e-01 5.897797e+03 -8.535008e-03 -1.331824e-05 -1.153545e-02
7.5            -5.090257e+00 -3.040087e-01 5.900166e+03 -5.082424e+00 -3.039928e-01 5.900179e+03 -7.832179e-03 -1.587287e-05 -1.308875e-02
7.6            -7.541693e+00 -2.716484e-01 5.904383e+03 -7.536353e+00 -2.716400e-01 5.904397e+03 -5.339690e-03 -8.411902e-06 -1.431997e-02
7.7            -8.904746e+00 -2.727971e-01 5.900326e+03 -8.903277e+00 -2.727870e-01 5.900341e+03 -1.468426e-03 -1.014285e-05 -1.521396e-02
7.8            -8.817014e+00 -2.150732e-01 5.897381e+03 -8.820158e+00 -2.150530e-01 5.897397e+03 3.144318e-03 -2.020458e-05 -1.556813e-02
7.9            -3.121320e+00 -9.268625e-02 5.905935e+03 -3.128810e+00 -9.266022e-02 5.905950e+03 7.490529e-03 -2.602980e-05 -1.527192e-02
8              -1.866708e+00 1.403909e-01 5.894483e+03 -1.878583e+00 1.404144e-01 5.894498e+03 1.187473e-02 -2.347838e-05 -1.474946e-02
8.1            6.369890e+00 -3.580561e-04 5.905629e+03 6.354251e+00 -3.369827e-04 5.905643e+03 1.563893e-02 -2.107340e-05 -1.398248e-02
8.2            8.156270e+00 8.185314e-02 5.896624e+03 8.137704e+00 8.187469e-02 5.896638e+03 1.856573e-02 -2.154669e-05 -1.333311e-02
8.3            1.236858e+01 1.046258e-01 5.892604e+03 1.234784e+01 1.046488e-01 5.892617e+03 2.074544e-02 -2.302001e-05 -1.257693e-02
8.4            2.271362e+01 -1.076640e-02 5.901128e+03 2.269166e+01 -1.075031e-02 5.901139e+03 2.195999e-02 -1.608579e-05 -1.165258e-02
8.5            2.976199e+01 1.381220e-01 5.913639e+03 2.973936e+01 1.381375e-01 5.913650e+03 2.263665e-02 -1.547065e-05 -1.060904e-02
8.6            2.887897e+01 1.275967e-01 5.904262e+03 2.885642e+01 1.276152e-01 5.904271e+03 2.254881e-02 -1.856562e-05 -9.886867e-03
8.7            3.385633e+01 6.690400e-02 5.913314e+03 3.383408e+01 6.692141e-02 5.913323e+03 2.225646e-02 -1.741158e-05 -9.851269e-03
8.8            3.051927e+01 -5.769783e-02 5.893066e+03 3.049745e+01 -5.768555e-02 5.893076e+03 2.182277e-02 -1.228309e-05 -1.063551e-02
8.9            3.442462e+01 -1.277511e-01 5.904134e+03 3.440319e+01 -1.277382e-01 5.904146e+03 2.142387e-02 -1.286500e-05 -1.210846e-02
9              3.082229e+01 -3.982353e-01 5.875656e+03 3.080101e+01 -3.982218e-01 5.875670e+03 2.127932e-02 -1.349551e-05 -1.420066e-02
9.1            3.023043e+01 -3.246485e-01 5.887102e+03 3.020939e+01 -3.246384e-01 5.887118e+03 2.103272e-02 -1.003261e-05 -1.611945e-02
9.2            3.182336e+01 -2.925072e-01 5.894270e+03 3.180248e+01 -2.924975e-01 5.894289e+03 2.088134e-02 -9.747283e-06 -1.816230e-02
9.3            2.634347e+01 -2.443874e-01 5.879015e+03 2.632261e+01 -2.443690e-01 5.879035e+03 2.086120e-02 -1.838623e-05 -2.016206e-02
9.4            2.704483e+01 -3.110630e-01 5.889701e+03 2.702390e+01 -3.110410e-01 5.889722e+03 2.092850e-02 -2.205287e-05 -2.170006e-02
9.5            2.075114e+01 -2.125881e-01 5.886786e+03 2.072985e+01 -2.125685e-01 5.886809e+03 2.128380e-02 -1.950612e-05 -2.304094e-02
9.6            1.423319e+01 -1.494383e-01 5.877328e+03 1.421091e+01 -1.494200e-01 5.877351e+03 2.228141e-02 -1.828687e-05 -2.393795e-02
9.7            2.530236e+00 -1.271128e-01 5.871809e+03 2.506173e+00 -1.270943e-01 5.871833e+03 2.406316e-02 -1.854143e-05 -2.458947e-02
9.8            -5.051771e+00 -1.696712e-01 5.870628e+03 -5.078292e+00 -1.696538e-01 5.870653e+03 2.652162e-02 -1.742028e-05 -2.502596e-02
9.9            -9.182684e+00 -1.130072e-02 5.864262e+03 -9.212532e+00 -1.128138e-02 5.864287e+03 2.984771e-02 -1.934269e-05 -2.529756e-02
10             -1.335978e+01 3.827431e-02 5.865844e+03 -1.339371e+01 3.829889e-02 5.865869e+03 3.393041e-02 -2.457337e-05 -2.547172e-02
10.1           -1.801003e+01 7.038122e-02 5.868601e+03 -1.804863e+01 7.040617e-02 5.868627e+03 3.860029e-02 -2.494613e-05 -2.571129e-02
10.2           -2.219231e+01 1.148708e-01 5.862679e+03 -2.223557e+01 1.148906e-01 5.862704e+03 4.326165e-02 -1.976888e-05 -2.572355e-02
10.3           -2.323951e+01 1.928712e-01 5.868284e+03 -2.328670e+01 1.928948e-01 5.868309e+03 4.718559e-02 -2.352656e-05 -2.525563e-02
10.4           -2.714183e+01 1.499439e-01 5.859971e+03 -2.719175e+01 1.499721e-01 5.859995e+03 4.992833e-02 -2.812489e-05 -2.403148e-02
10.5           -2.376384e+01 8.277651e-02 5.872192e+03 -2.381508e+01 8.279801e-02 5.872214e+03 5.124977e-02 -2.150671e-05 -2.208965e-02
10.6           -2.408750e+01 1.221059e-01 5.874505e+03 -2.413878e+01 1.221191e-01 5.874525e+03 5.127744e-02 -1.318653e-05 -1.965337e-02
10.7           -2.837335e+01 1.312033e-01 5.860071e+03 -2.842344e+01 1.312187e-01 5.860088e+03 5.008499e-02 -1.539834e-05 -1.664104e-02
10.8           -3.775587e+01 1.658214e-01 5.830377e+03 -3.780368e+01 1.658445e-01 5.830390e+03 4.781501e-02 -2.312605e-05 -1.296496e-02
10.9           -1.945612e+01 9.214697e-02 5.877656e+03 -1.950091e+01 9.217005e-02 5.877665e+03 4.479070e-02 -2.307544e-05 -9.199875e-03
11             -8.222704e+00 -2.995141e-02 5.900274e+03 -8.263349e+00 -2.992569e-02 5.900279e+03 4.064502e-02 -2.572460e-05 -5.247840e-03
11.1           -3.379692e+00 6.122433e-02 5.888347e+03 -3.414504e+00 6.125265e-02 5.888348e+03 3.481208e-02 -2.831392e-05 -5.695414e-04
11.2           1.581136e+01 -4.483190e-02 5.936920e+03 1.578311e+01 -4.479576e-02 5.936916e+03 2.825035e-02 -3.613457e-05 4.049273e-03
11.3           2.160510e+01 -5.904959e-02 5.923411e+03 2.158459e+01 -5.901837e-02 5.923404e+03 2.051392e-02 -3.122209e-05 7.702726e-03
11.4           2.956735e+01 -1.039799e-01 5.925503e+03 2.955585e+01 -1.039514e-01 5.925492e+03 1.149709e-02 -2.843533e-05 1.117561e-02
11.5           3.922017e+01 -9.664387e-02 5.935260e+03 3.921781e+01 -9.661345e-02 5.935246e+03 2.367515e-03 -3.042511e-05 1.375460e-02
11.6           4.354901e+01 -7.430342e-02 5.931509e+03 4.355488e+01 -7.427255e-02 5.931493e+03 -5.871457e-03 -3.087592e-05 1.535113e-02
11.7           4.761964e+01 -6.588914e-02 5.930225e+03 4.763231e+01 -6.586308e-02 5.930209e+03 -1.267158e-02 -2.605291e-05 1.595439e-02
11.8           5.469917e+01 -4.395243e-03 5.945786e+03 5.471691e+01 -4.370194e-03 5.945770e+03 -1.773418e-02 -2.504892e-05 1.555288e-02
11.9           5.568843e+01 -1.116063e-02 5.943032e+03 5.570939e+01 -1.111991e-02 5.943018e+03 -2.095358e-02 -4.072036e-05 1.387848e-02
12             5.754120e+01 -1.108647e-01 5.944906e+03 5.756377e+01 -1.108092e-01 5.944895e+03 -2.257448e-02 -5.553650e-05 1.082422e-02
12.1           5.082632e+01 -1.716187e-01 5.923267e+03 5.084941e+01 -1.715742e-01 5.923260e+03 -2.308899e-02 -4.451217e-05 6.917413e-03
12.2           4.835182e+01 -1.732601e-01 5.937932e+03 4.837398e+01 -1.732298e-01 5.937931e+03 -2.215841e-02 -3.028483e-05 1.303026e-03
12.3           5.268617e+01 -1.565237e-01 5.939457e+03 5.270640e+01 -1.564758e-01 5.939461e+03 -2.023545e-02 -4.786426e-05 -4.588104e-03
12.4           4.941834e+01 -3.762725e-02 5.935253e+03 4.943558e+01 -3.755923e-02 5.935264e+03 -1.723769e-02 -6.801832e-05 -1.133191e-02
12.5           6.531515e+01 4.280426e-02 6.082479e+03 6.532773e+01 4.286226e-02 6.082499e+03 -1.258504e-02 -5.799529e-05 -1.948183e-02
12.6           -4.722756e+00 -1.291429e-01 5.862009e+03 -4.715933e+00 -1.290984e-01 5.862037e+03 -6.822976e-03 -4.442139e-05 -2.835043e-02
12.7           5.766296e+01 3.519345e-01 6.176992e+03 5.766171e+01 3.519830e-01 6.177030e+03 1.249191e-03 -4.848426e-05 -3.749506e-02
12.8           -7.428599e+01 4.007758e-01 5.670225e+03 -7.429772e+01 4.008417e-01 5.670272e+03 1.173465e-02 -6.594117e-05 -4.646509e-02
12.9           -4.803750e+01 9.990472e-02 5.809792e+03 -4.806224e+01 9.997165e-02 5.809845e+03 2.474071e-02 -6.693058e-05 -5.319445e-02
13             -6.601964e+01 1.517858e-01 5.806578e+03 -6.605978e+01 1.518397e-01 5.806638e+03 4.013564e-02 -5.386423e-05 -5.956375e-02
13.1           -6.961295e+01 -1.769080e-01 5.814549e+03 -6.967011e+01 -1.768696e-01 5.814613e+03 5.715791e-02 -3.841234e-05 -6.457002e-02
13.2           -1.117978e+02 1.251818e-01 5.656176e+03 -1.118729e+02 1.252252e-01 5.656244e+03 7.517593e-02 -4.338344e-05 -6.754952e-02
13.3           -8.613570e+01 1.066367e-01 5.813485e+03 -8.622832e+01 1.066870e-01 5.813553e+03 9.262406e-02 -5.029940e-05 -6.817081e-02
13.4           -1.116672e+02 1.153724e-01 5.754132e+03 -1.117751e+02 1.154140e-01 5.754197e+03 1.079032e-01 -4.160566e-05 -6.527091e-02
13.5           -8.683991e+01 1.141909e-02 5.836432e+03 -8.695905e+01 1.146089e-02 5.836491e+03 1.191398e-01 -4.179399e-05 -5.937421e-02
13.6           -8.815131e+01 -7.869904e-02 5.794294e+03 -8.827672e+01 -7.864549e-02 5.794346e+03 1.254132e-01 -5.355719e-05 -5.137203e-02
13.7           -6.790728e+01 -1.072290e-01 5.821655e+03 -6.803299e+01 -1.071748e-01 5.821696e+03 1.257108e-01 -5.417894e-05 -4.082298e-02
13.8           -1.542582e+01 -1.404210e-01 5.950697e+03 -1.554539e+01 -1.403640e-01 5.950724e+03 1.195615e-01 -5.702655e-05 -2.713012e-02
13.9           -3.945450e+01 -5.205393e-02 5.820635e+03 -3.956384e+01 -5.199194e-02 5.820649e+03 1.093405e-01 -6.198376e-05 -1.456528e-02
14             6.079770e-02 -2.072814e-01 5.842550e+03 -3.258038e-02 -2.072215e-01 5.842549e+03 9.337808e-02 -5.989193e-05 8.303651e-04
14.1           3.376868e+01 -2.653247e-01 5.897040e+03 3.369623e+01 -2.652615e-01 5.897023e+03 7.245408e-02 -6.321839e-05 1.650453e-02
14.2           6.085172e+01 -1.443175e-01 5.920304e+03 6.080374e+01 -1.442462e-01 5.920274e+03 4.797635e-02 -7.131333e-05 2.986951e-02
14.3           7.311285e+01 -3.453179e-01 5.855734e+03 7.309226e+01 -3.452419e-01 5.855693e+03 2.058710e-02 -7.597518e-05 4.159501e-02
14.4           9.366971e+01 -3.182190e-01 5.902630e+03 9.367730e+01 -3.181510e-01 5.902579e+03 -7.587608e-03 -6.797109e-05 5.063490e-02
14.5           1.068509e+02 -2.208685e-01 5.944595e+03 1.068843e+02 -2.207924e-01 5.944539e+03 -3.342654e-02 -7.609496e-05 5.648804e-02
14.6           9.171919e+01 -1.357958e-02 5.925887e+03 9.177358e+01 -1.347883e-02 5.925830e+03 -5.439023e-02 -1.007540e-04 5.647700e-02
14.7           1.104643e+02 1.501865e+00 5.959371e+03 1.105322e+02 1.501966e+00 5.959319e+03 -6.784125e-02 -1.012735e-04 5.219265e-02
14.8           4.925003e+01 -2.079257e-01 5.858671e+03 4.932483e+01 -2.078418e-01 5.858627e+03 -7.480323e-02 -8.389896e-05 4.338964e-02
14.9           8.495637e+01 7.688719e-02 5.961799e+03 8.503204e+01 7.696297e-02 5.961768e+03 -7.567079e-02 -7.577955e-05 3.148545e-02
15             8.600776e+01 5.624923e-02 5.972695e+03 8.608052e+01 5.633329e-02 5.972677e+03 -7.275408e-02 -8.405856e-05 1.748441e-02
15.1           4.324640e+01 1.178234e-01 5.926555e+03 4.331400e+01 1.179067e-01 5.926554e+03 -6.759606e-02 -8.331839e-05 7.808047e-04
15.2           6.670696e+01 1.778731e-01 6.027845e+03 6.676725e+01 1.779508e-01 6.027864e+03 -6.028476e-02 -7.767352e-05 -1.831297e-02
15.3           2.402270e+01 1.668590e-02 5.946837e+03 2.407326e+01 1.676476e-02 5.946877e+03 -5.056235e-02 -7.886584e-05 -3.949108e-02
15.4           4.860193e+00 2.217093e-01 5.931907e+03 4.899241e+00 2.217828e-01 5.931965e+03 -3.904885e-02 -7.347901e-05 -5.863490e-02
15.5           -1.152202e+02 8.272367e-02 5.726097e+03 -1.151942e+02 8.278651e-02 5.726173e+03 -2.602139e-02 -6.283968e-05 -7.527601e-02
15.6           -7.966350e+01 4.016148e-01 5.824574e+03 -7.965555e+01 4.016647e-01 5.824665e+03 -7.944001e-03 -4.981798e-05 -9.128164e-02
15.7           -1.367837e+02 2.432253e-01 5.686006e+03 -1.367985e+02 2.432706e-01 5.686111e+03 1.481921e-02 -4.525535e-05 -1.050075e-01
15.8           -1.549577e+02 3.010576e-01 5.744690e+03 -1.550004e+02 3.011011e-01 5.744805e+03 4.269532e-02 -4.353515e-05 -1.150442e-01
15.9           -6.200193e+02 -6.474964e-01 4.157621e+03 -6.200952e+02 -6.474675e-01 4.157743e+03 7.594138e-02 -2.891001e-05 -1.212784e-01
16             -1.615124e+02 4.311116e-02 5.829221e+03 -1.616224e+02 4.313023e-02 5.829342e+03 1.100193e-01 -1.906793e-05 -1.209220e-01
16.1           -1.546036e+02 3.298326e-01 5.874870e+03 -1.547448e+02 3.298508e-01 5.874984e+03 1.411913e-01 -1.819337e-05 -1.144746e-01
16.2           -1.567884e+02 8.626160e-02 5.722463e+03 -1.569546e+02 8.629437e-02 5.722566e+03 1.661787e-01 -3.277445e-05 -1.032513e-01
16.3           -1.810483e+02 -7.797785e-02 5.674632e+03 -1.812294e+02 -7.792743e-02 5.674719e+03 1.811626e-01 -5.042680e-05 -8.644745e-02
16.4           -1.375939e+02 5.206696e-02 5.689217e+03 -1.377814e+02 5.211124e-02 5.689283e+03 1.874958e-01 -4.428071e-05 -6.539113e-02
16.5           -3.673423e+01 -5.929938e-02 5.832408e+03 -3.691691e+01 -5.924757e-02 5.832449e+03 1.826830e-01 -5.181359e-05 -4.153270e-02
16.6           -2.509231e+01 -1.726259e-01 5.788674e+03 -2.525860e+01 -1.725531e-01 5.788692e+03 1.662900e-01 -7.282472e-05 -1.832150e-02
16.7           3.900054e+01 -3.459073e-01 5.868132e+03 3.886150e+01 -3.458201e-01 5.868128e+03 1.390404e-01 -8.712981e-05 4.116546e-03
16.8           7.569440e+01 -4.407275e-01 5.846216e+03 7.559282e+01 -4.406319e-01 5.846193e+03 1.015781e-01 -9.564139e-05 2.304408e-02
16.9           1.331965e+02 -5.498306e-01 5.986201e+03 1.331378e+02 -5.497282e-01 5.986165e+03 5.870323e-02 -1.024124e-04 3.670072e-02
17             1.785737e+02 -7.927012e-01 5.973726e+03 1.785616e+02 -7.925947e-01 5.973679e+03 1.207986e-02 -1.065437e-04 4.664358e-02
17.1           1.903139e+02 -6.237942e-01 6.015830e+03 1.903481e+02 -6.236864e-01 6.015776e+03 -3.414477e-02 -1.077137e-04 5.348292e-02
17.2           1.808583e+02 -6.560756e-01 6.005199e+03 1.809311e+02 -6.559693e-01 6.005143e+03 -7.281570e-02 -1.062955e-04 5.651780e-02
17.3           1.560334e+02 -5.352672e-01 5.986294e+03 1.561317e+02 -5.351582e-01 5.986239e+03 -9.828113e-02 -1.089702e-04 5.446832e-02
17.4           1.522333e+02 -4.765370e-01 6.041819e+03 1.523401e+02 -4.764197e-01 6.041773e+03 -1.067691e-01 -1.173189e-04 4.523356e-02
17.5           1.018608e+02 -1.980263e-01 5.977640e+03 1.019613e+02 -1.979055e-01 5.977611e+03 -1.004878e-01 -1.207824e-04 2.934093e-02
17.6           5.854158e+01 -2.806261e-02 5.969013e+03 5.862604e+01 -2.794580e-02 5.969004e+03 -8.445751e-02 -1.168112e-04 8.869713e-03
17.7           8.660296e+01 3.895833e-01 6.051764e+03 8.666688e+01 3.897083e-01 6.051777e+03 -6.392013e-02 -1.250702e-04 -1.279825e-02
17.8           4.657689e+01 2.787359e-02 6.004312e+03 4.661816e+01 2.799892e-02 6.004350e+03 -4.127412e-02 -1.253323e-04 -3.821574e-02
17.9           2.997882e+01 9.406757e-01 5.990849e+03 2.999942e+01 9.408003e-01 5.990914e+03 -2.059183e-02 -1.245726e-04 -6.499184e-02
18             -1.117676e+02 5.094440e-01 5.594451e+03 -1.117640e+02 5.095699e-01 5.594544e+03 -3.638992e-03 -1.259164e-04 -9.264245e-02
18.1           -2.508581e+02 -3.999071e-01 5.288061e+03 -2.508669e+02 -3.997766e-01 5.288179e+03 8.855815e-03 -1.305035e-04 -1.181139e-01
18.2           -4.320022e+01 -5.681235e-02 5.898283e+03 -4.321911e+01 -5.668645e-02 5.898419e+03 1.889518e-02 -1.259009e-04 -1.356076e-01
18.3           -3.704903e+00 -3.235660e-01 6.037300e+03 -3.737203e+00 -3.234456e-01 6.037450e+03 3.229965e-02 -1.203944e-04 -1.500046e-01
18.4           -1.256230e+02 3.596292e-01 5.860776e+03 -1.256717e+02 3.597348e-01 5.860932e+03 4.869692e-02 -1.055821e-04 -1.562836e-01
18.5           -1.380606e+02 -5.319216e-02 5.966344e+03 -1.381330e+02 -5.310331e-02 5.966503e+03 7.246378e-02 -8.885514e-05 -1.583412e-01
18.6           -1.896226e+02 1.973061e-01 5.806258e+03 -1.897237e+02 1.973814e-01 5.806414e+03 1.011058e-01 -7.527110e-05 -1.558397e-01
18.7           -1.821506e+02 4.562885e-01 5.991085e+03 -1.822834e+02 4.563516e-01 5.991232e+03 1.327999e-01 -6.307565e-05 -1.469064e-01
18.8           -2.231463e+02 3.717987e-02 5.737016e+03 -2.233102e+02 3.723704e-02 5.737149e+03 1.638456e-01 -5.716631e-05 -1.322719e-01
18.9           -1.738925e+02 2.496864e-01 5.742339e+03 -1.740798e+02 2.497466e-01 5.742450e+03 1.873207e-01 -6.028192e-05 -1.109789e-01
19             -7.149481e+01 2.337648e-01 5.962898e+03 -7.169492e+01 2.338272e-01 5.962983e+03 2.001101e-01 -6.235216e-05 -8.518921e-02
19.1           -9.609106e+01 1.927807e-01 5.804051e+03 -9.629249e+01 1.928425e-01 5.804111e+03 2.014331e-01 -6.174612e-05 -5.964937e-02
19.2           -2.654071e+01 1.685932e-02 5.881603e+03 -2.672837e+01 1.692875e-02 5.881637e+03 1.876676e-01 -6.943257e-05 -3.394530e-02
19.3           2.612978e+01 -6.965487e-02 5.848137e+03 2.597165e+01 -6.957433e-02 5.848145e+03 1.581222e-01 -8.054727e-05 -8.653951e-03
19.4           6.483691e+01 -7.843815e-01 5.794556e+03 6.471974e+01 -7.842907e-01 5.794546e+03 1.171719e-01 -9.081120e-05 9.439978e-03
19.5           1.389140e+02 -9.412570e-01 5.853810e+03 1.388466e+02 -9.411642e-01 5.853788e+03 6.740604e-02 -9.285496e-05 2.175744e-02
19.6           2.432515e+02 -5.485001e-01 6.324661e+03 2.432395e+02 -5.484017e-01 6.324631e+03 1.195247e-02 -9.843360e-05 2.982887e-02
19.7           2.140861e+02 -7.207984e-01 6.050430e+03 2.141251e+02 -7.206957e-01 6.050398e+03 -3.893731e-02 -1.027317e-04 3.214078e-02
19.8           2.031360e+02 -1.479248e+00 6.013613e+03 2.032180e+02 -1.479143e+00 6.013581e+03 -8.201870e-02 -1.044287e-04 3.169504e-02
19.9           1.785696e+02 -5.789755e-01 6.062709e+03 1.786794e+02 -5.788687e-01 6.062682e+03 -1.098618e-01 -1.068260e-04 2.708428e-02
20             1.627203e+02 -4.325152e-01 6.097179e+03 1.628386e+02 -4.324083e-01 6.097161e+03 -1.183025e-01 -1.068930e-04 1.891832e-02
20.1           1.031353e+02 -1.793623e-01 6.022074e+03 1.032455e+02 -1.792591e-01 6.022068e+03 -1.102020e-01 -1.031873e-04 6.070699e-03
20.2           1.377411e+02 2.451622e-01 6.297747e+03 1.378297e+02 2.452682e-01 6.297758e+03 -8.864683e-02 -1.059782e-04 -1.009324e-02
20.3           2.353645e+01 -1.749692e-01 5.885164e+03 2.359658e+01 -1.748606e-01 5.885194e+03 -6.012582e-02 -1.085776e-04 -2.990837e-02
20.4           4.061556e+01 2.088177e-01 5.999157e+03 4.064348e+01 2.089278e-01 5.999212e+03 -2.791633e-02 -1.101172e-04 -5.457875e-02
20.5           -3.951438e+01 6.022570e-01 5.808074e+03 -3.951816e+01 6.023629e-01 5.808156e+03 3.781472e-03 -1.059773e-04 -8.210175e-02
20.6           4.169381e+01 -7.226842e-01 6.119112e+03 4.166866e+01 -7.225729e-01 6.119216e+03 2.514387e-02 -1.113010e-04 -1.035832e-01
20.7           -1.914595e+01 3.658598e-01 5.940952e+03 -1.918649e+01 3.659682e-01 5.941077e+03 4.053850e-02 -1.084640e-04 -1.252989e-01
20.8           -2.672416e+01 3.141450e-01 6.074929e+03 -2.676884e+01 3.142572e-01 6.075066e+03 4.467776e-02 -1.121710e-04 -1.373802e-01
20.9           -7.146504e+01 3.625564e-01 5.835557e+03 -7.151379e+01 3.626639e-01 5.835705e+03 4.875199e-02 -1.075067e-04 -1.478816e-01
21             -8.801801e+01 7.789629e-01 5.841629e+03 -8.807330e+01 7.790675e-01 5.841784e+03 5.529883e-02 -1.045349e-04 -1.549916e-01
21.1           -1.436944e+02 6.726488e-01 5.770680e+03 -1.437625e+02 6.727465e-01 5.770838e+03 6.813773e-02 -9.768356e-05 -1.573469e-01
21.2           -2.034755e+02 -4.058196e-01 5.650112e+03 -2.035639e+02 -4.057341e-01 5.650269e+03 8.835634e-02 -8.549856e-05 -1.569967e-01
21.3           -2.265125e+02 6.337341e-01 5.773505e+03 -2.266280e+02 6.338094e-01 5.773657e+03 1.154491e-01 -7.527484e-05 -1.511750e-01
21.4           -2.137890e+02 -2.340384e-01 5.747670e+03 -2.139364e+02 -2.339674e-01 5.747811e+03 1.473829e-01 -7.100910e-05 -1.413032e-01
21.5           -1.061497e+02 -8.980871e-01 6.167522e+03 -1.063239e+02 -8.980058e-01 6.167647e+03 1.741737e-01 -8.131988e-05 -1.248574e-01
21.6           -1.818235e+02 -3.154186e-01 5.763486e+03 -1.820172e+02 -3.153314e-01 5.763592e+03 1.937031e-01 -8.713364e-05 -1.059024e-01
21.7           1.698672e+01 -4.134388e-01 6.418612e+03 1.678399e+01 -4.133422e-01 6.418695e+03 2.027298e-01 -9.662529e-05 -8.311911e-02
21.8           -5.723479e+01 -2.799860e-01 5.826798e+03 -5.743000e+01 -2.798815e-01 5.826856e+03 1.952119e-01 -1.044915e-04 -5.830750e-02
21.9           8.053424e+00 -3.680916e-01 5.889233e+03 7.879036e+00 -3.679798e-01 5.889270e+03 1.743882e-01 -1.118083e-04 -3.646512e-02
22             4.791506e+01 -3.680068e-01 5.886617e+03 4.777474e+01 -3.678892e-01 5.886635e+03 1.403254e-01 -1.176060e-04 -1.864349e-02
22.1           1.040996e+02 -3.095291e-01 5.935071e+03 1.040049e+02 -3.094066e-01 5.935075e+03 9.472420e-02 -1.224724e-04 -3.645137e-03
22.2           8.693427e+01 -3.673912e-01 5.660558e+03 8.689180e+01 -3.672672e-01 5.660552e+03 4.247771e-02 -1.240493e-04 5.779993e-03
22.3           1.724070e+02 -2.151737e-01 5.987635e+03 1.724157e+02 -2.150566e-01 5.987624e+03 -8.656128e-03 -1.170277e-04 1.085981e-02
22.4           1.769308e+02 -3.534472e-01 6.002094e+03 1.769845e+02 -3.533355e-01 6.002081e+03 -5.363966e-02 -1.117098e-04 1.272013e-02
22.5           1.582309e+02 -2.331206e-01 5.990846e+03 1.583178e+02 -2.330107e-01 5.990833e+03 -8.686054e-02 -1.098413e-04 1.284928e-02
22.6           1.630387e+02 4.907989e-02 6.110229e+03 1.631433e+02 4.918655e-02 6.110220e+03 -1.045638e-01 -1.066524e-04 9.513478e-03
22.7           1.345512e+02 -1.585025e-01 6.161223e+03 1.346557e+02 -1.583992e-01 6.161221e+03 -1.044392e-01 -1.033184e-04 2.130318e-03
22.8           9.957478e+01 1.965849e-01 6.062609e+03 9.966558e+01 1.966822e-01 6.062618e+03 -9.080647e-02 -9.728758e-05 -9.073341e-03
22.9           6.522321e+01 -9.968492e-02 5.970497e+03 6.529072e+01 -9.958522e-02 5.970522e+03 -6.751682e-02 -9.970300e-05 -2.488042e-02
23             5.546062e+01 -7.369347e-01 5.970715e+03 5.550174e+01 -7.368396e-01 5.970759e+03 -4.111954e-02 -9.506315e-05 -4.351869e-02
23.1           3.620476e+00 1.850083e-01 5.807931e+03 3.632553e+00 1.850990e-01 5.807997e+03 -1.207682e-02 -9.069862e-05 -6.685758e-02
23.2           7.064359e+00 5.497410e-01 5.903347e+03 7.054333e+00 5.498307e-01 5.903433e+03 1.002612e-02 -8.969945e-05 -8.608460e-02
23.3           -5.979254e+01 7.777235e-01 5.759919e+03 -5.981932e+01 7.778089e-01 5.760026e+03 2.677254e-02 -8.540490e-05 -1.067266e-01
23.4           -1.400514e+02 2.054493e-01 5.580699e+03 -1.400882e+02 2.055375e-01 5.580823e+03 3.679523e-02 -8.820879e-05 -1.247075e-01
23.5           -3.390639e+01 3.427976e-01 5.879092e+03 -3.394830e+01 3.428869e-01 5.879232e+03 4.190999e-02 -8.936288e-05 -1.401284e-01
23.6           -4.826439e+01 8.483738e-02 5.945189e+03 -4.831062e+01 8.492732e-02 5.945339e+03 4.622812e-02 -8.994722e-05 -1.500179e-01
23.7           -1.270179e+02 -4.317494e-01 5.719435e+03 -1.270728e+02 -4.316641e-01 5.719593e+03 5.493881e-02 -8.529562e-05 -1.574723e-01
23.8           -1.340251e+02 -5.338377e-01 5.823459e+03 -1.340967e+02 -5.337526e-01 5.823620e+03 7.154172e-02 -8.510298e-05 -1.606959e-01
23.9           -8.402217e+01 -1.105728e+00 6.161288e+03 -8.411665e+01 -1.105640e+00 6.161448e+03 9.448451e-02 -8.785982e-05 -1.593648e-01
24             -1.908184e+02 4.002662e-03 5.740879e+03 -1.909409e+02 4.075325e-03 5.741034e+03 1.224365e-01 -7.266225e-05 -1.549559e-01
24.1           -2.951997e+02 -4.406482e-01 5.509097e+03 -2.953532e+02 -4.405710e-01 5.509244e+03 1.534821e-01 -7.721852e-05 -1.468948e-01
24.2           -6.521782e+01 -3.667543e+00 6.310719e+03 -6.539654e+01 -3.667460e+00 6.310849e+03 1.787200e-01 -8.338043e-05 -1.305952e-01
24.3           -6.802223e+01 -2.514551e-01 6.020718e+03 -6.821891e+01 -2.513604e-01 6.020830e+03 1.966833e-01 -9.472514e-05 -1.114145e-01
24.4           -1.254271e+02 -4.527801e-01 5.747926e+03 -1.256299e+02 -4.526762e-01 5.748015e+03 2.027444e-01 -1.039408e-04 -8.927030e-02
24.5           -9.835996e+01 -3.817050e-01 5.662228e+03 -9.855522e+01 -3.815926e-01 5.662294e+03 1.952539e-01 -1.124249e-04 -6.583473e-02
24.6           -2.524287e+01 -2.099348e-01 5.790549e+03 -2.541749e+01 -2.098169e-01 5.790593e+03 1.746187e-01 -1.179541e-04 -4.408822e-02
24.7           8.162264e+01 -1.430771e-01 6.012664e+03 8.148222e+01 -1.429564e-01 6.012686e+03 1.404232e-01 -1.206945e-04 -2.281144e-02
24.8           1.089354e+02 -3.532248e-01 6.054106e+03 1.088393e+02 -3.531108e-01 6.054114e+03 9.613204e-02 -1.140040e-04 -8.160148e-03
24.9           1.142558e+02 1.291834e-03 5.864465e+03 1.142087e+02 1.397693e-03 5.864465e+03 4.701737e-02 -1.058585e-04 9.343004e-04
25             1.908735e+02 8.185249e-02 6.110352e+03 1.908779e+02 8.194635e-02 6.110343e+03 -4.409770e-03 -9.385337e-05 8.784659e-03
25.1           1.782586e+02 4.153413e-01 6.068286e+03 1.783080e+02 4.154228e-01 6.068274e+03 -4.935792e-02 -8.146797e-05 1.266047e-02
25.2           1.818937e+02 6.244363e-01 6.147431e+03 1.819775e+02 6.245039e-01 6.147417e+03 -8.384326e-02 -6.764776e-05 1.356568e-02
25.3           1.307226e+02 5.463800e-01 6.025290e+03 1.308268e+02 5.464403e-01 6.025279e+03 -1.042026e-01 -6.028180e-05 1.085398e-02
25.4           1.133036e+02 6.797588e-01 6.067660e+03 1.134109e+02 6.798127e-01 6.067655e+03 -1.073562e-01 -5.394133e-05 4.132822e-03
25.5           9.742193e+01 -4.174732e-01 6.037374e+03 9.751700e+01 -4.174216e-01 6.037382e+03 -9.506332e-02 -5.155680e-05 -7.210644e-03
25.6           1.504620e+02 1.118613e+00 6.255996e+03 1.505356e+02 1.118659e+00 6.256018e+03 -7.355396e-02 -4.610016e-05 -2.259849e-02
25.7           8.168994e+01 4.393935e-01 6.041400e+03 8.173839e+01 4.394445e-01 6.041441e+03 -4.845006e-02 -5.108200e-05 -4.074420e-02
25.8           2.623046e+01 4.923517e-01 5.963721e+03 2.625319e+01 4.924052e-01 5.963784e+03 -2.272186e-02 -5.351994e-05 -6.273314e-02
25.9           6.247085e+01 2.407484e-01 6.013008e+03 6.247032e+01 2.407989e-01 6.013094e+03 5.303158e-04 -5.054337e-05 -8.586230e-02
26             2.038911e+01 -2.397542e-02 6.047844e+03 2.037390e+01 -2.392783e-02 6.047950e+03 1.520836e-02 -4.759167e-05 -1.062869e-01
26.1           -2.081392e+02 8.033023e-02 5.345776e+03 -2.081659e+02 8.037690e-02 5.345905e+03 2.672932e-02 -4.667490e-05 -1.286147e-01
26.2           -7.399929e+01 5.615486e-01 6.031100e+03 -7.402912e+01 5.615936e-01 6.031245e+03 2.982606e-02 -4.492853e-05 -1.453130e-01
26.3           -7.061680e+01 -4.782100e-02 5.859022e+03 -7.065366e+01 -4.778046e-02 5.859182e+03 3.685232e-02 -4.053602e-05 -1.600488e-01
26.4           -9.133177e+01 -1.939263e+00 5.873038e+03 -9.137837e+01 -1.939220e+00 5.873205e+03 4.659628e-02 -4.232336e-05 -1.671253e-01
26.5           -1.584463e+02 -8.035832e-01 5.799854e+03 -1.585091e+02 -8.035357e-01 5.800024e+03 6.280014e-02 -4.755275e-05 -1.697536e-01
26.6           -1.505220e+02 -4.267875e-01 5.880195e+03 -1.506090e+02 -4.267364e-01 5.880365e+03 8.701386e-02 -5.114686e-05 -1.699863e-01
26.7           -2.132153e+02 -8.119779e-01 5.811244e+03 -2.133316e+02 -8.119221e-01 5.811408e+03 1.163461e-01 -5.572921e-05 -1.645052e-01
26.8           -2.549271e+02 -4.366087e-01 5.651697e+03 -2.550758e+02 -4.365491e-01 5.651853e+03 1.486989e-01 -5.960977e-05 -1.558721e-01
26.9           -1.753930e+02 -8.177543e-02 5.872232e+03 -1.755699e+02 -8.170723e-02 5.872371e+03 1.768538e-01 -6.819847e-05 -1.393221e-01
27             -1.980023e+02 -1.295044e-03 5.689929e+03 -1.981991e+02 -1.218318e-03 5.690048e+03 1.967692e-01 -7.672669e-05 -1.193720e-01
27.1           -8.194454e+01 5.573769e-02 5.999291e+03 -8.215047e+01 5.582334e-02 5.999387e+03 2.059329e-01 -8.564863e-05 -9.557199e-02
27.2           -1.023058e+02 -1.836731e-02 5.757849e+03 -1.025061e+02 -1.826816e-02 5.757920e+03 2.003051e-01 -9.915214e-05 -7.098838e-02
27.3           -1.923389e+01 5.113081e-02 5.835527e+03 -1.941545e+01 5.123419e-02 5.835575e+03 1.815664e-01 -1.033740e-04 -4.780827e-02
27.4           6.240256e+01 1.781012e-01 5.979606e+03 6.225413e+01 1.782052e-01 5.979632e+03 1.484335e-01 -1.040409e-04 -2.545982e-02
27.5           7.910665e+01 2.724805e-01 5.871544e+03 7.900067e+01 2.725758e-01 5.871553e+03 1.059855e-01 -9.539882e-05 -9.619680e-03
27.6           1.366656e+02 3.970675e-01 5.953071e+03 1.366091e+02 3.971530e-01 5.953070e+03 5.646592e-02 -8.547070e-05 1.401534e-03
27.7           2.310797e+02 3.493709e-01 6.389380e+03 2.310763e+02 3.494421e-01 6.389369e+03 3.399547e-03 -7.114284e-05 1.108765e-02
27.8           1.810172e+02 4.227548e-01 6.149661e+03 1.810600e+02 4.228127e-01 6.149647e+03 -4.281442e-02 -5.787143e-05 1.389205e-02
27.9           2.051551e+02 2.861326e-01 6.245399e+03 2.052352e+02 2.861744e-01 6.245385e+03 -8.011615e-02 -4.179786e-05 1.470021e-02
28             1.379853e+02 2.458102e-01 6.036485e+03 1.380886e+02 2.458451e-01 6.036473e+03 -1.033479e-01 -3.492767e-05 1.209375e-02
28.1           1.328564e+02 4.059988e-01 6.089498e+03 1.329661e+02 4.060294e-01 6.089493e+03 -1.096877e-01 -3.063749e-05 4.884683e-03
28.2           1.144877e+02 3.533640e-01 6.071334e+03 1.145882e+02 3.533943e-01 6.071340e+03 -1.005165e-01 -3.027180e-05 -6.459153e-03
28.3           1.034915e+02 -1.148362e-01 6.089409e+03 1.035729e+02 -1.148014e-01 6.089430e+03 -8.142915e-02 -3.482750e-05 -2.126338e-02
28.4           6.485776e+01 1.595424e-01 6.011610e+03 6.491450e+01 1.595778e-01 6.011651e+03 -5.674180e-02 -3.539749e-05 -4.099140e-02
28.5           5.130846e+01 1.164458e-01 6.012254e+03 5.134122e+01 1.164840e-01 6.012315e+03 -3.275418e-02 -3.817217e-05 -6.177089e-02
28.6           5.596298e+01 -9.320973e-02 6.024342e+03 5.597342e+01 -9.317059e-02 6.024426e+03 -1.043915e-02 -3.913465e-05 -8.469867e-02
28.7           2.869058e+01 9.826719e-02 5.985818e+03 2.868522e+01 9.830655e-02 5.985924e+03 5.354563e-03 -3.936483e-05 -1.067822e-01
28.8           -2.766437e+02 5.742405e-02 5.361507e+03 -2.766583e+02 5.746782e-02 5.361637e+03 1.458966e-02 -4.376610e-05 -1.297176e-01
28.9           -1.516394e+02 7.110867e-02 5.593261e+03 -1.516589e+02 7.115396e-02 5.593409e+03 1.953049e-02 -4.528720e-05 -1.482657e-01
29             -7.736089e+01 -1.280482e-01 5.833039e+03 -7.738693e+01 -1.280033e-01 5.833203e+03 2.603585e-02 -4.484996e-05 -1.634211e-01
29.1           -9.523885e+01 1.859159e+00 5.830390e+03 -9.527427e+01 1.859202e+00 5.830561e+03 3.542208e-02 -4.302495e-05 -1.710076e-01
29.2           -1.210984e+02 -1.337271e+00 5.818713e+03 -1.211502e+02 -1.337217e+00 5.818886e+03 5.175495e-02 -5.359779e-05 -1.731473e-01
29.3           -1.847177e+02 9.016979e-01 5.760276e+03 -1.847929e+02 9.017544e-01 5.760449e+03 7.527145e-02 -5.643724e-05 -1.729564e-01
29.4           -2.543320e+02 -9.727294e-02 5.529511e+03 -2.544379e+02 -9.721587e-02 5.529678e+03 1.058494e-01 -5.706183e-05 -1.672241e-01
29.5           -2.808811e+02 -1.968105e-01 5.541031e+03 -2.810202e+02 -1.967539e-01 5.541188e+03 1.390844e-01 -5.668825e-05 -1.577971e-01
29.6           -2.491202e+02 -1.430931e+00 5.676632e+03 -2.492893e+02 -1.430868e+00 5.676774e+03 1.690798e-01 -6.331537e-05 -1.423077e-01
29.7           -1.719309e+02 2.827317e-01 5.783489e+03 -1.721227e+02 2.828023e-01 5.783610e+03 1.917626e-01 -7.064658e-05 -1.210643e-01
29.8           -1.607234e+02 2.173871e-01 5.721742e+03 -1.609264e+02 2.174628e-01 5.721839e+03 2.030003e-01 -7.569275e-05 -9.759534e-02
29.9           -4.984287e+01 1.504222e-01 5.989698e+03 -5.004257e+01 1.505046e-01 5.989770e+03 1.996917e-01 -8.238374e-05 -7.207235e-02
30             -2.900527e+01 1.876644e-01 5.815420e+03 -2.918854e+01 1.877501e-01 5.815470e+03 1.832742e-01 -8.571380e-05 -4.974390e-02
30.1           -4.399256e+00 1.468381e-01 5.731591e+03 -4.550441e+00 1.469218e-01 5.731619e+03 1.511847e-01 -8.366015e-05 -2.738047e-02
30.2           8.202916e+01 4.855820e-01 5.916430e+03 8.191981e+01 4.856573e-01 5.916441e+03 1.093482e-01 -7.523059e-05 -1.164974e-02
30.3           1.419879e+02 3.026096e-01 6.016866e+03 1.419279e+02 3.026746e-01 6.016867e+03 5.995297e-02 -6.499285e-05 -1.344474e-03
30.4           1.486786e+02 2.671517e-01 5.740186e+03 1.486716e+02 2.672041e-01 5.740180e+03 6.954600e-03 -5.240849e-05 5.478654e-03
30.5           1.839912e+02 1.198428e-01 6.036325e+03 1.840325e+02 1.198861e-01 6.036315e+03 -4.132459e-02 -4.326305e-05 9.109967e-03
30.6           1.735927e+02 2.238084e-01 6.045072e+03 1.736728e+02 2.238359e-01 6.045063e+03 -8.006214e-02 -2.745284e-05 8.990139e-03
30.7           1.519607e+02 -7.642954e-02 6.061496e+03 1.520660e+02 -7.641323e-02 6.061490e+03 -1.052895e-01 -1.631457e-05 6.207515e-03
30.8           1.272819e+02 4.085978e-01 6.076750e+03 1.273954e+02 4.086093e-01 6.076751e+03 -1.135109e-01 -1.143416e-05 -1.276011e-03
30.9           1.154894e+02 2.375144e-01 6.058454e+03 1.155952e+02 2.375236e-01 6.058466e+03 -1.058234e-01 -9.202851e-06 -1.264789e-02
31             1.354490e+02 2.246161e-01 6.336959e+03 1.355370e+02 2.246271e-01 6.336986e+03 -8.804468e-02 -1.098277e-05 -2.686986e-02
31.1           5.061660e+01 -2.412211e-01 5.951589e+03 5.068123e+01 -2.411977e-01 5.951633e+03 -6.462827e-02 -2.336974e-05 -4.430597e-02
31.2           1.782498e+01 3.458053e-02 6.006267e+03 1.786416e+01 3.460932e-02 6.006333e+03 -3.917777e-02 -2.878918e-05 -6.632395e-02
31.3           6.553130e+01 -8.322122e-02 6.091466e+03 6.554625e+01 -8.318801e-02 6.091555e+03 -1.495065e-02 -3.320964e-05 -8.925577e-02
31.4           5.147447e+01 -4.614348e-02 6.029281e+03 5.147339e+01 -4.611495e-02 6.029389e+03 1.081633e-03 -2.852931e-05 -1.079789e-01
31.5           8.965494e+01 4.374263e-02 6.129695e+03 8.964330e+01 4.377525e-02 6.129824e+03 1.164527e-02 -3.261192e-05 -1.282869e-01
31.6           -4.530454e+01 1.764071e-02 5.818753e+03 -4.532074e+01 1.767283e-02 5.818900e+03 1.620425e-02 -3.212186e-05 -1.469770e-01
31.7           -6.104126e+01 1.161932e-03 5.873448e+03 -6.106116e+01 1.195360e-03 5.873608e+03 1.990585e-02 -3.342852e-05 -1.602318e-01
31.8           -9.578414e+01 -2.948437e-01 5.732815e+03 -9.581103e+01 -2.947990e-01 5.732983e+03 2.689139e-02 -4.475066e-05 -1.680793e-01
31.9           -2.319259e+01 -3.535029e-01 6.035389e+03 -2.323339e+01 -3.534546e-01 6.035559e+03 4.080244e-02 -4.823699e-05 -1.699749e-01
32             -3.661578e+02 -4.980304e-01 5.247367e+03 -3.662205e+02 -4.979840e-01 5.247539e+03 6.270669e-02 -4.639631e-05 -1.719190e-01
32.1           -4.547869e+01 6.972510e-02 6.280675e+03 -4.557112e+01 6.976344e-02 6.280841e+03 9.242154e-02 -3.833782e-05 -1.663560e-01
32.2           -1.935209e+02 7.481284e-01 5.966371e+03 -1.936477e+02 7.481643e-01 5.966530e+03 1.267845e-01 -3.598326e-05 -1.590611e-01
32.3           -1.625076e+02 5.604311e-02 5.970708e+03 -1.626653e+02 5.608919e-02 5.970852e+03 1.576450e-01 -4.608447e-05 -1.445858e-01
32.4           -2.804431e+02 4.553253e-01 5.540397e+03 -2.806258e+02 4.553823e-01 5.540524e+03 1.826584e-01 -5.697783e-05 -1.266748e-01
32.5           -1.884799e+02 -3.763828e-02 5.702764e+03 -1.886746e+02 -3.757398e-02 5.702867e+03 1.946579e-01 -6.429633e-05 -1.026809e-01
32.6           -1.065419e+02 2.446921e-02 5.741251e+03 -1.067357e+02 2.454022e-02 5.741329e+03 1.937722e-01 -7.100861e-05 -7.867366e-02
32.7           -4.922936e+01 -9.026726e-02 5.776318e+03 -4.940840e+01 -9.019460e-02 5.776375e+03 1.790411e-01 -7.266369e-05 -5.702874e-02
32.8           -3.135359e+00 -4.693706e-02 5.738589e+03 -3.286032e+00 -4.686482e-02 5.738626e+03 1.506733e-01 -7.224168e-05 -3.664791e-02
32.9           7.577243e+01 -3.458393e-02 5.899487e+03 7.566273e+01 -3.451807e-02 5.899506e+03 1.096950e-01 -6.586331e-05 -1.953279e-02
33             1.108613e+02 2.039125e-02 5.904657e+03 1.108006e+02 2.044963e-02 5.904664e+03 6.069556e-02 -5.838102e-05 -7.694874e-03
33.1           1.647256e+02 1.741663e-01 6.184636e+03 1.647171e+02 1.742095e-01 6.184637e+03 8.431133e-03 -4.318913e-05 -1.126912e-03
33.2           2.068773e+02 7.521238e-02 6.171514e+03 2.069165e+02 7.524394e-02 6.171512e+03 -3.922881e-02 -3.156430e-05 2.084367e-03
33.3           2.088875e+02 1.799588e-01 6.197508e+03 2.089668e+02 1.799807e-01 6.197505e+03 -7.935291e-02 -2.186514e-05 3.049986e-03
33.4           1.553894e+02 3.807185e-01 6.072645e+03 1.554959e+02 3.807308e-01 6.072643e+03 -1.065605e-01 -1.235779e-05 1.290937e-03
33.5           1.243277e+02 3.093542e-01 6.072248e+03 1.244441e+02 3.093589e-01 6.072253e+03 -1.163849e-01 -4.694607e-06 -5.365894e-03
33.6           1.281015e+02 4.941102e-01 6.067757e+03 1.282121e+02 4.941099e-01 6.067772e+03 -1.105461e-01 3.535338e-07 -1.521095e-02
33.7           1.067378e+02 -2.580845e-02 6.068418e+03 1.068315e+02 -2.580350e-02 6.068446e+03 -9.371776e-02 -4.951280e-06 -2.865130e-02
33.8           4.290031e+01 -8.543502e-02 5.950173e+03 4.297079e+01 -8.542920e-02 5.950220e+03 -7.047624e-02 -5.821447e-06 -4.670505e-02
33.9           -3.910384e+01 -1.165150e+00 5.788455e+03 -3.905890e+01 -1.165140e+00 5.788523e+03 -4.494550e-02 -1.023545e-05 -6.805265e-02
34             1.864513e-01 1.326661e-01 5.856496e+03 2.088301e-01 1.326823e-01 5.856585e+03 -2.237878e-02 -1.627054e-05 -8.911736e-02
34.1           4.910888e+01 -2.941953e-01 5.939916e+03 4.911261e+01 -2.941798e-01 5.940027e+03 -3.724230e-03 -1.546192e-05 -1.109183e-01
34.2           -5.049260e+01 3.693843e-01 5.884837e+03 -5.049799e+01 3.694009e-01 5.884968e+03 5.393578e-03 -1.657132e-05 -1.309078e-01
34.3           -5.482815e+01 -4.389768e-01 5.786834e+03 -5.483713e+01 -4.389577e-01 5.786980e+03 8.980910e-03 -1.909803e-05 -1.462735e-01
34.4           -9.363877e+01 -6.263284e-01 5.739206e+03 -9.365041e+01 -6.263040e-01 5.739367e+03 1.164581e-02 -2.436880e-05 -1.605773e-01
34.5           -1.087379e+02 7.621865e-01 5.767829e+03 -1.087561e+02 7.622074e-01 5.767999e+03 1.817756e-02 -2.090207e-05 -1.692684e-01
34.6           -1.147390e+02 -5.472191e-01 5.845135e+03 -1.147698e+02 -5.471918e-01 5.845308e+03 3.085299e-02 -2.730153e-05 -1.729714e-01
34.7           -3.634505e+02 -2.675791e-01 5.125253e+03 -3.635017e+02 -2.675600e-01 5.125426e+03 5.125355e-02 -1.911577e-05 -1.737877e-01
34.8           -1.861298e+02 6.216239e-01 5.841405e+03 -1.862094e+02 6.216372e-01 5.841576e+03 7.953630e-02 -1.329214e-05 -1.703067e-01
34.9           -1.199077e+02 -9.443140e-01 5.987665e+03 -1.200211e+02 -9.443019e-01 5.987828e+03 1.134663e-01 -1.214762e-05 -1.625617e-01
35             -2.408797e+02 3.677347e-01 5.648266e+03 -2.410243e+02 3.677586e-01 5.648416e+03 1.445779e-01 -2.389744e-05 -1.498758e-01
35.1           -1.449954e+02 -1.564966e+00 5.854739e+03 -1.451644e+02 -1.564929e+00 5.854868e+03 1.689328e-01 -3.677349e-05 -1.295437e-01
35.2           -2.249487e+02 -1.637348e-01 5.544635e+03 -2.251321e+02 -1.636889e-01 5.544744e+03 1.834226e-01 -4.594360e-05 -1.090794e-01
35.3           -1.273932e+02 8.545138e-01 5.765745e+03 -1.275790e+02 8.545674e-01 5.765830e+03 1.857788e-01 -5.353649e-05 -8.535128e-02
35.4           -5.111506e+01 1.325220e-01 5.828757e+03 -5.128629e+01 1.325775e-01 5.828818e+03 1.712274e-01 -5.553575e-05 -6.165699e-02
35.5           8.596717e+00 1.316757e-01 5.851050e+03 8.452404e+00 1.317293e-01 5.851091e+03 1.443130e-01 -5.363348e-05 -4.028690e-02
35.6           5.685995e+01 -9.520686e-02 5.853642e+03 5.675354e+01 -9.516041e-02 5.853666e+03 1.064084e-01 -4.645641e-05 -2.414609e-02
35.7           1.348409e+02 -5.695773e-01 5.969083e+03 1.347815e+02 -5.695392e-01 5.969096e+03 5.940986e-02 -3.813088e-05 -1.365260e-02
35.8           1.094381e+02 -6.487829e-02 5.533553e+03 1.094298e+02 -6.484858e-02 5.533559e+03 8.334031e-03 -2.970935e-05 -5.722706e-03
35.9           1.786970e+02 -9.873790e-02 5.881704e+03 1.787358e+02 -9.871507e-02 5.881707e+03 -3.883300e-02 -2.283216e-05 -2.279787e-03
36             1.566208e+02 -5.727884e-02 5.864542e+03 1.566996e+02 -5.726490e-02 5.864543e+03 -7.879258e-02 -1.393338e-05 -1.708760e-03
36.1           1.515446e+02 4.308870e-02 5.985098e+03 1.516509e+02 4.310076e-02 5.985102e+03 -1.063161e-01 -1.205882e-05 -3.070699e-03
36.2           1.447439e+02 5.189863e-02 6.055113e+03 1.448613e+02 5.191105e-02 6.055122e+03 -1.174375e-01 -1.241753e-05 -8.910225e-03
36.3           1.032437e+02 -3.470097e-02 6.026928e+03 1.033578e+02 -3.468405e-02 6.026945e+03 -1.141225e-01 -1.691615e-05 -1.762196e-02
36.4           1.706423e+02 3.255388e-02 6.237814e+03 1.707411e+02 3.257497e-02 6.237844e+03 -9.876981e-02 -2.108313e-05 -2.978621e-02
36.5           1.031398e+02 -2.603600e-01 6.060528e+03 1.032182e+02 -2.603340e-01 6.060573e+03 -7.832151e-02 -2.594519e-05 -4.535797e-02
36.6           1.073668e+02 -1.182856e-01 6.127428e+03 1.074215e+02 -1.182512e-01 6.127494e+03 -5.469949e-02 -3.445165e-05 -6.582224e-02
36.7           4.545061e+01 3.743523e-02 5.964592e+03 4.548192e+01 3.747592e-02 5.964679e+03 -3.130603e-02 -4.069746e-05 -8.737279e-02
36.8           -8.929710e+00 -1.265117e-01 5.782900e+03 -8.915397e+00 -1.264693e-01 5.783007e+03 -1.431274e-02 -4.247373e-05 -1.069577e-01
36.9           3.977553e+01 3.195161e-02 5.971356e+03 3.977986e+01 3.199687e-02 5.971482e+03 -4.330522e-03 -4.526012e-05 -1.253025e-01
37             3.831553e+01 -9.827652e-02 6.020806e+03 3.831514e+01 -9.822821e-02 6.020949e+03 3.916920e-04 -4.830328e-05 -1.426797e-01
37.1           -2.586650e+01 4.163434e-02 5.941474e+03 -2.586855e+01 4.168025e-02 5.941631e+03 2.045070e-03 -4.591115e-05 -1.572680e-01
37.2           -3.955522e+01 -1.161683e+00 5.928517e+03 -3.956230e+01 -1.161635e+00 5.928684e+03 7.083408e-03 -4.845582e-05 -1.665848e-01
37.3           -1.172335e+02 2.912746e-02 5.760939e+03 -1.172520e+02 2.916625e-02 5.761111e+03 1.854870e-02 -3.879375e-05 -1.716908e-01
37.4           -1.906719e+02 -1.118545e-01 5.697761e+03 -1.907091e+02 -1.118243e-01 5.697934e+03 3.716625e-02 -3.027026e-05 -1.730862e-01
37.5           -3.083760e+02 -8.321060e-02 5.415635e+03 -3.084400e+02 -8.318942e-02 5.415807e+03 6.398674e-02 -2.117983e-05 -1.712868e-01
37.6           -2.133687e+02 4.138900e-01 5.765749e+03 -2.134640e+02 4.139058e-01 5.765913e+03 9.535623e-02 -1.580165e-05 -1.644358e-01
37.7           -2.424302e+02 -1.056727e-01 5.668195e+03 -2.425567e+02 -1.056607e-01 5.668348e+03 1.264457e-01 -1.204758e-05 -1.525685e-01
37.8           -2.423265e+02 4.398869e-01 5.665515e+03 -2.424789e+02 4.399095e-01 5.665650e+03 1.523980e-01 -2.259210e-05 -1.351917e-01
37.9           -1.525341e+02 5.883602e-01 5.865448e+03 -1.527038e+02 5.883919e-01 5.865562e+03 1.696868e-01 -3.170934e-05 -1.140142e-01
38             -1.222536e+02 5.700509e-01 5.535428e+03 -1.224295e+02 5.700875e-01 5.535520e+03 1.759179e-01 -3.659643e-05 -9.172158e-02
38.1           -5.563482e+01 1.975918e-01 5.895732e+03 -5.580022e+01 1.976346e-01 5.895802e+03 1.653988e-01 -4.274441e-05 -7.043992e-02
38.2           -9.698902e+00 4.398192e-01 5.826092e+03 -9.842670e+00 4.398632e-01 5.826142e+03 1.437684e-01 -4.405803e-05 -5.088906e-02
38.3           7.269687e+01 4.782540e-02 5.967185e+03 7.258846e+01 4.787065e-02 5.967218e+03 1.084052e-01 -4.524969e-05 -3.260461e-02
38.4           8.758092e+01 -1.267055e-01 5.885956e+03 8.751615e+01 -1.266581e-01 5.885977e+03 6.477059e-02 -4.738784e-05 -2.051290e-02
38.5           1.555698e+02 -3.561813e-01 6.052049e+03 1.555544e+02 -3.561304e-01 6.052061e+03 1.541111e-02 -5.088316e-05 -1.149512e-02
38.6           1.893051e+02 -5.978778e-01 6.129603e+03 1.893365e+02 -5.978257e-01 6.129610e+03 -3.145959e-02 -5.208923e-05 -7.295973e-03
38.7           2.358282e+02 8.437398e-01 6.274258e+03 2.358993e+02 8.437908e-01 6.274264e+03 -7.103193e-02 -5.094019e-05 -6.111982e-03
38.8           2.096156e+02 -6.229512e-01 6.231646e+03 2.097167e+02 -6.229005e-01 6.231653e+03 -1.011489e-01 -5.063993e-05 -6.946605e-03
38.9           1.568722e+02 -7.152561e-01 6.059247e+03 1.569886e+02 -7.152026e-01 6.059258e+03 -1.163996e-01 -5.356812e-05 -1.117749e-02
39             1.290730e+02 -4.775545e-01 6.074458e+03 1.291900e+02 -4.774951e-01 6.074476e+03 -1.170237e-01 -5.940673e-05 -1.812048e-02
39.1           1.145354e+02 -5.814474e-01 6.046017e+03 1.146407e+02 -5.813806e-01 6.046046e+03 -1.052817e-01 -6.688601e-05 -2.891843e-02
39.2           6.271936e+01 -6.100578e-01 5.948771e+03 6.280555e+01 -6.099911e-01 5.948816e+03 -8.618520e-02 -6.672018e-05 -4.529538e-02
39.3           6.260553e+01 -1.976373e-01 5.966935e+03 6.266921e+01 -1.975704e-01 5.966999e+03 -6.367332e-02 -6.692479e-05 -6.373914e-02
39.4           1.271633e+02 1.265091e-01 6.135101e+03 1.272043e+02 1.265805e-01 6.135185e+03 -4.096653e-02 -7.134038e-05 -8.340181e-02
39.5           9.513523e+01 5.965123e-02 6.020031e+03 9.515836e+01 5.972143e-02 6.020132e+03 -2.313596e-02 -7.020330e-05 -1.009305e-01
39.6           1.361498e+02 2.764965e-01 6.322731e+03 1.361630e+02 2.765650e-01 6.322848e+03 -1.321922e-02 -6.845393e-05 -1.173075e-01
39.7           1.159955e+01 4.918376e-01 5.920744e+03 1.160562e+01 4.919073e-01 5.920881e+03 -6.072016e-03 -6.976930e-05 -1.362800e-01
39.8           -1.335407e+01 3.113962e-01 5.830555e+03 -1.334963e+01 3.114694e-01 5.830707e+03 -4.443343e-03 -7.314742e-05 -1.513376e-01
39.9           1.165885e+02 8.500344e-01 6.335058e+03 1.165888e+02 8.500987e-01 6.335221e+03 -2.942830e-04 -6.435620e-05 -1.632585e-01
40             -5.907583e+01 7.204829e-01 5.987495e+03 -5.908496e+01 7.205338e-01 5.987665e+03 9.124542e-03 -5.088530e-05 -1.702506e-01
