# Moment      
# CofR        : (2.293280e+01 0.000000e+00 -2.860000e-01)
#
# Time        	total_x total_y total_z	pressure_x pressure_y pressure_z	viscous_x viscous_y viscous_z
0.1            4.582751e-02 2.382781e+02 8.064103e-02 4.582806e-02 2.383908e+02 8.063792e-02 -5.442608e-07 -1.127305e-01 3.115283e-06
0.2            3.875633e-02 2.165856e+02 1.192063e-01 3.875678e-02 2.168024e+02 1.192069e-01 -4.434675e-07 -2.168455e-01 -6.677898e-07
0.3            8.166178e-02 1.816938e+02 1.112248e-01 8.166131e-02 1.819990e+02 1.112294e-01 4.729431e-07 -3.051102e-01 -4.598827e-06
0.4            2.388319e-01 1.534795e+02 6.832563e-03 2.388323e-01 1.538436e+02 6.841330e-03 -3.490204e-07 -3.641423e-01 -8.767223e-06
0.5            1.135522e-01 1.149219e+02 1.437620e-01 1.135531e-01 1.153172e+02 1.437731e-01 -9.038627e-07 -3.952648e-01 -1.101570e-05
0.6            9.381013e-02 7.570162e+01 1.438353e-01 9.381353e-02 7.610522e+01 1.438511e-01 -3.403732e-06 -4.035975e-01 -1.572874e-05
0.7            1.598562e-01 3.701668e+01 1.829188e-01 1.598654e-01 3.741319e+01 1.829369e-01 -9.198370e-06 -3.965123e-01 -1.818159e-05
0.8            7.173548e-03 2.694903e+01 1.960787e-01 7.194152e-03 2.732485e+01 1.961064e-01 -2.060377e-05 -3.758280e-01 -2.770044e-05
0.9            3.813418e-02 1.840018e+01 1.605885e-01 3.816608e-02 1.874518e+01 1.606255e-01 -3.190508e-05 -3.450048e-01 -3.693157e-05
1              8.750104e-03 2.555312e+01 1.146905e-01 8.786873e-03 2.586156e+01 1.147336e-01 -3.676887e-05 -3.084401e-01 -4.309597e-05
1.1            1.079088e-01 1.039336e+01 1.041180e-01 1.079378e-01 1.066047e+01 1.041610e-01 -2.901032e-05 -2.671127e-01 -4.302098e-05
1.2            5.477835e-02 4.576035e+01 4.798614e-02 5.479522e-02 4.598073e+01 4.802192e-02 -1.686597e-05 -2.203728e-01 -3.577524e-05
1.3            7.669418e-02 5.948876e+01 -2.306525e-02 7.669778e-02 5.965982e+01 -2.304042e-02 -3.600004e-06 -1.710563e-01 -2.483723e-05
1.4            6.741481e-02 9.386315e+01 -6.228551e-02 6.740682e-02 9.398406e+01 -6.226831e-02 7.989943e-06 -1.209103e-01 -1.719777e-05
1.5            4.714750e-02 1.347398e+02 -1.419134e-01 4.713042e-02 1.348105e+02 -1.419015e-01 1.708036e-05 -7.067775e-02 -1.191552e-05
1.6            2.602618e-02 1.864463e+02 -2.015648e-01 2.600073e-02 1.864697e+02 -2.015616e-01 2.544972e-05 -2.342333e-02 -3.177351e-06
1.7            1.888794e-02 2.369810e+02 -2.331883e-01 1.885366e-02 2.369629e+02 -2.331927e-01 3.428243e-05 1.810586e-02 4.337651e-06
1.8            1.602201e-01 2.919403e+02 -2.904967e-01 1.601724e-01 2.918901e+02 -2.905090e-01 4.769836e-05 5.013571e-02 1.223627e-05
1.9            5.673153e-03 3.435055e+02 -1.663789e-01 5.612693e-03 3.434337e+02 -1.663960e-01 6.045942e-05 7.180449e-02 1.713234e-05
2              9.759385e-02 3.945347e+02 -3.937816e-02 9.752424e-02 3.944495e+02 -3.939960e-02 6.961604e-05 8.518076e-02 2.144980e-05
2.1            -2.071284e-02 4.271153e+02 -8.127022e-02 -2.078170e-02 4.270249e+02 -8.129128e-02 6.886144e-05 9.039257e-02 2.105737e-05
2.2            -1.048242e-02 4.591055e+02 -7.614876e-03 -1.055027e-02 4.590154e+02 -7.635239e-03 6.785184e-05 9.010700e-02 2.036254e-05
2.3            2.413239e-02 4.803040e+02 5.864534e-02 2.406542e-02 4.802198e+02 5.862453e-02 6.696674e-05 8.424464e-02 2.081331e-05
2.4            3.043460e-02 4.981368e+02 8.954725e-02 3.037256e-02 4.980616e+02 8.953015e-02 6.204114e-05 7.519295e-02 1.709663e-05
2.5            3.103784e-02 5.017929e+02 1.004821e-01 3.097811e-02 5.017300e+02 1.004661e-01 5.972718e-05 6.286333e-02 1.595655e-05
2.6            2.097990e-02 4.962855e+02 1.295838e-01 2.092502e-02 4.962377e+02 1.295709e-01 5.487822e-05 4.782466e-02 1.287271e-05
2.7            7.420516e-03 4.831722e+02 1.037395e-01 7.371837e-03 4.831414e+02 1.037310e-01 4.867932e-05 3.076099e-02 8.500480e-06
2.8            6.670925e-03 4.635058e+02 7.636828e-02 6.626505e-03 4.634929e+02 7.636226e-02 4.442012e-05 1.296471e-02 6.017168e-06
2.9            2.265591e-03 4.347349e+02 2.883618e-02 2.223540e-03 4.347393e+02 2.883103e-02 4.205049e-05 -4.412033e-03 5.148671e-06
3              -4.470798e-02 4.067121e+02 -1.140470e-02 -4.474711e-02 4.067322e+02 -1.140840e-02 3.912553e-05 -2.011131e-02 3.696537e-06
3.1            -5.181930e-03 3.826766e+02 -4.350892e-02 -5.216900e-03 3.827096e+02 -4.351318e-02 3.497017e-05 -3.300253e-02 4.264642e-06
3.2            -4.899054e-03 3.568111e+02 -8.395233e-02 -4.929007e-03 3.568539e+02 -8.395506e-02 2.995310e-05 -4.280240e-02 2.727035e-06
3.3            -3.736822e-02 3.352105e+02 -1.011413e-01 -3.739824e-02 3.352595e+02 -1.011389e-01 3.002626e-05 -4.897556e-02 -2.318560e-06
3.4            -3.052952e-02 3.122891e+02 -6.747127e-02 -3.056237e-02 3.123408e+02 -6.746790e-02 3.285016e-05 -5.175747e-02 -3.374500e-06
3.5            -2.659859e-02 3.062863e+02 -7.262508e-02 -2.663240e-02 3.063370e+02 -7.261972e-02 3.380993e-05 -5.071350e-02 -5.366665e-06
3.6            2.794005e-04 3.000845e+02 -7.370705e-02 2.497581e-04 3.001297e+02 -7.370033e-02 2.964245e-05 -4.519496e-02 -6.715919e-06
3.7            -3.923836e-02 2.972605e+02 -4.102616e-02 -3.926460e-02 2.972965e+02 -4.101751e-02 2.624177e-05 -3.592704e-02 -8.651730e-06
3.8            -3.522247e-02 3.011487e+02 -3.668441e-02 -3.524840e-02 3.011735e+02 -3.667600e-02 2.592562e-05 -2.478835e-02 -8.409426e-06
3.9            -2.276292e-01 3.052615e+02 8.663276e-02 -2.276559e-01 3.052748e+02 8.664078e-02 2.673851e-05 -1.325893e-02 -8.022449e-06
4              2.846084e-03 3.221246e+02 3.362146e-03 2.818659e-03 3.221264e+02 3.374701e-03 2.742546e-05 -1.874631e-03 -1.255501e-05
4.1            3.416665e-01 3.324008e+02 8.667159e-02 3.416353e-01 3.323921e+02 8.668533e-02 3.122601e-05 8.679630e-03 -1.373373e-05
4.2            7.195588e-03 3.430593e+02 2.305106e-02 7.163367e-03 3.430418e+02 2.306377e-02 3.222089e-05 1.749630e-02 -1.271388e-05
4.3            -1.593567e-03 3.573060e+02 1.213980e-02 -1.622013e-03 3.572818e+02 1.215527e-02 2.844683e-05 2.426148e-02 -1.546965e-05
4.4            2.539986e-02 3.737854e+02 -1.598888e-04 2.537294e-02 3.737562e+02 -1.393786e-04 2.691058e-05 2.921745e-02 -2.051024e-05
4.5            8.113687e-03 3.875286e+02 -2.218969e-02 8.083709e-03 3.874965e+02 -2.216775e-02 2.997784e-05 3.210131e-02 -2.193735e-05
4.6            3.244270e-03 4.010576e+02 1.909904e-02 3.213785e-03 4.010246e+02 1.911881e-02 3.048511e-05 3.301002e-02 -1.976913e-05
4.7            9.999664e-03 4.143779e+02 2.805555e-02 9.978759e-03 4.143463e+02 2.807635e-02 2.090439e-05 3.163425e-02 -2.080410e-05
4.8            -1.675769e-02 4.277247e+02 -2.147001e-03 -1.677299e-02 4.276969e+02 -2.122181e-03 1.530292e-05 2.779710e-02 -2.481975e-05
4.9            -1.360545e-02 4.313287e+02 -5.464114e-02 -1.362693e-02 4.313068e+02 -5.461965e-02 2.148808e-05 2.187121e-02 -2.149291e-05
5              -3.346774e-02 4.472838e+02 -8.745467e-02 -3.349754e-02 4.472686e+02 -8.743861e-02 2.979260e-05 1.517755e-02 -1.606063e-05
5.1            -3.324207e-02 4.518991e+02 -8.245212e-02 -3.327158e-02 4.518914e+02 -8.243997e-02 2.950526e-05 7.682333e-03 -1.214901e-05
5.2            -4.116087e-02 4.561262e+02 -4.963879e-02 -4.118270e-02 4.561267e+02 -4.963114e-02 2.182990e-05 -5.352697e-04 -7.643669e-06
5.3            -4.413280e-02 4.581734e+02 -6.522490e-03 -4.414143e-02 4.581828e+02 -6.519278e-03 8.633954e-06 -9.419502e-03 -3.212241e-06
5.4            -4.040106e-02 4.592845e+02 1.948292e-02 -4.039605e-02 4.593030e+02 1.949108e-02 -5.010870e-06 -1.852313e-02 -8.156153e-06
5.5            -2.299904e-02 4.626974e+02 2.892309e-02 -2.299464e-02 4.627244e+02 2.893608e-02 -4.399389e-06 -2.701912e-02 -1.299951e-05
5.6            -1.622288e-02 4.675585e+02 8.623981e-03 -1.623849e-02 4.675930e+02 8.641603e-03 1.561224e-05 -3.444473e-02 -1.762257e-05
5.7            1.764531e-03 4.691154e+02 -5.507681e-02 1.735747e-03 4.691559e+02 -5.505898e-02 2.878319e-05 -4.043844e-02 -1.783197e-05
5.8            -8.630035e-03 4.727293e+02 -2.740765e-04 -8.645061e-03 4.727740e+02 -2.617193e-04 1.502583e-05 -4.467459e-02 -1.235720e-05
5.9            1.826793e-02 4.781707e+02 -1.909505e-02 1.827654e-02 4.782172e+02 -1.908652e-02 -8.610050e-06 -4.647807e-02 -8.528269e-06
6              6.853201e-02 4.838591e+02 3.748363e-03 6.854808e-02 4.839051e+02 3.760792e-03 -1.606143e-05 -4.600897e-02 -1.242830e-05
6.1            7.018343e-02 4.907174e+02 -1.544003e-02 7.019204e-02 4.907611e+02 -1.542298e-02 -8.613491e-06 -4.368839e-02 -1.704810e-05
6.2            7.727776e-02 4.954875e+02 -6.123973e-02 7.727126e-02 4.955277e+02 -6.122170e-02 6.494083e-06 -4.017391e-02 -1.803183e-05
6.3            7.030339e-02 5.019631e+02 -6.674479e-02 7.029017e-02 5.019992e+02 -6.672931e-02 1.322599e-05 -3.615780e-02 -1.547910e-05
6.4            6.593749e-02 5.072257e+02 -6.669247e-02 6.592797e-02 5.072578e+02 -6.668082e-02 9.512415e-06 -3.213963e-02 -1.165230e-05
6.5            7.807635e-02 5.120489e+02 -5.164451e-02 7.806648e-02 5.120775e+02 -5.163518e-02 9.876017e-06 -2.852043e-02 -9.329531e-06
6.6            8.533323e-02 5.170024e+02 -5.186463e-02 8.530092e-02 5.170274e+02 -5.185772e-02 3.230910e-05 -2.503441e-02 -6.904906e-06
6.7            6.302283e-02 5.205240e+02 -3.512588e-02 6.296554e-02 5.205455e+02 -3.511585e-02 5.728888e-05 -2.151686e-02 -1.002739e-05
6.8            4.256574e-02 5.218793e+02 -1.067951e-02 4.250843e-02 5.218966e+02 -1.066374e-02 5.731217e-05 -1.728080e-02 -1.577369e-05
6.9            1.547722e-02 5.239468e+02 4.844743e-03 1.544385e-02 5.239597e+02 4.859857e-03 3.337110e-05 -1.291038e-02 -1.511474e-05
7              -3.104789e-03 5.251973e+02 1.477923e-02 -3.124584e-03 5.252061e+02 1.478843e-02 1.979547e-05 -8.819039e-03 -9.199619e-06
7.1            -2.485457e-02 5.307166e+02 3.552092e-02 -2.488257e-02 5.307214e+02 3.553543e-02 2.799865e-05 -4.717764e-03 -1.451786e-05
7.2            -4.959844e-02 5.290216e+02 4.345905e-02 -4.962640e-02 5.290222e+02 4.348977e-02 2.795857e-05 -6.796511e-04 -3.071621e-05
7.3            -6.593485e-02 5.298356e+02 3.081993e-02 -6.594204e-02 5.298325e+02 3.085655e-02 7.188171e-06 3.084042e-03 -3.662212e-05
7.4            -7.283089e-02 5.348537e+02 4.497344e-03 -7.282034e-02 5.348475e+02 4.527126e-03 -1.055703e-05 6.283222e-03 -2.978193e-05
7.5            -6.935812e-02 5.400202e+02 2.732878e-02 -6.935647e-02 5.400115e+02 2.735678e-02 -1.649646e-06 8.623536e-03 -2.799530e-05
7.6            -9.043045e-02 5.467467e+02 2.565608e-02 -9.044667e-02 5.467365e+02 2.569448e-02 1.622170e-05 1.014647e-02 -3.839609e-05
7.7            -6.226164e-02 5.570057e+02 3.263751e-03 -6.227406e-02 5.569947e+02 3.311574e-03 1.241790e-05 1.102287e-02 -4.782271e-05
7.8            -6.959582e-02 5.696815e+02 -2.566039e-02 -6.958275e-02 5.696701e+02 -2.561351e-02 -1.306800e-05 1.135008e-02 -4.688225e-05
7.9            -5.792711e-02 5.845607e+02 -3.794512e-02 -5.789191e-02 5.845495e+02 -3.790423e-02 -3.519237e-05 1.115945e-02 -4.089775e-05
8              -6.631442e-02 6.021374e+02 8.720276e-02 -6.626993e-02 6.021275e+02 8.724304e-02 -4.448603e-05 9.883497e-03 -4.028110e-05
8.1            -1.476498e-02 6.203177e+02 1.471656e-02 -1.471909e-02 6.203097e+02 1.476192e-02 -4.588944e-05 7.955372e-03 -4.536485e-05
8.2            1.002810e-02 6.410818e+02 1.314054e-02 1.007373e-02 6.410764e+02 1.318957e-02 -4.563017e-05 5.386198e-03 -4.903598e-05
8.3            3.078306e-02 6.614251e+02 -2.316324e-03 3.082148e-02 6.614225e+02 -2.268400e-03 -3.842550e-05 2.523947e-03 -4.792391e-05
8.4            2.795468e-02 6.824441e+02 2.710356e-03 2.798176e-02 6.824445e+02 2.761681e-03 -2.707934e-05 -3.783186e-04 -5.132524e-05
8.5            5.972951e-02 6.995953e+02 -9.051109e-02 5.975154e-02 6.995990e+02 -9.045848e-02 -2.203064e-05 -3.765373e-03 -5.260387e-05
8.6            5.163033e-02 7.168689e+02 -8.377714e-02 5.165030e-02 7.168766e+02 -8.372756e-02 -1.997275e-05 -7.652296e-03 -4.958281e-05
8.7            4.369636e-02 7.335379e+02 -5.832108e-02 4.370746e-02 7.335501e+02 -5.827282e-02 -1.110197e-05 -1.221792e-02 -4.825686e-05
8.8            4.211390e-02 7.423539e+02 7.925714e-05 4.211578e-02 7.423710e+02 1.307286e-04 -1.884084e-06 -1.714549e-02 -5.147150e-05
8.9            2.027369e-02 7.500582e+02 4.555209e-02 2.026977e-02 7.500804e+02 4.560304e-02 3.927160e-06 -2.218166e-02 -5.095113e-05
9              -6.507027e-03 7.538902e+02 8.283910e-02 -6.521179e-03 7.539173e+02 8.288541e-02 1.415261e-05 -2.713432e-02 -4.630863e-05
9.1            -4.381261e-03 7.540645e+02 8.254505e-02 -4.403755e-03 7.540956e+02 8.259297e-02 2.249361e-05 -3.110214e-02 -4.791749e-05
9.2            -2.131603e-02 7.517044e+02 6.160075e-02 -2.132745e-02 7.517385e+02 6.165018e-02 1.141778e-05 -3.405662e-02 -4.943251e-05
9.3            -2.292994e-02 7.439012e+02 6.828853e-02 -2.291640e-02 7.439369e+02 6.833235e-02 -1.354083e-05 -3.569940e-02 -4.382322e-05
9.4            -4.132128e-02 7.360330e+02 9.630441e-02 -4.128439e-02 7.360688e+02 9.634624e-02 -3.688577e-05 -3.578583e-02 -4.183292e-05
9.5            -5.954175e-02 7.268293e+02 9.471227e-02 -5.949209e-02 7.268638e+02 9.475883e-02 -4.966205e-05 -3.453483e-02 -4.655914e-05
9.6            -5.453746e-02 7.159815e+02 8.649243e-02 -5.448803e-02 7.160138e+02 8.653937e-02 -4.942321e-05 -3.226791e-02 -4.693650e-05
9.7            -3.196859e-02 7.073367e+02 6.571925e-02 -3.192800e-02 7.073658e+02 6.576597e-02 -4.058356e-05 -2.912688e-02 -4.671320e-05
9.8            -6.438489e-02 6.993355e+02 -2.991063e-02 -6.434458e-02 6.993607e+02 -2.986441e-02 -4.031242e-05 -2.517324e-02 -4.621553e-05
9.9            5.669940e-03 6.916745e+02 1.011143e-02 5.720246e-03 6.916954e+02 1.015794e-02 -5.030583e-05 -2.083269e-02 -4.650766e-05
10             1.721901e-02 6.905553e+02 -4.827447e-02 1.727073e-02 6.905717e+02 -4.822814e-02 -5.172721e-05 -1.641218e-02 -4.633361e-05
10.1           3.455275e-02 6.935995e+02 -7.428905e-02 3.459527e-02 6.936119e+02 -7.424548e-02 -4.252545e-05 -1.243751e-02 -4.357298e-05
10.2           3.718782e-02 6.968020e+02 -9.015604e-02 3.722696e-02 6.968109e+02 -9.010943e-02 -3.913728e-05 -8.964042e-03 -4.661525e-05
10.3           4.449339e-02 7.090472e+02 -9.141658e-02 4.453514e-02 7.090527e+02 -9.137068e-02 -4.175645e-05 -5.505354e-03 -4.589875e-05
10.4           5.249663e-02 7.201617e+02 -7.125491e-02 5.253123e-02 7.201638e+02 -7.121195e-02 -3.459932e-05 -2.171389e-03 -4.295276e-05
10.5           5.727888e-02 7.442104e+02 -4.145957e-02 5.729354e-02 7.442096e+02 -4.141342e-02 -1.466259e-05 7.810551e-04 -4.615253e-05
10.6           6.114976e-02 7.644900e+02 -4.323103e-02 6.115002e-02 7.644873e+02 -4.317890e-02 -2.659062e-07 2.644581e-03 -5.212381e-05
10.7           6.536463e-02 7.914343e+02 -2.843349e-02 6.536314e-02 7.914307e+02 -2.838435e-02 1.490820e-06 3.608336e-03 -4.914119e-05
10.8           7.023012e-02 8.237011e+02 3.847508e-02 7.022941e-02 8.236975e+02 3.851219e-02 7.102769e-07 3.590342e-03 -3.711043e-05
10.9           5.661443e-02 8.583680e+02 3.755957e-02 5.661013e-02 8.583659e+02 3.759660e-02 4.294012e-06 2.070653e-03 -3.703381e-05
11             7.419491e-02 8.934391e+02 4.172414e-02 7.418927e-02 8.934396e+02 4.176469e-02 5.636986e-06 -4.826008e-04 -4.054787e-05
11.1           4.401163e-02 9.256214e+02 -2.919603e-02 4.401326e-02 9.256242e+02 -2.916046e-02 -1.628833e-06 -2.867791e-03 -3.556710e-05
11.2           1.713695e-02 9.629288e+02 -3.048386e-02 1.713925e-02 9.629347e+02 -3.046100e-02 -2.300595e-06 -5.921314e-03 -2.285426e-05
11.3           -5.802535e-03 9.928499e+02 -3.041759e-02 -5.801407e-03 9.928595e+02 -3.039639e-02 -1.128137e-06 -9.638302e-03 -2.120765e-05
11.4           7.266939e-03 1.022543e+03 8.266951e-03 7.267650e-03 1.022557e+03 8.291355e-03 -7.106606e-07 -1.349580e-02 -2.440378e-05
11.5           -6.269042e-03 1.048201e+03 7.744524e-02 -6.266084e-03 1.048219e+03 7.747235e-02 -2.958735e-06 -1.795623e-02 -2.710916e-05
11.6           -1.873983e-02 1.066987e+03 9.141904e-02 -1.874968e-02 1.067010e+03 9.144718e-02 9.845573e-06 -2.285829e-02 -2.813674e-05
11.7           -2.031817e-02 1.078102e+03 3.479073e-02 -2.034694e-02 1.078129e+03 3.481645e-02 2.876779e-05 -2.769661e-02 -2.571738e-05
11.8           -4.027891e-02 1.088021e+03 -5.770272e-02 -4.029125e-02 1.088053e+03 -5.768532e-02 1.233901e-05 -3.200726e-02 -1.739605e-05
11.9           -1.735864e-02 1.083793e+03 -6.141057e-02 -1.732093e-02 1.083828e+03 -6.140459e-02 -3.770578e-05 -3.527374e-02 -5.974414e-06
12             -7.065911e-03 1.076185e+03 -1.305562e-02 -7.013575e-03 1.076222e+03 -1.305163e-02 -5.233661e-05 -3.700488e-02 -3.993583e-06
12.1           -1.719621e-02 1.060220e+03 3.218794e-02 -1.717512e-02 1.060256e+03 3.219654e-02 -2.109280e-05 -3.652952e-02 -8.603518e-06
12.2           -2.398001e-02 1.050823e+03 1.177534e-02 -2.397854e-02 1.050858e+03 1.177936e-02 -1.466564e-06 -3.515412e-02 -4.024810e-06
12.3           -4.543603e-02 1.020943e+03 -1.342411e-01 -4.542533e-02 1.020974e+03 -1.342305e-01 -1.069466e-05 -3.153592e-02 -1.063629e-05
12.4           -5.733421e-02 9.971776e+02 -1.458326e-01 -5.734191e-02 9.972030e+02 -1.458496e-01 7.706528e-06 -2.533932e-02 1.695328e-05
12.5           -2.674669e-02 9.848375e+02 1.720864e-02 -2.676966e-02 9.848550e+02 1.718341e-02 2.297315e-05 -1.742139e-02 2.522590e-05
12.6           3.096336e-02 9.353362e+02 7.525553e-02 3.093248e-02 9.353442e+02 7.525532e-02 3.087714e-05 -7.923884e-03 2.047838e-07
12.7           -6.064142e-02 9.227789e+02 -5.756459e-02 -6.066569e-02 9.227768e+02 -5.754666e-02 2.427602e-05 2.079422e-03 -1.793352e-05
12.8           -4.271360e-02 8.873185e+02 -2.053427e-01 -4.273127e-02 8.873075e+02 -2.053461e-01 1.766346e-05 1.100639e-02 3.400565e-06
12.9           1.080242e-01 8.791242e+02 -2.416708e-02 1.080132e-01 8.791058e+02 -2.419487e-02 1.105082e-05 1.841417e-02 2.778679e-05
13             6.946343e-02 8.723450e+02 7.027701e-02 6.944594e-02 8.723210e+02 7.025445e-02 1.749400e-05 2.398287e-02 2.255322e-05
13.1           1.949589e-01 8.759068e+02 5.319104e-02 1.949331e-01 8.758797e+02 5.317905e-02 2.574395e-05 2.714351e-02 1.198645e-05
13.2           3.211866e-02 8.777723e+02 5.633737e-02 3.209811e-02 8.777452e+02 5.631758e-02 2.054548e-05 2.714274e-02 1.978548e-05
13.3           -2.527845e-02 9.375175e+02 9.070291e-02 -2.529413e-02 9.374927e+02 9.067128e-02 1.568347e-05 2.476069e-02 3.162404e-05
13.4           -9.156612e-03 9.543296e+02 4.252750e-02 -9.170999e-03 9.543085e+02 4.250433e-02 1.438786e-05 2.108125e-02 2.317571e-05
13.5           -9.695995e-03 9.981332e+02 2.922684e-02 -9.691273e-03 9.981170e+02 2.921233e-02 -4.721930e-06 1.620932e-02 1.451306e-05
13.6           -2.947832e-02 1.050564e+03 -2.020674e-02 -2.944295e-02 1.050555e+03 -2.022373e-02 -3.537388e-05 9.307497e-03 1.699449e-05
13.7           -2.975495e-02 1.111930e+03 1.087307e-02 -2.970575e-02 1.111929e+03 1.085832e-02 -4.919901e-05 1.087866e-03 1.475343e-05
13.8           -3.084287e-02 1.202217e+03 -2.778975e-02 -3.079677e-02 1.202225e+03 -2.780265e-02 -4.610771e-05 -7.191934e-03 1.290224e-05
13.9           -3.941465e-02 1.266200e+03 2.901103e-02 -3.937878e-02 1.266218e+03 2.899622e-02 -3.586318e-05 -1.774427e-02 1.480527e-05
14             -4.153190e-02 1.329318e+03 3.993680e-02 -4.150237e-02 1.329345e+03 3.993006e-02 -2.953044e-05 -2.749760e-02 6.736618e-06
14.1           -8.708200e-02 1.394410e+03 2.007788e-02 -8.704822e-02 1.394447e+03 2.007788e-02 -3.378645e-05 -3.690565e-02 1.351052e-09
14.2           -1.269003e-01 1.450226e+03 2.957432e-02 -1.268662e-01 1.450272e+03 2.956559e-02 -3.406024e-05 -4.613031e-02 8.728021e-06
14.3           -1.039930e-01 1.490835e+03 7.579444e-02 -1.039730e-01 1.490889e+03 7.576981e-02 -1.992834e-05 -5.404801e-02 2.463205e-05
14.4           -1.450068e-01 1.518185e+03 8.024083e-02 -1.449866e-01 1.518247e+03 8.021513e-02 -2.015459e-05 -6.128167e-02 2.569801e-05
14.5           -1.662347e-01 1.531561e+03 4.505946e-02 -1.661743e-01 1.531629e+03 4.504142e-02 -6.042427e-05 -6.843060e-02 1.803936e-05
14.6           -2.226879e-01 1.528311e+03 -1.301383e-02 -2.225704e-01 1.528387e+03 -1.303476e-02 -1.175820e-04 -7.624512e-02 2.092330e-05
14.7           -8.867346e-01 1.493829e+03 1.543481e-01 -8.866096e-01 1.493914e+03 1.543316e-01 -1.250060e-04 -8.485437e-02 1.644948e-05
14.8           -9.936653e-02 1.471092e+03 -5.858560e-02 -9.928573e-02 1.471183e+03 -5.857949e-02 -8.080398e-05 -9.076054e-02 -6.109065e-06
14.9           -1.378939e-01 1.422367e+03 -1.626611e-01 -1.378454e-01 1.422462e+03 -1.626429e-01 -4.855336e-05 -9.439263e-02 -1.826432e-05
15             -3.235729e-02 1.345935e+03 -1.501676e-01 -3.231285e-02 1.346029e+03 -1.501565e-01 -4.443912e-05 -9.399822e-02 -1.113839e-05
15.1           -3.552608e-02 1.280571e+03 -1.004158e-01 -3.547802e-02 1.280659e+03 -1.004079e-01 -4.805933e-05 -8.752114e-02 -7.932915e-06
15.2           1.619231e-03 1.211414e+03 -2.673574e-02 1.670407e-03 1.211488e+03 -2.672054e-02 -5.117562e-05 -7.420282e-02 -1.520264e-05
15.3           9.253679e-03 1.125651e+03 1.704759e-02 9.299226e-03 1.125705e+03 1.706889e-02 -4.554717e-05 -5.375875e-02 -2.130558e-05
15.4           -3.871437e-02 1.060780e+03 -4.686799e-02 -3.867775e-02 1.060809e+03 -4.684139e-02 -3.662492e-05 -2.830344e-02 -2.659993e-05
15.5           -3.071732e-02 9.795988e+02 -3.045347e-02 -3.069479e-02 9.795994e+02 -3.042428e-02 -2.252457e-05 -5.302019e-04 -2.918111e-05
15.6           5.566739e-04 9.573651e+02 -1.448359e-02 5.817607e-04 9.573382e+02 -1.444406e-02 -2.508687e-05 2.687599e-02 -3.952343e-05
15.7           2.023645e-02 9.290638e+02 -1.107697e-01 2.027359e-02 9.290118e+02 -1.107287e-01 -3.714214e-05 5.201366e-02 -4.101315e-05
15.8           4.440623e-02 9.356754e+02 -5.174739e-02 4.443897e-02 9.356028e+02 -5.171641e-02 -3.273994e-05 7.264892e-02 -3.098072e-05
15.9           4.813081e-01 9.008743e+02 1.232547e-01 4.813169e-01 9.007868e+02 1.232897e-01 -8.837338e-06 8.756405e-02 -3.500465e-05
16             7.988092e-02 9.904160e+02 2.082116e-02 7.986146e-02 9.903192e+02 2.087285e-02 1.945955e-05 9.679559e-02 -5.168775e-05
16.1           4.741281e-02 1.054458e+03 -3.505501e-03 4.738828e-02 1.054357e+03 -3.449098e-03 2.453178e-05 1.007199e-01 -5.640318e-05
16.2           1.378342e-02 1.113020e+03 4.125647e-02 1.377300e-02 1.112922e+03 4.129216e-02 1.041428e-05 9.819970e-02 -3.568453e-05
16.3           2.966413e-02 1.228033e+03 1.331967e-01 2.966589e-02 1.227942e+03 1.332139e-01 -1.764304e-06 9.101542e-02 -1.717966e-05
16.4           -1.391445e-02 1.350537e+03 8.719710e-02 -1.389881e-02 1.350459e+03 8.722604e-02 -1.564411e-05 7.764998e-02 -2.894587e-05
16.5           -1.487058e-02 1.506206e+03 1.411255e-02 -1.484847e-02 1.506146e+03 1.415314e-02 -2.210968e-05 6.057867e-02 -4.058953e-05
16.6           -7.428325e-02 1.614968e+03 -5.492719e-02 -7.426203e-02 1.614930e+03 -5.489692e-02 -2.121795e-05 3.850929e-02 -3.026735e-05
16.7           -7.383938e-02 1.746406e+03 -3.261545e-02 -7.382155e-02 1.746393e+03 -3.259379e-02 -1.782635e-05 1.390293e-02 -2.165422e-05
16.8           -1.259313e-01 1.853099e+03 -1.592403e-02 -1.259204e-01 1.853112e+03 -1.590903e-02 -1.095688e-05 -1.272806e-02 -1.499532e-05
16.9           -1.731985e-01 1.944348e+03 3.053983e-02 -1.731933e-01 1.944390e+03 3.053937e-02 -5.192756e-06 -4.175789e-02 4.586386e-07
17             -1.795322e-01 2.009356e+03 7.188428e-02 -1.795188e-01 2.009426e+03 7.187102e-02 -1.343407e-05 -6.972250e-02 1.325837e-05
17.1           -2.149129e-01 2.026678e+03 9.091929e-02 -2.148840e-01 2.026773e+03 9.091190e-02 -2.883962e-05 -9.503308e-02 7.391375e-06
17.2           -2.268318e-01 2.012841e+03 3.916855e-02 -2.268043e-01 2.012960e+03 3.916611e-02 -2.754938e-05 -1.184553e-01 2.433374e-06
17.3           -2.393314e-01 1.975113e+03 -7.711007e-03 -2.393157e-01 1.975254e+03 -7.720623e-03 -1.569090e-05 -1.411830e-01 9.615781e-06
17.4           -2.100133e-01 1.920909e+03 4.971379e-03 -2.099991e-01 1.921073e+03 4.947815e-03 -1.420174e-05 -1.643680e-01 2.356388e-05
17.5           -1.838122e-01 1.824844e+03 9.209923e-03 -1.837909e-01 1.825031e+03 9.185937e-03 -2.135300e-05 -1.870550e-01 2.398649e-05
17.6           -1.934704e-01 1.726808e+03 -3.938953e-02 -1.934408e-01 1.727012e+03 -3.940288e-02 -2.954274e-05 -2.045991e-01 1.335924e-05
17.7           -4.003235e-01 1.637622e+03 -3.723334e-02 -4.002863e-01 1.637835e+03 -3.724662e-02 -3.716999e-05 -2.128871e-01 1.327782e-05
17.8           -7.512042e-02 1.514496e+03 -2.441845e-02 -7.507760e-02 1.514708e+03 -2.442464e-02 -4.281554e-05 -2.116285e-01 6.188558e-06
17.9           -6.445193e-01 1.398676e+03 -3.244865e-01 -6.444840e-01 1.398872e+03 -3.244844e-01 -3.521427e-05 -1.958936e-01 -2.055637e-06
18             -1.482908e-01 1.194829e+03 -1.752307e-01 -1.482713e-01 1.194994e+03 -1.752322e-01 -1.944492e-05 -1.647498e-01 1.464029e-06
18.1           -2.500971e-02 1.075761e+03 2.756674e-02 -2.500391e-02 1.075879e+03 2.756610e-02 -5.805524e-06 -1.179564e-01 6.377926e-07
18.2           -7.472529e-02 1.112790e+03 -3.897714e-02 -7.472435e-02 1.112852e+03 -3.896899e-02 -9.432903e-07 -6.191866e-02 -8.148097e-06
18.3           7.012852e-02 1.080366e+03 6.098556e-03 7.012724e-02 1.080373e+03 6.110188e-03 1.283122e-06 -6.542823e-03 -1.163240e-05
18.4           9.760547e-02 1.043147e+03 -1.777127e-02 9.761025e-02 1.043101e+03 -1.775058e-02 -4.778410e-06 4.686478e-02 -2.069301e-05
18.5           -3.859318e-02 1.043639e+03 -2.640648e-02 -3.858152e-02 1.043549e+03 -2.638131e-02 -1.165913e-05 8.949096e-02 -2.517416e-05
18.6           4.839191e-02 1.097711e+03 -8.910261e-03 4.840857e-02 1.097589e+03 -8.883247e-03 -1.665286e-05 1.219120e-01 -2.701355e-05
18.7           8.888186e-02 1.168395e+03 6.424491e-02 8.889813e-02 1.168250e+03 6.427101e-02 -1.626961e-05 1.443674e-01 -2.609736e-05
18.8           9.374558e-02 1.241073e+03 1.861548e-02 9.375637e-02 1.240918e+03 1.863911e-02 -1.078760e-05 1.551746e-01 -2.363178e-05
18.9           5.692975e-02 1.326468e+03 1.015207e-02 5.693776e-02 1.326312e+03 1.017598e-02 -8.007875e-06 1.562610e-01 -2.390711e-05
19             1.014945e-01 1.489144e+03 -7.480731e-04 1.014960e-01 1.488994e+03 -7.248928e-04 -1.502928e-06 1.494661e-01 -2.318029e-05
19.1           1.049481e-01 1.642027e+03 1.164891e-03 1.049436e-01 1.641893e+03 1.195815e-03 4.508643e-06 1.331574e-01 -3.092365e-05
19.2           7.257244e-02 1.814257e+03 -5.662901e-02 7.255904e-02 1.814147e+03 -5.659916e-02 1.340239e-05 1.096839e-01 -2.985025e-05
19.3           1.281047e-02 1.953877e+03 -1.531618e-01 1.278849e-02 1.953794e+03 -1.531468e-01 2.197518e-05 8.295507e-02 -1.499821e-05
19.4           -3.223159e-02 2.093421e+03 -2.353337e-03 -3.225445e-02 2.093373e+03 -2.354079e-03 2.286701e-05 4.804324e-02 7.421824e-07
19.5           2.471703e-01 2.194716e+03 1.573997e-01 2.471580e-01 2.194708e+03 1.573977e-01 1.227460e-05 8.184099e-03 2.049527e-06
19.6           -2.284894e-01 2.402350e+03 -7.128461e-02 -2.284892e-01 2.402381e+03 -7.128855e-02 -1.572299e-07 -3.104915e-02 3.941303e-06
19.7           -2.268422e-01 2.362932e+03 5.147830e-02 -2.268314e-01 2.363007e+03 5.147232e-02 -1.075202e-05 -7.430660e-02 5.981675e-06
19.8           1.255518e-01 2.345422e+03 1.593961e-01 1.255738e-01 2.345537e+03 1.593874e-01 -2.199769e-05 -1.147749e-01 8.718379e-06
19.9           -3.457210e-01 2.332356e+03 5.977666e-02 -3.456918e-01 2.332509e+03 5.976988e-02 -2.920050e-05 -1.522797e-01 6.784056e-06
20             -2.908115e-01 2.266663e+03 1.039890e-01 -2.907805e-01 2.266852e+03 1.039905e-01 -3.100462e-05 -1.890848e-01 -1.473855e-06
20.1           -2.198612e-01 2.141408e+03 5.995393e-02 -2.198204e-01 2.141631e+03 5.996818e-02 -4.071364e-05 -2.231057e-01 -1.424993e-05
20.2           -1.200092e-01 2.186080e+03 -1.975709e-02 -1.199670e-01 2.186331e+03 -1.973923e-02 -4.228232e-05 -2.511478e-01 -1.785632e-05
20.3           -8.209656e-02 1.888618e+03 -3.037464e-02 -8.206151e-02 1.888888e+03 -3.035387e-02 -3.504646e-05 -2.698662e-01 -2.076598e-05
20.4           -4.198305e-02 1.814665e+03 -5.417485e-02 -4.194874e-02 1.814944e+03 -5.414818e-02 -3.431927e-05 -2.791405e-01 -2.667612e-05
20.5           -2.742319e-02 1.644527e+03 -9.364723e-02 -2.738839e-02 1.644804e+03 -9.361289e-02 -3.480054e-05 -2.764901e-01 -3.434131e-05
20.6           1.960733e-01 1.644876e+03 1.785782e-01 1.960971e-01 1.645126e+03 1.786187e-01 -2.381923e-05 -2.500353e-01 -4.054962e-05
20.7           -2.261128e-02 1.468685e+03 -2.290984e-01 -2.259163e-02 1.468892e+03 -2.290523e-01 -1.965126e-05 -2.071710e-01 -4.607451e-05
20.8           1.251606e-01 1.415788e+03 -8.414943e-02 1.251680e-01 1.415931e+03 -8.410372e-02 -7.395294e-06 -1.426080e-01 -4.571464e-05
20.9           -2.541809e-02 1.294790e+03 -1.094403e-01 -2.541929e-02 1.294865e+03 -1.093983e-01 1.201144e-06 -7.411809e-02 -4.200304e-05
21             -5.572024e-01 1.265639e+03 -3.259573e-02 -5.572157e-01 1.265646e+03 -3.255708e-02 1.328872e-05 -6.471313e-03 -3.865311e-05
21.1           -1.015391e-01 1.250140e+03 -5.146546e-02 -1.015598e-01 1.250087e+03 -5.143340e-02 2.070000e-05 5.240824e-02 -3.205910e-05
21.2           3.275801e-02 1.279834e+03 -8.710573e-02 3.273692e-02 1.279736e+03 -8.707773e-02 2.108530e-05 9.773698e-02 -2.799615e-05
21.3           -1.450562e-01 1.295076e+03 -5.789061e-02 -1.450734e-01 1.294945e+03 -5.785881e-02 1.713619e-05 1.304789e-01 -3.180303e-05
21.4           3.916808e-02 1.335731e+03 3.750116e-02 3.915332e-02 1.335582e+03 3.752932e-02 1.475440e-05 1.489280e-01 -2.815964e-05
21.5           5.630785e-01 1.567622e+03 2.733529e-01 5.630631e-01 1.567465e+03 2.733705e-01 1.531775e-05 1.576237e-01 -1.757454e-05
21.6           7.642520e-03 1.596845e+03 -1.910069e-02 7.635357e-03 1.596691e+03 -1.908758e-02 7.162517e-06 1.543938e-01 -1.311035e-05
21.7           -3.448370e-02 1.898252e+03 6.352653e-03 -3.448584e-02 1.898109e+03 6.364270e-03 2.145990e-06 1.427843e-01 -1.161677e-05
21.8           3.344499e-03 1.897738e+03 1.683747e-02 3.352486e-03 1.897612e+03 1.685377e-02 -7.986892e-06 1.263032e-01 -1.630677e-05
21.9           -4.705372e-02 2.096789e+03 2.275053e-02 -4.703686e-02 2.096688e+03 2.276365e-02 -1.685689e-05 1.013411e-01 -1.311949e-05
22             -8.181988e-02 2.219245e+03 1.891883e-02 -8.179411e-02 2.219175e+03 1.892831e-02 -2.576877e-05 7.076627e-02 -9.484545e-06
22.1           -8.096241e-02 2.351353e+03 2.135404e-02 -8.092486e-02 2.351318e+03 2.136298e-02 -3.754784e-05 3.550572e-02 -8.942745e-06
22.2           -6.559688e-02 2.338259e+03 7.635370e-02 -6.554945e-02 2.338263e+03 7.636526e-02 -4.743257e-05 -3.401013e-03 -1.156004e-05
22.3           -7.306133e-02 2.521018e+03 6.615654e-02 -7.300768e-02 2.521063e+03 6.617597e-02 -5.364645e-05 -4.554313e-02 -1.943316e-05
22.4           -1.198084e-01 2.536086e+03 9.449754e-02 -1.197547e-01 2.536175e+03 9.452208e-02 -5.375616e-05 -8.920997e-02 -2.454094e-05
22.5           -1.200782e-01 2.505286e+03 5.741915e-02 -1.200251e-01 2.505416e+03 5.743941e-02 -5.310226e-05 -1.298117e-01 -2.026608e-05
22.6           -1.019263e-01 2.487121e+03 -2.485625e-02 -1.018737e-01 2.487289e+03 -2.483246e-02 -5.263943e-05 -1.679673e-01 -2.379257e-05
22.7           -1.335833e-02 2.444365e+03 4.628348e-02 -1.330758e-02 2.444570e+03 4.631580e-02 -5.075078e-05 -2.053222e-01 -3.232109e-05
22.8           -1.072413e-01 2.314330e+03 -1.313557e-01 -1.071921e-01 2.314568e+03 -1.313140e-01 -4.926841e-05 -2.377704e-01 -4.174090e-05
22.9           1.343059e-02 2.181760e+03 -1.389447e-01 1.346589e-02 2.182024e+03 -1.388982e-01 -3.529757e-05 -2.640605e-01 -4.650079e-05
23             5.153338e-01 2.073511e+03 2.322918e-01 5.153636e-01 2.073790e+03 2.323433e-01 -2.980573e-05 -2.786692e-01 -5.152444e-05
23.1           -5.913532e-02 1.866161e+03 -2.591851e-01 -5.910122e-02 1.866446e+03 -2.591258e-01 -3.410606e-05 -2.846785e-01 -5.936094e-05
23.2           -2.600369e-02 1.844952e+03 -2.685511e-01 -2.597074e-02 1.845222e+03 -2.684869e-01 -3.295304e-05 -2.699938e-01 -6.419984e-05
23.3           -3.769352e-03 1.684898e+03 -2.778267e-01 -3.738451e-03 1.685139e+03 -2.777559e-01 -3.090095e-05 -2.408145e-01 -7.075657e-05
23.4           8.726554e-02 1.536242e+03 -7.187785e-02 8.728606e-02 1.536435e+03 -7.180688e-02 -2.051951e-05 -1.933690e-01 -7.097105e-05
23.5           3.622988e-02 1.544637e+03 -5.380155e-02 3.623532e-02 1.544769e+03 -5.372889e-02 -5.444676e-06 -1.325860e-01 -7.265693e-05
23.6           -7.201976e-02 1.485649e+03 -7.347682e-02 -7.203387e-02 1.485716e+03 -7.340898e-02 1.411229e-05 -6.670170e-02 -6.783931e-05
23.7           -6.465862e-02 1.435048e+03 4.703069e-02 -6.468507e-02 1.435050e+03 4.709389e-02 2.644870e-05 -2.591998e-03 -6.320570e-05
23.8           -3.038999e-02 1.443997e+03 6.420686e-02 -3.042040e-02 1.443946e+03 6.425880e-02 3.040956e-05 5.110810e-02 -5.194782e-05
23.9           2.994349e-01 1.483643e+03 1.914081e-01 2.994046e-01 1.483551e+03 1.914480e-01 3.028309e-05 9.204534e-02 -3.990988e-05
24             1.551956e-02 1.501555e+03 1.629083e-01 1.551201e-02 1.501433e+03 1.629498e-01 7.546080e-06 1.217745e-01 -4.147221e-05
24.1           1.260167e-02 1.513985e+03 1.861080e-01 1.260173e-02 1.513848e+03 1.861392e-01 -6.531579e-08 1.372266e-01 -3.117467e-05
24.2           6.403446e-01 1.800865e+03 1.341060e+00 6.403541e-01 1.800719e+03 1.341087e+00 -9.521698e-06 1.452491e-01 -2.745187e-05
24.3           -7.934444e-02 1.830552e+03 1.010135e-02 -7.932692e-02 1.830411e+03 1.012337e-02 -1.751679e-05 1.409696e-01 -2.202173e-05
24.4           1.659445e-02 1.904080e+03 2.936612e-02 1.661781e-02 1.903950e+03 2.938457e-02 -2.335760e-05 1.306388e-01 -1.844315e-05
24.5           -4.902403e-02 2.008251e+03 -9.395409e-02 -4.899595e-02 2.008138e+03 -9.393639e-02 -2.807492e-05 1.128899e-01 -1.769832e-05
24.6           -6.018998e-02 2.196014e+03 -1.437292e-01 -6.016063e-02 2.195927e+03 -1.437161e-01 -2.935124e-05 8.774960e-02 -1.306228e-05
24.7           -4.431713e-02 2.397943e+03 -1.265243e-01 -4.428760e-02 2.397883e+03 -1.265135e-01 -2.952559e-05 5.981305e-02 -1.080766e-05
24.8           5.576932e-02 2.560861e+03 5.729279e-02 5.580405e-02 2.560836e+03 5.731339e-02 -3.473938e-05 2.466630e-02 -2.060000e-05
24.9           4.506970e-03 2.564490e+03 -6.827350e-02 4.544346e-03 2.564505e+03 -6.824434e-02 -3.737625e-05 -1.497201e-02 -2.915610e-05
25             5.067077e-02 2.702770e+03 -3.058121e-02 5.070798e-02 2.702824e+03 -3.054383e-02 -3.721037e-05 -5.380146e-02 -3.737819e-05
25.1           4.676569e-02 2.682169e+03 -4.096518e-02 4.680289e-02 2.682264e+03 -4.092238e-02 -3.719927e-05 -9.521502e-02 -4.279605e-05
25.2           1.088897e-01 2.683929e+03 -7.979562e-02 1.089292e-01 2.684062e+03 -7.973965e-02 -3.943419e-05 -1.331957e-01 -5.596923e-05
25.3           -2.225519e-03 2.596315e+03 -1.128782e-01 -2.188858e-03 2.596482e+03 -1.128165e-01 -3.666169e-05 -1.673717e-01 -6.169223e-05
25.4           -7.286143e-02 2.550365e+03 -1.869700e-01 -7.283012e-02 2.550566e+03 -1.869039e-01 -3.130826e-05 -2.002879e-01 -6.611213e-05
25.5           5.332991e-01 2.443009e+03 3.845366e-01 5.333229e-01 2.443241e+03 3.846050e-01 -2.386554e-05 -2.313014e-01 -6.835734e-05
25.6           -1.813178e-01 2.404575e+03 -2.494394e-01 -1.813050e-01 2.404830e+03 -2.493613e-01 -1.279994e-05 -2.556982e-01 -7.815589e-05
25.7           -3.746152e-02 2.202247e+03 -1.459036e-01 -3.746052e-02 2.202516e+03 -1.458273e-01 -9.998704e-07 -2.688098e-01 -7.633654e-05
25.8           -4.666427e-02 2.068355e+03 -2.430822e-01 -4.665746e-02 2.068626e+03 -2.430046e-01 -6.810987e-06 -2.713390e-01 -7.759008e-05
25.9           -2.299048e-02 1.937655e+03 -2.045175e-01 -2.297513e-02 1.937915e+03 -2.044366e-01 -1.535554e-05 -2.603340e-01 -8.089379e-05
26             2.954480e-02 1.885845e+03 -1.437755e-01 2.956637e-02 1.886075e+03 -1.436931e-01 -2.157505e-05 -2.294159e-01 -8.239741e-05
26.1           -2.984847e-02 1.566899e+03 -1.322703e-01 -2.983222e-02 1.567084e+03 -1.321916e-01 -1.624562e-05 -1.850309e-01 -7.868528e-05
26.2           -9.441741e-02 1.688894e+03 -1.888015e-01 -9.441373e-02 1.689018e+03 -1.887243e-01 -3.684515e-06 -1.237286e-01 -7.724964e-05
26.3           -6.256914e-02 1.567669e+03 -1.227705e-03 -6.257726e-02 1.567730e+03 -1.155507e-03 8.120108e-06 -6.184743e-02 -7.219822e-05
26.4           7.476970e-01 1.532742e+03 -1.363129e-01 7.476807e-01 1.532743e+03 -1.362486e-01 1.628155e-05 -7.791906e-04 -6.431109e-05
26.5           6.273212e-02 1.494038e+03 2.533013e-01 6.271527e-02 1.493987e+03 2.533594e-01 1.685153e-05 5.155670e-02 -5.811156e-05
26.6           -1.869260e-01 1.524942e+03 1.773655e-01 -1.869395e-01 1.524851e+03 1.774084e-01 1.345093e-05 9.127425e-02 -4.281551e-05
26.7           -9.916176e-02 1.562917e+03 2.230160e-01 -9.916889e-02 1.562797e+03 2.230505e-01 7.124828e-06 1.201027e-01 -3.458225e-05
26.8           3.674677e-03 1.597338e+03 2.754627e-01 3.675387e-03 1.597202e+03 2.754912e-01 -7.091808e-07 1.360521e-01 -2.857375e-05
26.9           4.871142e-02 1.749262e+03 2.269908e-01 4.871716e-02 1.749119e+03 2.270140e-01 -5.733931e-06 1.425477e-01 -2.322404e-05
27             6.886405e-03 1.798716e+03 8.023919e-02 6.900458e-03 1.798576e+03 8.026114e-02 -1.405348e-05 1.391572e-01 -2.195041e-05
27.1           -1.468587e-02 2.025539e+03 -9.179150e-03 -1.466535e-02 2.025411e+03 -9.155498e-03 -2.052098e-05 1.285594e-01 -2.365249e-05
27.2           3.327691e-02 2.119063e+03 -1.026486e-01 3.329979e-02 2.118951e+03 -1.026265e-01 -2.287722e-05 1.112149e-01 -2.209804e-05
27.3           -8.073854e-04 2.258377e+03 -1.434620e-01 -7.832773e-04 2.258291e+03 -1.434402e-01 -2.410810e-05 8.624784e-02 -2.172845e-05
27.4           1.680885e-02 2.442164e+03 -1.807029e-01 1.683176e-02 2.442105e+03 -1.806806e-01 -2.291548e-05 5.866864e-02 -2.227893e-05
27.5           2.024159e-02 2.533097e+03 -1.841857e-01 2.026573e-02 2.533074e+03 -1.841522e-01 -2.413619e-05 2.289298e-02 -3.344122e-05
27.6           1.357825e-02 2.631767e+03 -2.026978e-01 1.359879e-02 2.631782e+03 -2.026582e-01 -2.054613e-05 -1.560493e-02 -3.960283e-05
27.7           3.292884e-02 2.857609e+03 -1.136627e-01 3.294419e-02 2.857662e+03 -1.136162e-01 -1.534982e-05 -5.288820e-02 -4.649210e-05
27.8           7.609565e-02 2.752861e+03 -1.004949e-01 7.610677e-02 2.752956e+03 -1.004363e-01 -1.111744e-05 -9.495780e-02 -5.854035e-05
27.9           1.088895e-02 2.749124e+03 -1.583227e-01 1.089993e-02 2.749256e+03 -1.582517e-01 -1.097620e-05 -1.322162e-01 -7.097520e-05
28             -2.166860e-02 2.652597e+03 -1.396343e-01 -2.166024e-02 2.652762e+03 -1.395624e-01 -8.355848e-06 -1.650538e-01 -7.188191e-05
28.1           -5.345985e-02 2.597823e+03 -1.414754e-01 -5.345291e-02 2.598019e+03 -1.414031e-01 -6.941754e-06 -1.966936e-01 -7.225052e-05
28.2           1.505715e-02 2.500087e+03 -5.675125e-02 1.506264e-02 2.500313e+03 -5.667775e-02 -5.488173e-06 -2.267263e-01 -7.349881e-05
28.3           3.087222e-03 2.390374e+03 2.509017e-02 3.085083e-03 2.390624e+03 2.516682e-02 2.138996e-06 -2.509256e-01 -7.665830e-05
28.4           -3.725522e-02 2.247372e+03 -3.547824e-02 -3.726164e-02 2.247639e+03 -3.540128e-02 6.414886e-06 -2.670495e-01 -7.695222e-05
28.5           -6.656266e-02 2.123056e+03 -7.785190e-02 -6.655880e-02 2.123325e+03 -7.777599e-02 -3.857272e-06 -2.685188e-01 -7.591095e-05
28.6           -7.771157e-03 1.983292e+03 -6.537398e-02 -7.755645e-03 1.983549e+03 -6.529861e-02 -1.551201e-05 -2.572177e-01 -7.536787e-05
28.7           -3.153429e-02 1.871979e+03 -1.181884e-01 -3.150910e-02 1.872208e+03 -1.181149e-01 -2.519277e-05 -2.286135e-01 -7.348322e-05
28.8           -3.838697e-02 1.623753e+03 -5.570548e-02 -3.836251e-02 1.623935e+03 -5.563776e-02 -2.446135e-05 -1.829427e-01 -6.772191e-05
28.9           -4.754163e-02 1.576892e+03 -3.872497e-02 -4.752127e-02 1.577016e+03 -3.866072e-02 -2.036570e-05 -1.238644e-01 -6.424593e-05
29             -4.137321e-02 1.568092e+03 2.088205e-02 -4.135997e-02 1.568154e+03 2.093890e-02 -1.323631e-05 -6.155812e-02 -5.685150e-05
29.1           -9.528504e-01 1.522410e+03 1.387591e-01 -9.528410e-01 1.522410e+03 1.388088e-01 -9.332623e-06 2.937753e-04 -4.968454e-05
29.2           -7.922708e-02 1.514465e+03 9.212377e-02 -7.922575e-02 1.514412e+03 9.216206e-02 -1.326870e-06 5.331575e-02 -3.828443e-05
29.3           -2.722713e-01 1.503120e+03 2.212771e-02 -2.722711e-01 1.503025e+03 2.215577e-02 -1.818436e-07 9.481965e-02 -2.805261e-05
29.4           6.628692e-03 1.515547e+03 1.528115e-01 6.633871e-03 1.515422e+03 1.528322e-01 -5.179257e-06 1.247226e-01 -2.073822e-05
29.5           1.064977e-02 1.553663e+03 1.119094e-01 1.066289e-02 1.553521e+03 1.119271e-01 -1.311327e-05 1.421496e-01 -1.767317e-05
29.6           6.225017e-01 1.645704e+03 -2.286080e-02 6.225177e-01 1.645554e+03 -2.284761e-02 -1.596280e-05 1.496346e-01 -1.319013e-05
29.7           -1.015912e-01 1.793354e+03 1.548441e-02 -1.015713e-01 1.793207e+03 1.549746e-02 -1.982272e-05 1.468881e-01 -1.305634e-05
29.8           4.350451e-02 1.902508e+03 7.058260e-03 4.352807e-02 1.902371e+03 7.075956e-03 -2.356095e-05 1.368408e-01 -1.769608e-05
29.9           2.834350e-03 2.124937e+03 -1.185988e-01 2.859943e-03 2.124817e+03 -1.185746e-01 -2.559329e-05 1.201494e-01 -2.426046e-05
30             -4.083094e-02 2.197977e+03 -1.469737e-01 -4.080624e-02 2.197882e+03 -1.469475e-01 -2.469647e-05 9.441132e-02 -2.626058e-05
30.1           4.890202e-06 2.327026e+03 -1.294775e-01 2.923401e-05 2.326959e+03 -1.294483e-01 -2.434380e-05 6.678949e-02 -2.927485e-05
30.2           1.261667e-02 2.500396e+03 -2.315049e-01 1.264137e-02 2.500366e+03 -2.314643e-01 -2.469562e-05 3.067525e-02 -4.058717e-05
30.3           5.358599e-02 2.610879e+03 -1.681813e-01 5.361027e-02 2.610888e+03 -1.681343e-01 -2.428304e-05 -8.982215e-03 -4.697037e-05
30.4           7.370777e-02 2.584354e+03 -1.265160e-01 7.372839e-02 2.584402e+03 -1.264641e-01 -2.062268e-05 -4.863881e-02 -5.190013e-05
30.5           6.944964e-02 2.688449e+03 -8.087328e-02 6.946583e-02 2.688541e+03 -8.081868e-02 -1.618399e-05 -9.123417e-02 -5.460113e-05
30.6           9.739636e-02 2.659998e+03 -7.965129e-02 9.741387e-02 2.660129e+03 -7.958362e-02 -1.751547e-05 -1.307723e-01 -6.766884e-05
30.7           5.574008e-02 2.624662e+03 7.619658e-02 5.575594e-02 2.624827e+03 7.627409e-02 -1.585830e-05 -1.650329e-01 -7.750820e-05
30.8           -2.399994e-02 2.537962e+03 -1.147343e-01 -2.398979e-02 2.538160e+03 -1.146573e-01 -1.014828e-05 -1.981202e-01 -7.703997e-05
30.9           -6.123169e-02 2.445538e+03 -6.347153e-02 -6.122457e-02 2.445767e+03 -6.339317e-02 -7.114485e-06 -2.292372e-01 -7.836289e-05
31             -1.689310e-01 2.506203e+03 4.825913e-03 -1.689303e-01 2.506456e+03 4.906626e-03 -7.038481e-07 -2.533369e-01 -8.071313e-05
31.1           -3.278255e-02 2.174551e+03 6.884501e-02 -3.279171e-02 2.174819e+03 6.892014e-02 9.159076e-06 -2.681778e-01 -7.513225e-05
31.2           -9.181640e-02 2.122445e+03 -1.071009e-02 -9.181400e-02 2.122718e+03 -1.063699e-02 -2.403360e-06 -2.729246e-01 -7.310121e-05
31.3           -6.491235e-02 1.978335e+03 1.853055e-02 -6.489456e-02 1.978599e+03 1.859686e-02 -1.779471e-05 -2.643614e-01 -6.631254e-05
31.4           -4.899658e-02 1.830292e+03 -6.131703e-02 -4.896077e-02 1.830526e+03 -6.125516e-02 -3.581017e-05 -2.347324e-01 -6.186409e-05
31.5           -5.494388e-03 1.718766e+03 -5.124850e-02 -5.457719e-03 1.718956e+03 -5.119636e-02 -3.666886e-05 -1.895483e-01 -5.213742e-05
31.6           -6.272308e-02 1.560406e+03 -8.289655e-02 -6.269356e-02 1.560536e+03 -8.284837e-02 -2.951920e-05 -1.295504e-01 -4.817982e-05
31.7           -2.223954e-01 1.499081e+03 -1.337896e-01 -2.223803e-01 1.499144e+03 -1.337511e-01 -1.508582e-05 -6.365856e-02 -3.848791e-05
31.8           -1.008883e-02 1.439129e+03 1.397139e-01 -1.009110e-02 1.439127e+03 1.397414e-01 2.269970e-06 1.827918e-03 -2.751958e-05
31.9           -3.226339e-02 1.463224e+03 1.929584e-01 -3.227504e-02 1.463165e+03 1.929725e-01 1.165090e-05 5.897831e-02 -1.415301e-05
32             -2.586670e-01 1.362764e+03 -6.023105e-02 -2.586808e-01 1.362662e+03 -6.022421e-02 1.381397e-05 1.019024e-01 -6.843075e-06
32.1           -5.570890e-02 1.491855e+03 1.544372e-01 -5.571756e-02 1.491721e+03 1.544475e-01 8.658544e-06 1.337754e-01 -1.026904e-05
32.2           -5.697373e-01 1.522363e+03 1.616949e-01 -5.697426e-01 1.522213e+03 1.617010e-01 5.315374e-06 1.503643e-01 -6.162145e-06
32.3           -5.041376e-03 1.648184e+03 -5.904106e-03 -5.052424e-03 1.648025e+03 -5.905203e-03 1.104816e-05 1.585702e-01 1.096718e-06
32.4           -2.980945e-01 1.613865e+03 -2.386975e-01 -2.981075e-01 1.613711e+03 -2.387024e-01 1.299783e-05 1.538116e-01 4.906121e-06
32.5           -2.289947e-02 1.789239e+03 -1.204613e-01 -2.291051e-02 1.789094e+03 -1.204638e-01 1.104168e-05 1.447156e-01 2.475112e-06
32.6           6.875885e-03 1.927269e+03 -8.794793e-02 6.872534e-03 1.927143e+03 -8.794380e-02 3.351154e-06 1.266757e-01 -4.138399e-06
32.7           2.403465e-02 2.075581e+03 -3.178462e-02 2.403939e-02 2.075480e+03 -3.177480e-02 -4.743127e-06 1.002796e-01 -9.825684e-06
32.8           -2.169824e-02 2.186999e+03 -7.003456e-02 -2.168712e-02 2.186930e+03 -7.002158e-02 -1.112175e-05 6.934532e-02 -1.298299e-05
32.9           -2.292347e-02 2.360112e+03 -1.870396e-02 -2.290745e-02 2.360078e+03 -1.868145e-02 -1.601840e-05 3.419333e-02 -2.251372e-05
33             1.942038e-02 2.441681e+03 2.352283e-02 1.943817e-02 2.441685e+03 2.355127e-02 -1.778971e-05 -4.548967e-03 -2.843231e-05
33.1           3.795258e-02 2.604656e+03 1.317123e-02 3.797093e-02 2.604701e+03 1.321130e-02 -1.835063e-05 -4.470509e-02 -4.007702e-05
33.2           6.511989e-02 2.601419e+03 1.727768e-02 6.513619e-02 2.601507e+03 1.732611e-02 -1.630510e-05 -8.829833e-02 -4.843103e-05
33.3           9.764002e-02 2.578229e+03 -1.857888e-02 9.765250e-02 2.578357e+03 -1.852889e-02 -1.247882e-05 -1.280058e-01 -4.998723e-05
33.4           9.706662e-02 2.496071e+03 -8.410707e-02 9.707591e-02 2.496233e+03 -8.405178e-02 -9.290590e-06 -1.623229e-01 -5.528923e-05
33.5           1.215789e-01 2.440087e+03 -7.876614e-02 1.215817e-01 2.440283e+03 -7.870299e-02 -2.732285e-06 -1.958108e-01 -6.315108e-05
33.6           -9.576503e-03 2.323856e+03 -1.496794e-01 -9.581705e-03 2.324083e+03 -1.496147e-01 5.201803e-06 -2.262674e-01 -6.472300e-05
33.7           4.061896e-02 2.208677e+03 -3.741307e-02 4.060058e-02 2.208928e+03 -3.735161e-02 1.838286e-05 -2.511511e-01 -6.146044e-05
33.8           -1.922036e-02 2.088962e+03 7.884502e-02 -1.924682e-02 2.089230e+03 7.890398e-02 2.646034e-05 -2.677984e-01 -5.896152e-05
33.9           3.444568e-01 1.914787e+03 -2.057789e-01 3.444396e-01 1.915061e+03 -2.057225e-01 1.720853e-05 -2.738043e-01 -5.645739e-05
34             -3.694352e-02 1.772052e+03 -5.287344e-02 -3.694578e-02 1.772316e+03 -5.282286e-02 2.261047e-06 -2.642744e-01 -5.058610e-05
34.1           3.566888e-02 1.672216e+03 1.936361e-02 3.568275e-02 1.672456e+03 1.940779e-02 -1.386544e-05 -2.401091e-01 -4.418774e-05
34.2           -4.882369e-02 1.567902e+03 -9.499051e-02 -4.880582e-02 1.568097e+03 -9.495808e-02 -1.787178e-05 -1.955472e-01 -3.242401e-05
34.3           4.277705e-02 1.418567e+03 6.113684e-03 4.278836e-02 1.418702e+03 6.143175e-03 -1.131369e-05 -1.348690e-01 -2.949123e-05
34.4           7.456403e-02 1.343796e+03 -1.329899e-01 7.455845e-02 1.343865e+03 -1.329714e-01 5.588213e-06 -6.881579e-02 -1.845130e-05
34.5           -4.060019e-01 1.289722e+03 -1.649621e-01 -4.060166e-01 1.289725e+03 -1.649487e-01 1.467617e-05 -3.370927e-03 -1.331532e-05
34.6           -1.172061e-01 1.269047e+03 1.316739e-01 -1.172280e-01 1.268991e+03 1.316801e-01 2.187329e-05 5.548885e-02 -6.230359e-06
34.7           5.099727e-02 1.226902e+03 7.215249e-02 5.098069e-02 1.226801e+03 7.215760e-02 1.657268e-05 1.012177e-01 -5.104149e-06
34.8           -2.464458e-01 1.279715e+03 5.063166e-02 -2.464563e-01 1.279580e+03 5.064020e-02 1.045950e-05 1.347882e-01 -8.540977e-06
34.9           5.377556e-01 1.396463e+03 -9.316315e-02 5.377494e-01 1.396309e+03 -9.315569e-02 6.204273e-06 1.544189e-01 -7.458804e-06
35             -9.191728e-02 1.362985e+03 -8.872067e-03 -9.192910e-02 1.362822e+03 -8.869904e-03 1.182169e-05 1.632186e-01 -2.162868e-06
35.1           9.043145e-01 1.527156e+03 3.640586e-01 9.042976e-01 1.526993e+03 3.640634e-01 1.691097e-05 1.627348e-01 -4.849509e-06
35.2           -7.941784e-02 1.570884e+03 -1.703456e-01 -7.943841e-02 1.570732e+03 -1.703395e-01 2.056519e-05 1.525574e-01 -6.159687e-06
35.3           -4.104731e-02 1.730276e+03 -2.237167e-01 -4.106879e-02 1.730142e+03 -2.237012e-01 2.147837e-05 1.339948e-01 -1.543580e-05
35.4           8.893427e-03 1.884502e+03 -1.538805e-01 8.871516e-03 1.884392e+03 -1.538551e-01 2.191068e-05 1.106452e-01 -2.540794e-05
35.5           3.606280e-03 2.018140e+03 -1.385440e-01 3.584838e-03 2.018059e+03 -1.385133e-01 2.144219e-05 8.103715e-02 -3.066886e-05
35.6           -5.289814e-03 2.145333e+03 -3.425483e-03 -5.306881e-03 2.145288e+03 -3.384917e-03 1.706655e-05 4.452479e-02 -4.056598e-05
35.7           3.240143e-01 2.245242e+03 2.449673e-01 3.240003e-01 2.245238e+03 2.450152e-01 1.397561e-05 3.676792e-03 -4.787579e-05
35.8           2.117524e-02 2.198661e+03 5.957359e-02 2.116194e-02 2.198698e+03 5.962321e-02 1.329805e-05 -3.690146e-02 -4.962437e-05
35.9           1.489691e-02 2.345293e+03 1.231213e-01 1.488362e-02 2.345374e+03 1.231721e-01 1.328770e-05 -8.086578e-02 -5.078538e-05
36             -8.131616e-02 2.317366e+03 9.359757e-02 -8.132475e-02 2.317489e+03 9.364871e-02 8.580429e-06 -1.227003e-01 -5.114103e-05
36.1           1.973098e-02 2.279349e+03 7.718843e-02 1.972764e-02 2.279508e+03 7.723986e-02 3.338433e-06 -1.592092e-01 -5.142952e-05
36.2           -6.687101e-02 2.221294e+03 5.287323e-02 -6.687162e-02 2.221487e+03 5.292390e-02 6.166626e-07 -1.934939e-01 -5.066324e-05
36.3           -7.544443e-02 2.133307e+03 6.910250e-02 -7.544607e-02 2.133531e+03 6.914760e-02 1.638315e-06 -2.233281e-01 -4.509319e-05
36.4           -1.063584e-01 2.064898e+03 5.197832e-02 -1.063605e-01 2.065146e+03 5.202223e-02 2.178022e-06 -2.484502e-01 -4.390921e-05
36.5           -2.181342e-02 1.905390e+03 -7.573599e-02 -2.182315e-02 1.905654e+03 -7.569319e-02 9.734521e-06 -2.637940e-01 -4.279905e-05
36.6           -7.094140e-02 1.826371e+03 -2.828147e-02 -7.095107e-02 1.826641e+03 -2.824516e-02 9.667501e-06 -2.699387e-01 -3.630818e-05
36.7           -4.419342e-02 1.636712e+03 -7.955277e-02 -4.419392e-02 1.636976e+03 -7.952474e-02 4.951876e-07 -2.641417e-01 -2.803069e-05
36.8           -6.267697e-02 1.425831e+03 -4.383446e-02 -6.267111e-02 1.426070e+03 -4.381353e-02 -5.856656e-06 -2.395916e-01 -2.092271e-05
36.9           -1.846813e-02 1.377113e+03 2.043013e-02 -1.845514e-02 1.377311e+03 2.044406e-02 -1.298968e-05 -1.972389e-01 -1.393860e-05
37             -6.002664e-02 1.300848e+03 1.041895e-02 -6.000818e-02 1.300987e+03 1.042709e-02 -1.846010e-05 -1.391844e-01 -8.136312e-06
37.1           -1.373125e-01 1.174238e+03 -1.211709e-02 -1.372915e-01 1.174310e+03 -1.211353e-02 -2.097424e-05 -7.255019e-02 -3.566629e-06
37.2           6.019823e-01 1.093270e+03 -1.341116e-01 6.019944e-01 1.093276e+03 -1.341190e-01 -1.212216e-05 -5.933784e-03 7.325447e-06
37.3           -1.475359e-02 1.055018e+03 9.508087e-02 -1.474566e-02 1.054964e+03 9.507196e-02 -7.930915e-06 5.452106e-02 8.910735e-06
37.4           -1.649648e-02 1.031164e+03 8.910838e-02 -1.649563e-02 1.031061e+03 8.909826e-02 -8.507463e-07 1.026296e-01 1.011894e-05
37.5           5.865889e-02 1.017124e+03 9.445981e-02 5.865436e-02 1.016987e+03 9.444746e-02 4.523385e-06 1.373431e-01 1.235419e-05
37.6           9.447617e-03 1.091760e+03 3.017346e-02 9.438386e-03 1.091598e+03 3.016274e-02 9.231551e-06 1.612175e-01 1.071383e-05
37.7           1.453838e-01 1.143468e+03 -1.586195e-02 1.453686e-01 1.143295e+03 -1.586971e-02 1.523635e-05 1.730346e-01 7.762909e-06
37.8           1.872094e-02 1.230005e+03 -8.243199e-02 1.869242e-02 1.229832e+03 -8.243749e-02 2.851387e-05 1.734862e-01 5.499085e-06
37.9           5.881153e-02 1.353134e+03 -1.655332e-01 5.877228e-02 1.352970e+03 -1.655282e-01 3.925344e-05 1.640510e-01 -5.022252e-06
38             1.160372e-02 1.373541e+03 -1.962859e-01 1.155849e-02 1.373396e+03 -1.962711e-01 4.523056e-05 1.456393e-01 -1.482263e-05
38.1           6.545547e-02 1.641549e+03 -1.439994e-01 6.540222e-02 1.641428e+03 -1.439781e-01 5.325072e-05 1.213707e-01 -2.136076e-05
38.2           -9.738029e-02 1.737790e+03 -2.475750e-01 -9.743840e-02 1.737701e+03 -2.475530e-01 5.811514e-05 8.892271e-02 -2.193134e-05
38.3           -7.756891e-02 1.887767e+03 -1.292214e-01 -7.762700e-02 1.887713e+03 -1.291965e-01 5.809073e-05 5.387710e-02 -2.486781e-05
38.4           -1.120802e-01 1.975387e+03 -9.737629e-02 -1.121340e-01 1.975374e+03 -9.734983e-02 5.384282e-05 1.279293e-02 -2.646071e-05
38.5           -1.817190e-01 2.057970e+03 -4.823929e-02 -1.817660e-01 2.057998e+03 -4.821696e-02 4.695316e-05 -2.805349e-02 -2.233238e-05
38.6           -2.267983e-01 2.133693e+03 6.472870e-02 -2.268348e-01 2.133765e+03 6.474672e-02 3.643623e-05 -7.157924e-02 -1.801467e-05
38.7           -9.934663e-01 2.127481e+03 1.538040e-02 -9.934862e-01 2.127597e+03 1.539601e-02 1.995682e-05 -1.158865e-01 -1.560676e-05
38.8           -2.029142e-01 2.078343e+03 1.774512e-01 -2.029136e-01 2.078496e+03 1.774686e-01 -5.820100e-07 -1.537059e-01 -1.739710e-05
38.9           -2.592629e-01 1.988633e+03 1.893549e-01 -2.592425e-01 1.988820e+03 1.893678e-01 -2.035855e-05 -1.871105e-01 -1.297102e-05
39             -1.991699e-01 1.900502e+03 1.953362e-01 -1.991404e-01 1.900718e+03 1.953449e-01 -2.954141e-05 -2.164367e-01 -8.716905e-06
39.1           -1.476695e-01 1.790061e+03 2.403997e-01 -1.476414e-01 1.790302e+03 2.404057e-01 -2.815139e-05 -2.411695e-01 -6.043224e-06
39.2           3.787890e-02 1.676057e+03 7.047573e-02 3.789813e-02 1.676316e+03 7.048382e-02 -1.922197e-05 -2.591057e-01 -8.093066e-06
39.3           -2.875645e-02 1.546422e+03 5.936399e-02 -2.874261e-02 1.546689e+03 5.936975e-02 -1.384193e-05 -2.662796e-01 -5.764675e-06
39.4           -3.294276e-02 1.437948e+03 1.011761e-02 -3.292556e-02 1.438209e+03 1.012147e-02 -1.720281e-05 -2.611116e-01 -3.865261e-06
39.5           -2.111966e-02 1.269488e+03 -2.913426e-02 -2.110239e-02 1.269727e+03 -2.913450e-02 -1.727605e-05 -2.382819e-01 2.376898e-07
39.6           2.527150e-02 1.237775e+03 -7.998358e-02 2.529062e-02 1.237972e+03 -7.998729e-02 -1.911493e-05 -1.970877e-01 3.716563e-06
39.7           9.326763e-03 1.027729e+03 -8.777170e-02 9.340761e-03 1.027872e+03 -8.777983e-02 -1.399731e-05 -1.428519e-01 8.131110e-06
39.8           3.904193e-03 9.121120e+02 -9.041892e-02 3.908696e-03 9.121888e+02 -9.043248e-02 -4.502957e-06 -7.676745e-02 1.356276e-05
39.9           -9.333083e-02 8.779638e+02 -1.021061e-01 -9.333318e-02 8.779734e+02 -1.021228e-01 2.353307e-06 -9.604915e-03 1.668881e-05
40             4.821752e-02 7.931306e+02 -3.070502e-02 4.820816e-02 7.930773e+02 -3.072525e-02 9.364448e-06 5.334963e-02 2.023348e-05
