           0.1	   7.602753e+00   3.802753e+00   7.933327e+00   4.133327e+00   8.027777e+00   4.227777e+00   4.013888e+00   2.138884e-01   4.434071e+00   6.340707e-01
0.2	   7.602605e+00   3.802605e+00   7.933289e+00   4.133289e+00   8.027773e+00   4.227773e+00   4.013889e+00   2.138885e-01   4.433015e+00   6.330147e-01
0.3	   7.602273e+00   3.802273e+00   7.933205e+00   4.133205e+00   8.027764e+00   4.227764e+00   4.013891e+00   2.138908e-01   4.438136e+00   6.381356e-01
0.4	   7.601706e+00   3.801706e+00   7.933060e+00   4.133060e+00   8.027748e+00   4.227748e+00   4.013895e+00   2.138946e-01   4.451744e+00   6.517442e-01
0.5	   7.600870e+00   3.800870e+00   7.932841e+00   4.132841e+00   8.027723e+00   4.227723e+00   4.013900e+00   2.139002e-01   4.461144e+00   6.611443e-01
0.6	   7.599760e+00   3.799760e+00   7.932539e+00   4.132539e+00   8.027687e+00   4.227687e+00   4.013911e+00   2.139111e-01   4.529451e+00   7.294514e-01
0.7	   7.598413e+00   3.798413e+00   7.932149e+00   4.132149e+00   8.027637e+00   4.227637e+00   4.013924e+00   2.139245e-01   4.582879e+00   7.828792e-01
0.8	   7.596905e+00   3.796905e+00   7.931672e+00   4.131672e+00   8.027573e+00   4.227573e+00   4.013941e+00   2.139410e-01   4.618572e+00   8.185716e-01
0.9	   7.595354e+00   3.795354e+00   7.931110e+00   4.131110e+00   8.027491e+00   4.227491e+00   4.013964e+00   2.139639e-01   4.647145e+00   8.471446e-01
1	   7.593923e+00   3.793923e+00   7.930473e+00   4.130473e+00   8.027392e+00   4.227392e+00   4.013995e+00   2.139949e-01   4.668578e+00   8.685783e-01
1.1	   7.592819e+00   3.792819e+00   7.929774e+00   4.129774e+00   8.027273e+00   4.227273e+00   4.014033e+00   2.140333e-01   4.679555e+00   8.795552e-01
1.2	   7.592271e+00   3.792271e+00   7.929036e+00   4.129036e+00   8.027133e+00   4.227133e+00   4.014080e+00   2.140803e-01   4.681339e+00   8.813387e-01
1.3	   7.592511e+00   3.792511e+00   7.928285e+00   4.128285e+00   8.026972e+00   4.226972e+00   4.014137e+00   2.141368e-01   4.670955e+00   8.709546e-01
1.4	   7.593739e+00   3.793739e+00   7.927551e+00   4.127551e+00   8.026790e+00   4.226790e+00   4.014204e+00   2.142038e-01   4.648630e+00   8.486299e-01
1.5	   7.596081e+00   3.796081e+00   7.926876e+00   4.126876e+00   8.026590e+00   4.226590e+00   4.014282e+00   2.142822e-01   4.619008e+00   8.190083e-01
1.6	   7.599575e+00   3.799575e+00   7.926309e+00   4.126309e+00   8.026373e+00   4.226373e+00   4.014371e+00   2.143714e-01   4.579977e+00   7.799767e-01
1.7	   7.604129e+00   3.804129e+00   7.925912e+00   4.125912e+00   8.026146e+00   4.226146e+00   4.014470e+00   2.144702e-01   4.537586e+00   7.375863e-01
1.8	   7.609504e+00   3.809504e+00   7.925747e+00   4.125747e+00   8.025914e+00   4.225914e+00   4.014581e+00   2.145813e-01   4.494520e+00   6.945201e-01
1.9	   7.615293e+00   3.815293e+00   7.925870e+00   4.125870e+00   8.025686e+00   4.225686e+00   4.014699e+00   2.146989e-01   4.458311e+00   6.583113e-01
2	   7.621029e+00   3.821029e+00   7.926331e+00   4.126331e+00   8.025469e+00   4.225469e+00   4.014822e+00   2.148215e-01   4.454454e+00   6.544537e-01
2.1	   7.626241e+00   3.826241e+00   7.927192e+00   4.127192e+00   8.025276e+00   4.225276e+00   4.014945e+00   2.149454e-01   4.451112e+00   6.511117e-01
2.2	   7.630528e+00   3.830528e+00   7.928512e+00   4.128512e+00   8.025120e+00   4.225120e+00   4.015063e+00   2.150632e-01   4.448429e+00   6.484290e-01
2.3	   7.633531e+00   3.833531e+00   7.930335e+00   4.130335e+00   8.025019e+00   4.225019e+00   4.015170e+00   2.151698e-01   4.446525e+00   6.465255e-01
2.4	   7.634917e+00   3.834917e+00   7.932684e+00   4.132684e+00   8.024988e+00   4.224988e+00   4.015263e+00   2.152629e-01   4.444581e+00   6.445810e-01
2.5	   7.634401e+00   3.834401e+00   7.935553e+00   4.135553e+00   8.025048e+00   4.225048e+00   4.015336e+00   2.153364e-01   4.452247e+00   6.522473e-01
2.6	   7.631791e+00   3.831791e+00   7.938901e+00   4.138901e+00   8.025214e+00   4.225214e+00   4.015384e+00   2.153837e-01   4.451629e+00   6.516285e-01
2.7	   7.627108e+00   3.827108e+00   7.942659e+00   4.142659e+00   8.025507e+00   4.225507e+00   4.015399e+00   2.153988e-01   4.452176e+00   6.521755e-01
2.8	   7.620568e+00   3.820568e+00   7.946741e+00   4.146741e+00   8.025946e+00   4.225946e+00   4.015373e+00   2.153729e-01   4.454679e+00   6.546786e-01
2.9	   7.612477e+00   3.812477e+00   7.951014e+00   4.151014e+00   8.026548e+00   4.226548e+00   4.015297e+00   2.152965e-01   4.455933e+00   6.559330e-01
3	   7.603216e+00   3.803216e+00   7.955285e+00   4.155285e+00   8.027325e+00   4.227325e+00   4.015160e+00   2.151598e-01   4.456968e+00   6.569684e-01
3.1	   7.593319e+00   3.793319e+00   7.959333e+00   4.159333e+00   8.028288e+00   4.228288e+00   4.014953e+00   2.149533e-01   4.457932e+00   6.579316e-01
3.2	   7.583444e+00   3.783444e+00   7.962930e+00   4.162930e+00   8.029446e+00   4.229446e+00   4.014672e+00   2.146725e-01   4.459002e+00   6.590015e-01
3.3	   7.574135e+00   3.774135e+00   7.965786e+00   4.165786e+00   8.030795e+00   4.230795e+00   4.014318e+00   2.143182e-01   4.459926e+00   6.599260e-01
3.4	   7.565740e+00   3.765740e+00   7.967563e+00   4.167563e+00   8.032322e+00   4.232322e+00   4.013901e+00   2.139014e-01   4.461340e+00   6.613401e-01
3.5	   7.558844e+00   3.758844e+00   7.967985e+00   4.167985e+00   8.034010e+00   4.234010e+00   4.013443e+00   2.134429e-01   4.461726e+00   6.617263e-01
3.6	   7.554041e+00   3.754041e+00   7.966826e+00   4.166826e+00   8.035833e+00   4.235833e+00   4.012978e+00   2.129781e-01   4.461906e+00   6.619059e-01
3.7	   7.551727e+00   3.751727e+00   7.963879e+00   4.163879e+00   8.037754e+00   4.237754e+00   4.012558e+00   2.125577e-01   4.461890e+00   6.618903e-01
3.8	   7.552084e+00   3.752084e+00   7.958990e+00   4.158990e+00   8.039719e+00   4.239719e+00   4.012243e+00   2.122431e-01   4.460963e+00   6.609630e-01
3.9	   7.555203e+00   3.755203e+00   7.952124e+00   4.152124e+00   8.041667e+00   4.241667e+00   4.012101e+00   2.121015e-01   4.460616e+00   6.606161e-01
4	   7.561221e+00   3.761221e+00   7.943435e+00   4.143435e+00   8.043528e+00   4.243528e+00   4.012198e+00   2.121984e-01   4.460069e+00   6.600687e-01
4.1	   7.570045e+00   3.770045e+00   7.933203e+00   4.133203e+00   8.045226e+00   4.245226e+00   4.012586e+00   2.125861e-01   4.459225e+00   6.592246e-01
4.2	   7.581344e+00   3.781344e+00   7.921826e+00   4.121826e+00   8.046672e+00   4.246672e+00   4.013290e+00   2.132899e-01   4.458027e+00   6.580270e-01
4.3	   7.594686e+00   3.794686e+00   7.909867e+00   4.109867e+00   8.047774e+00   4.247774e+00   4.014298e+00   2.142978e-01   4.456561e+00   6.565612e-01
4.4	   7.609385e+00   3.809385e+00   7.897996e+00   4.097996e+00   8.048440e+00   4.248440e+00   4.015552e+00   2.155523e-01   4.454975e+00   6.549752e-01
4.5	   7.624787e+00   3.824787e+00   7.887029e+00   4.087029e+00   8.048585e+00   4.248585e+00   4.016957e+00   2.169565e-01   4.453461e+00   6.534614e-01
4.6	   7.640215e+00   3.840215e+00   7.877721e+00   4.077721e+00   8.048136e+00   4.248136e+00   4.018379e+00   2.183794e-01   4.452274e+00   6.522737e-01
4.7	   7.654508e+00   3.854508e+00   7.870803e+00   4.070803e+00   8.047027e+00   4.247027e+00   4.019682e+00   2.196819e-01   4.451577e+00   6.515767e-01
4.8	   7.666555e+00   3.866555e+00   7.866929e+00   4.066929e+00   8.045208e+00   4.245208e+00   4.020741e+00   2.207415e-01   4.451455e+00   6.514548e-01
4.9	   7.675679e+00   3.875679e+00   7.866678e+00   4.066678e+00   8.042662e+00   4.242662e+00   4.021469e+00   2.214688e-01   4.451471e+00   6.514713e-01
5	   7.681348e+00   3.881348e+00   7.870467e+00   4.070467e+00   8.039400e+00   4.239400e+00   4.021839e+00   2.218388e-01   4.451455e+00   6.514551e-01
5.1	   7.682417e+00   3.882417e+00   7.878470e+00   4.078470e+00   8.035465e+00   4.235465e+00   4.021893e+00   2.218931e-01   4.451438e+00   6.514379e-01
5.2	   7.678067e+00   3.878067e+00   7.890605e+00   4.090605e+00   8.030935e+00   4.230935e+00   4.021720e+00   2.217197e-01   4.451493e+00   6.514932e-01
5.3	   7.669561e+00   3.869561e+00   7.906566e+00   4.106566e+00   8.025932e+00   4.225932e+00   4.021419e+00   2.214193e-01   4.451640e+00   6.516405e-01
5.4	   7.657385e+00   3.857385e+00   7.925787e+00   4.125787e+00   8.020623e+00   4.220623e+00   4.021070e+00   2.210700e-01   4.451731e+00   6.517309e-01
5.5	   7.642007e+00   3.842007e+00   7.947334e+00   4.147334e+00   8.015198e+00   4.215198e+00   4.020707e+00   2.207068e-01   4.451808e+00   6.518084e-01
5.6	   7.624361e+00   3.824361e+00   7.970077e+00   4.170077e+00   8.009888e+00   4.209888e+00   4.020310e+00   2.203102e-01   4.451886e+00   6.518859e-01
5.7	   7.605551e+00   3.805551e+00   7.992874e+00   4.192874e+00   8.004954e+00   4.204954e+00   4.019815e+00   2.198150e-01   4.452258e+00   6.522578e-01
5.8	   7.586578e+00   3.786578e+00   8.014191e+00   4.214191e+00   8.000667e+00   4.200667e+00   4.019135e+00   2.191346e-01   4.452303e+00   6.523029e-01
5.9	   7.568380e+00   3.768380e+00   8.032498e+00   4.232498e+00   7.997319e+00   4.197319e+00   4.018201e+00   2.182008e-01   4.452330e+00   6.523305e-01
6	   7.551950e+00   3.751950e+00   8.046470e+00   4.246470e+00   7.995160e+00   4.195160e+00   4.017001e+00   2.170012e-01   4.452351e+00   6.523512e-01
6.1	   7.538290e+00   3.738290e+00   8.055010e+00   4.255010e+00   7.994430e+00   4.194430e+00   4.015608e+00   2.156083e-01   4.452351e+00   6.523509e-01
6.2	   7.528081e+00   3.728081e+00   8.057260e+00   4.257260e+00   7.995334e+00   4.195334e+00   4.014159e+00   2.141586e-01   4.452331e+00   6.523310e-01
6.3	   7.521625e+00   3.721625e+00   8.052702e+00   4.252702e+00   7.998027e+00   4.198027e+00   4.012809e+00   2.128088e-01   4.452295e+00   6.522948e-01
6.4	   7.519332e+00   3.719332e+00   8.041338e+00   4.241338e+00   8.002593e+00   4.202593e+00   4.011681e+00   2.116806e-01   4.452247e+00   6.522471e-01
6.5	   7.521479e+00   3.721479e+00   8.023671e+00   4.223671e+00   8.009033e+00   4.209033e+00   4.010819e+00   2.108188e-01   4.452194e+00   6.521943e-01
6.6	   7.528119e+00   3.728119e+00   8.000602e+00   4.200602e+00   8.017257e+00   4.217257e+00   4.010182e+00   2.101818e-01   4.452142e+00   6.521420e-01
6.7	   7.538928e+00   3.738928e+00   7.973421e+00   4.173421e+00   8.027064e+00   4.227064e+00   4.009663e+00   2.096632e-01   4.452095e+00   6.520954e-01
6.8	   7.553549e+00   3.753549e+00   7.943510e+00   4.143510e+00   8.038148e+00   4.238148e+00   4.009152e+00   2.091522e-01   4.452059e+00   6.520587e-01
6.9	   7.571283e+00   3.771283e+00   7.912500e+00   4.112500e+00   8.050097e+00   4.250097e+00   4.008600e+00   2.085997e-01   4.452036e+00   6.520356e-01
7	   7.591212e+00   3.791212e+00   7.882147e+00   4.082147e+00   8.062397e+00   4.262397e+00   4.008056e+00   2.080563e-01   4.452029e+00   6.520287e-01
7.1	   7.612018e+00   3.812018e+00   7.853966e+00   4.053966e+00   8.074489e+00   4.274489e+00   4.007655e+00   2.076547e-01   4.452040e+00   6.520402e-01
7.2	   7.632757e+00   3.832757e+00   7.829524e+00   4.029524e+00   8.085677e+00   4.285677e+00   4.007546e+00   2.075465e-01   4.452071e+00   6.520707e-01
7.3	   7.652040e+00   3.852040e+00   7.810093e+00   4.010093e+00   8.095245e+00   4.295245e+00   4.007829e+00   2.078285e-01   4.452119e+00   6.521186e-01
7.4	   7.668481e+00   3.868481e+00   7.796772e+00   3.996772e+00   8.102485e+00   4.302485e+00   4.008509e+00   2.085091e-01   4.452182e+00   6.521819e-01
7.5	   7.681866e+00   3.881866e+00   7.790377e+00   3.990377e+00   8.106750e+00   4.306750e+00   4.009524e+00   2.095241e-01   4.452258e+00   6.522579e-01
7.6	   7.691777e+00   3.891777e+00   7.791272e+00   3.991272e+00   8.107498e+00   4.307498e+00   4.010794e+00   2.107943e-01   4.452342e+00   6.523424e-01
7.7	   7.696595e+00   3.896595e+00   7.799741e+00   3.999741e+00   8.104341e+00   4.304341e+00   4.012287e+00   2.122867e-01   4.452431e+00   6.524306e-01
7.8	   7.695340e+00   3.895340e+00   7.815644e+00   4.015644e+00   8.097119e+00   4.297119e+00   4.014027e+00   2.140273e-01   4.452518e+00   6.525176e-01
7.9	   7.687896e+00   3.887896e+00   7.838348e+00   4.038348e+00   8.085918e+00   4.285918e+00   4.016065e+00   2.160648e-01   4.452598e+00   6.525977e-01
8	   7.675600e+00   3.875600e+00   7.866902e+00   4.066902e+00   8.071150e+00   4.271150e+00   4.018409e+00   2.184090e-01   4.452666e+00   6.526656e-01
8.1	   7.661053e+00   3.861053e+00   7.900227e+00   4.100227e+00   8.053373e+00   4.253373e+00   4.021003e+00   2.210031e-01   4.452717e+00   6.527168e-01
8.2	   7.643732e+00   3.843732e+00   7.936686e+00   4.136686e+00   8.033409e+00   4.233409e+00   4.023732e+00   2.237323e-01   4.452748e+00   6.527482e-01
8.3	   7.624649e+00   3.824649e+00   7.974296e+00   4.174296e+00   8.012254e+00   4.212254e+00   4.026460e+00   2.264596e-01   4.452759e+00   6.527585e-01
8.4	   7.604851e+00   3.804851e+00   8.011109e+00   4.211109e+00   7.991028e+00   4.191028e+00   4.029060e+00   2.290598e-01   4.452748e+00   6.527480e-01
8.5	   7.585291e+00   3.785291e+00   8.044701e+00   4.244701e+00   7.970978e+00   4.170978e+00   4.031442e+00   2.314423e-01   4.452719e+00   6.527190e-01
8.6	   7.566790e+00   3.766790e+00   8.072943e+00   4.272943e+00   7.953050e+00   4.153050e+00   4.033485e+00   2.334849e-01   4.452675e+00   6.526752e-01
8.7	   7.550286e+00   3.750286e+00   8.095243e+00   4.295243e+00   7.938295e+00   4.138295e+00   4.035079e+00   2.350794e-01   4.452622e+00   6.526217e-01
8.8	   7.536762e+00   3.736762e+00   8.108835e+00   4.308835e+00   7.927607e+00   4.127607e+00   4.036102e+00   2.361022e-01   4.452564e+00   6.525638e-01
8.9	   7.526833e+00   3.726833e+00   8.111062e+00   4.311062e+00   7.921701e+00   4.121701e+00   4.036412e+00   2.364119e-01   4.452508e+00   6.525075e-01
9	   7.520723e+00   3.720723e+00   8.101264e+00   4.301264e+00   7.921109e+00   4.121109e+00   4.035877e+00   2.358768e-01   4.452457e+00   6.524573e-01
9.1	   7.518743e+00   3.718743e+00   8.081165e+00   4.281165e+00   7.926147e+00   4.126147e+00   4.034406e+00   2.344059e-01   4.452417e+00   6.524166e-01
9.2	   7.521100e+00   3.721100e+00   8.054810e+00   4.254810e+00   7.936867e+00   4.136867e+00   4.031950e+00   2.319497e-01   4.452389e+00   6.523894e-01
9.3	   7.527795e+00   3.727795e+00   8.021850e+00   4.221850e+00   7.953033e+00   4.153033e+00   4.028515e+00   2.285151e-01   4.452377e+00   6.523774e-01
9.4	   7.538474e+00   3.738474e+00   7.984497e+00   4.184497e+00   7.974137e+00   4.174137e+00   4.024163e+00   2.241634e-01   4.452381e+00   6.523811e-01
9.5	   7.552779e+00   3.752779e+00   7.945082e+00   4.145082e+00   7.999433e+00   4.199433e+00   4.019012e+00   2.190116e-01   4.452400e+00   6.523999e-01
9.6	   7.570109e+00   3.770109e+00   7.905859e+00   4.105859e+00   8.027744e+00   4.227744e+00   4.013233e+00   2.132330e-01   4.452431e+00   6.524314e-01
9.7	   7.589677e+00   3.789677e+00   7.869073e+00   4.069073e+00   8.057637e+00   4.257637e+00   4.007054e+00   2.070539e-01   4.452473e+00   6.524728e-01
9.8	   7.610283e+00   3.810283e+00   7.836361e+00   4.036361e+00   8.087588e+00   4.287588e+00   4.000752e+00   2.007515e-01   4.452519e+00   6.525194e-01
9.9	   7.631029e+00   3.831029e+00   7.809375e+00   4.009375e+00   8.115757e+00   4.315757e+00   3.994657e+00   1.946568e-01   4.452565e+00   6.525652e-01
10	   7.650571e+00   3.850571e+00   7.789400e+00   3.989400e+00   8.140236e+00   4.340236e+00   3.989123e+00   1.891231e-01   4.452605e+00   6.526051e-01
10.1	   7.667399e+00   3.867399e+00   7.777283e+00   3.977283e+00   8.159317e+00   4.359317e+00   3.984466e+00   1.844663e-01   4.452634e+00   6.526341e-01
10.2	   7.681110e+00   3.881110e+00   7.773292e+00   3.973292e+00   8.171863e+00   4.371863e+00   3.981004e+00   1.810041e-01   4.452648e+00   6.526479e-01
10.3	   7.691412e+00   3.891412e+00   7.777413e+00   3.977413e+00   8.176563e+00   4.376563e+00   3.979009e+00   1.790092e-01   4.452643e+00   6.526427e-01
10.4	   7.696670e+00   3.896670e+00   7.789655e+00   3.989655e+00   8.172264e+00   4.372264e+00   3.978702e+00   1.787025e-01   4.452617e+00   6.526171e-01
10.5	   7.695888e+00   3.895888e+00   7.809780e+00   4.009780e+00   8.160105e+00   4.360105e+00   3.980245e+00   1.802449e-01   4.452571e+00   6.525710e-01
10.6	   7.688894e+00   3.888894e+00   7.836582e+00   4.036582e+00   8.140393e+00   4.340393e+00   3.983725e+00   1.837253e-01   4.452506e+00   6.525064e-01
10.7	   7.676788e+00   3.876788e+00   7.868748e+00   4.068748e+00   8.114289e+00   4.314289e+00   3.989158e+00   1.891585e-01   4.452427e+00   6.524267e-01
10.8	   7.662482e+00   3.862482e+00   7.904920e+00   4.104920e+00   8.083439e+00   4.283439e+00   3.996429e+00   1.964285e-01   4.452337e+00   6.523375e-01
10.9	   7.645367e+00   3.845367e+00   7.943186e+00   4.143186e+00   8.049746e+00   4.249746e+00   4.005279e+00   2.052789e-01   4.452246e+00   6.522455e-01
11	   7.626421e+00   3.826421e+00   7.981503e+00   4.181503e+00   8.015046e+00   4.215046e+00   4.015326e+00   2.153256e-01   4.452157e+00   6.521568e-01
11.1	   7.606663e+00   3.806663e+00   8.017914e+00   4.217914e+00   7.981326e+00   4.181326e+00   4.026072e+00   2.260722e-01   4.452080e+00   6.520805e-01
11.2	   7.587084e+00   3.787084e+00   8.050225e+00   4.250225e+00   7.950330e+00   4.150330e+00   4.036959e+00   2.369593e-01   4.452023e+00   6.520228e-01
11.3	   7.568493e+00   3.768493e+00   8.076805e+00   4.276805e+00   7.923584e+00   4.123584e+00   4.047372e+00   2.473720e-01   4.451990e+00   6.519898e-01
11.4	   7.551811e+00   3.751811e+00   8.097251e+00   4.297251e+00   7.902405e+00   4.102405e+00   4.056631e+00   2.566312e-01   4.451987e+00   6.519875e-01
11.5	   7.538037e+00   3.738037e+00   8.109016e+00   4.309016e+00   7.887878e+00   4.087878e+00   4.064117e+00   2.641173e-01   4.452021e+00   6.520209e-01
11.6	   7.527831e+00   3.727831e+00   8.110034e+00   4.310034e+00   7.880682e+00   4.080682e+00   4.069285e+00   2.692853e-01   4.452095e+00   6.520946e-01
11.7	   7.521412e+00   3.721412e+00   8.099911e+00   4.299911e+00   7.881275e+00   4.081275e+00   4.071696e+00   2.716961e-01   4.452212e+00   6.522119e-01
11.8	   7.519081e+00   3.719081e+00   8.080306e+00   4.280306e+00   7.889803e+00   4.089803e+00   4.071065e+00   2.710646e-01   4.452374e+00   6.523740e-01
11.9	   7.521054e+00   3.721054e+00   8.054660e+00   4.254660e+00   7.906049e+00   4.106049e+00   4.067303e+00   2.673030e-01   4.452580e+00   6.525805e-01
12	   7.527358e+00   3.727358e+00   8.022597e+00   4.222597e+00   7.929387e+00   4.129387e+00   4.060543e+00   2.605426e-01   4.452829e+00   6.528291e-01
12.1	   7.537671e+00   3.737671e+00   7.986125e+00   4.186125e+00   7.958765e+00   4.158765e+00   4.051106e+00   2.511057e-01   4.453107e+00   6.531074e-01
12.2	   7.551628e+00   3.751628e+00   7.947450e+00   4.147450e+00   7.992861e+00   4.192861e+00   4.039523e+00   2.395226e-01   4.453401e+00   6.534012e-01
12.3	   7.568672e+00   3.768672e+00   7.908741e+00   4.108741e+00   8.029892e+00   4.229892e+00   4.026440e+00   2.264402e-01   4.453697e+00   6.536966e-01
12.4	   7.588035e+00   3.788035e+00   7.872208e+00   4.072208e+00   8.067775e+00   4.267775e+00   4.012543e+00   2.125431e-01   4.453970e+00   6.539700e-01
12.5	   7.608535e+00   3.808535e+00   7.839490e+00   4.039490e+00   8.104448e+00   4.304448e+00   3.998590e+00   1.985900e-01   4.454194e+00   6.541945e-01
12.6	   7.629250e+00   3.829250e+00   7.812226e+00   4.012226e+00   8.137483e+00   4.337483e+00   3.985396e+00   1.853958e-01   4.454346e+00   6.543461e-01
12.7	   7.648909e+00   3.848909e+00   7.791703e+00   3.991703e+00   8.164777e+00   4.364777e+00   3.973622e+00   1.736223e-01   4.454406e+00   6.544063e-01
12.8	   7.665965e+00   3.865965e+00   7.778836e+00   3.978836e+00   8.185600e+00   4.385600e+00   3.963922e+00   1.639217e-01   4.454362e+00   6.543623e-01
12.9	   7.679863e+00   3.879863e+00   7.773959e+00   3.973959e+00   8.197694e+00   4.397694e+00   3.956825e+00   1.568245e-01   4.454209e+00   6.542092e-01
13	   7.690466e+00   3.890466e+00   7.777097e+00   3.977097e+00   8.198944e+00   4.398944e+00   3.952740e+00   1.527402e-01   4.453953e+00   6.539526e-01
13.1	   7.696164e+00   3.896164e+00   7.788263e+00   3.988263e+00   8.189029e+00   4.389029e+00   3.951950e+00   1.519497e-01   4.453609e+00   6.536091e-01
13.2	   7.695904e+00   3.895904e+00   7.807389e+00   4.007389e+00   8.170248e+00   4.370248e+00   3.954590e+00   1.545896e-01   4.453205e+00   6.532047e-01
13.3	   7.689451e+00   3.889451e+00   7.833357e+00   4.033357e+00   8.145030e+00   4.345030e+00   3.960629e+00   1.606291e-01   4.452768e+00   6.527679e-01
13.4	   7.677728e+00   3.877728e+00   7.864934e+00   4.064934e+00   8.113825e+00   4.313825e+00   3.969850e+00   1.698504e-01   4.452328e+00   6.523279e-01
13.5	   7.663710e+00   3.863710e+00   7.900811e+00   4.100811e+00   8.078702e+00   4.278702e+00   3.981840e+00   1.818403e-01   4.451912e+00   6.519118e-01
13.6	   7.646887e+00   3.846887e+00   7.939174e+00   4.139174e+00   8.041750e+00   4.241750e+00   3.996074e+00   1.960738e-01   4.451540e+00   6.515401e-01
13.7	   7.628161e+00   3.828161e+00   7.977960e+00   4.177960e+00   8.004985e+00   4.204985e+00   4.011800e+00   2.118002e-01   4.451228e+00   6.512276e-01
13.8	   7.608525e+00   3.808525e+00   8.015186e+00   4.215186e+00   7.970414e+00   4.170414e+00   4.028146e+00   2.281463e-01   4.450982e+00   6.509818e-01
13.9	   7.588994e+00   3.788994e+00   8.048568e+00   4.248568e+00   7.939615e+00   4.139615e+00   4.044251e+00   2.442508e-01   4.450806e+00   6.508064e-01
14	   7.570364e+00   3.770364e+00   8.076306e+00   4.276306e+00   7.914016e+00   4.114016e+00   4.059124e+00   2.591241e-01   4.450699e+00   6.506985e-01
14.1	   7.553534e+00   3.753534e+00   8.098000e+00   4.298000e+00   7.894726e+00   4.094726e+00   4.071791e+00   2.717910e-01   4.450655e+00   6.506550e-01
14.2	   7.539520e+00   3.739520e+00   8.110973e+00   4.310973e+00   7.882571e+00   4.082571e+00   4.081432e+00   2.814321e-01   4.450677e+00   6.506773e-01
14.3	   7.529009e+00   3.729009e+00   8.112943e+00   4.312943e+00   7.877953e+00   4.077953e+00   4.087559e+00   2.875586e-01   4.450773e+00   6.507728e-01
14.4	   7.522243e+00   3.722243e+00   8.103402e+00   4.303402e+00   7.881065e+00   4.081065e+00   4.089426e+00   2.894263e-01   4.450955e+00   6.509549e-01
14.5	   7.519516e+00   3.719516e+00   8.083726e+00   4.283726e+00   7.891802e+00   4.091802e+00   4.086580e+00   2.865802e-01   4.451243e+00   6.512428e-01
14.6	   7.521056e+00   3.721056e+00   8.058130e+00   4.258130e+00   7.909701e+00   4.109701e+00   4.079853e+00   2.798534e-01   4.451658e+00   6.516578e-01
14.7	   7.526917e+00   3.726917e+00   8.026008e+00   4.226008e+00   7.933979e+00   4.133979e+00   4.069430e+00   2.694295e-01   4.452216e+00   6.522160e-01
14.8	   7.536825e+00   3.736825e+00   7.989301e+00   4.189301e+00   7.963517e+00   4.163517e+00   4.055983e+00   2.559829e-01   4.452922e+00   6.529221e-01
14.9	   7.550407e+00   3.750407e+00   7.950270e+00   4.150270e+00   7.997057e+00   4.197057e+00   4.040419e+00   2.404193e-01   4.453764e+00   6.537640e-01
15	   7.567147e+00   3.767147e+00   7.911101e+00   4.111101e+00   8.032907e+00   4.232907e+00   4.023717e+00   2.237174e-01   4.454707e+00   6.547065e-01
15.1	   7.586300e+00   3.786300e+00   7.874048e+00   4.074048e+00   8.069220e+00   4.269220e+00   4.006808e+00   2.068079e-01   4.455684e+00   6.556843e-01
15.2	   7.606711e+00   3.806711e+00   7.840833e+00   4.040833e+00   8.104173e+00   4.304173e+00   3.990648e+00   1.906479e-01   4.456614e+00   6.566142e-01
15.3	   7.627419e+00   3.827419e+00   7.813115e+00   4.013115e+00   8.135629e+00   4.335629e+00   3.976058e+00   1.760583e-01   4.457392e+00   6.573916e-01
15.4	   7.647221e+00   3.847221e+00   7.792224e+00   3.992224e+00   8.161704e+00   4.361704e+00   3.963757e+00   1.637565e-01   4.457925e+00   6.579253e-01
15.5	   7.664533e+00   3.864533e+00   7.779079e+00   3.979079e+00   8.181624e+00   4.381624e+00   3.954322e+00   1.543220e-01   4.458141e+00   6.581406e-01
15.6	   7.678654e+00   3.878654e+00   7.774000e+00   3.974000e+00   8.193623e+00   4.393623e+00   3.948170e+00   1.481701e-01   4.458000e+00   6.579997e-01
15.7	   7.689582e+00   3.889582e+00   7.776981e+00   3.976981e+00   8.195668e+00   4.395668e+00   3.945594e+00   1.455935e-01   4.457509e+00   6.575091e-01
15.8	   7.695761e+00   3.895761e+00   7.787980e+00   3.987980e+00   8.187169e+00   4.387169e+00   3.946662e+00   1.466621e-01   4.456717e+00   6.567169e-01
15.9	   7.696075e+00   3.896075e+00   7.806899e+00   4.006899e+00   8.169982e+00   4.369982e+00   3.951353e+00   1.513526e-01   4.455709e+00   6.557088e-01
16	   7.690211e+00   3.890211e+00   7.832593e+00   4.032593e+00   8.146180e+00   4.346180e+00   3.959454e+00   1.594538e-01   4.454592e+00   6.545919e-01
16.1	   7.678915e+00   3.878915e+00   7.863813e+00   4.063813e+00   8.116186e+00   4.316186e+00   3.970594e+00   1.705941e-01   4.453475e+00   6.534745e-01
16.2	   7.665148e+00   3.865148e+00   7.899253e+00   4.099253e+00   8.081915e+00   4.281915e+00   3.984256e+00   1.842558e-01   4.452451e+00   6.524510e-01
16.3	   7.648596e+00   3.848596e+00   7.937152e+00   4.137152e+00   8.045440e+00   4.245440e+00   3.999862e+00   1.998618e-01   4.451591e+00   6.515913e-01
16.4	   7.630038e+00   3.830038e+00   7.975490e+00   4.175490e+00   8.008766e+00   4.208766e+00   4.016600e+00   2.165999e-01   4.450934e+00   6.509337e-01
16.5	   7.610463e+00   3.810463e+00   8.012359e+00   4.212359e+00   7.973966e+00   4.173966e+00   4.033585e+00   2.335850e-01   4.450481e+00   6.504812e-01
16.6	   7.590908e+00   3.790908e+00   8.045538e+00   4.245538e+00   7.942732e+00   4.142732e+00   4.049951e+00   2.499507e-01   4.450209e+00   6.502086e-01
16.7	   7.572174e+00   3.772174e+00   8.073160e+00   4.273160e+00   7.916568e+00   4.116568e+00   4.064655e+00   2.646548e-01   4.450070e+00   6.500700e-01
16.8	   7.555151e+00   3.755151e+00   8.094845e+00   4.294845e+00   7.896663e+00   4.096663e+00   4.076750e+00   2.767499e-01   4.450013e+00   6.500132e-01
16.9	   7.540864e+00   3.740864e+00   8.108196e+00   4.308196e+00   7.883954e+00   4.083954e+00   4.085571e+00   2.855712e-01   4.450000e+00   6.499998e-01
17	   7.530045e+00   3.730045e+00   8.110919e+00   4.310919e+00   7.878853e+00   4.078853e+00   4.090591e+00   2.905909e-01   4.450018e+00   6.500176e-01
17.1	   7.522965e+00   3.722965e+00   8.102364e+00   4.302364e+00   7.881593e+00   4.081593e+00   4.091029e+00   2.910290e-01   4.450088e+00   6.500878e-01
17.2	   7.519907e+00   3.719907e+00   8.083736e+00   4.283736e+00   7.892083e+00   4.092083e+00   4.086750e+00   2.867504e-01   4.450262e+00   6.502624e-01
17.3	   7.521102e+00   3.721102e+00   8.059087e+00   4.259087e+00   7.909856e+00   4.109856e+00   4.078853e+00   2.788528e-01   4.450612e+00   6.506121e-01
17.4	   7.526612e+00   3.726612e+00   8.027884e+00   4.227884e+00   7.934097e+00   4.134097e+00   4.067462e+00   2.674617e-01   4.451206e+00   6.512062e-01
17.5	   7.536191e+00   3.736191e+00   7.992006e+00   4.192006e+00   7.963648e+00   4.163648e+00   4.053353e+00   2.533528e-01   4.452095e+00   6.520946e-01
17.6	   7.549441e+00   3.749441e+00   7.953698e+00   4.153698e+00   7.997203e+00   4.197203e+00   4.037483e+00   2.374832e-01   4.453289e+00   6.532889e-01
17.7	   7.565876e+00   3.765876e+00   7.915064e+00   4.115064e+00   8.033032e+00   4.233032e+00   4.020799e+00   2.207988e-01   4.454750e+00   6.547496e-01
17.8	   7.584752e+00   3.784752e+00   7.878335e+00   4.078335e+00   8.069267e+00   4.269267e+00   4.004219e+00   2.042190e-01   4.456382e+00   6.563817e-01
17.9	   7.604958e+00   3.804958e+00   7.845252e+00   4.045252e+00   8.104087e+00   4.304087e+00   3.988638e+00   1.886378e-01   4.458027e+00   6.580273e-01
18	   7.625487e+00   3.825487e+00   7.817451e+00   4.017451e+00   8.135369e+00   4.335369e+00   3.974788e+00   1.747882e-01   4.459500e+00   6.595002e-01
18.1	   7.645214e+00   3.845214e+00   7.796252e+00   3.996252e+00   8.161264e+00   4.361264e+00   3.963303e+00   1.633031e-01   4.460608e+00   6.606082e-01
18.2	   7.662550e+00   3.862550e+00   7.782618e+00   3.982618e+00   8.181011e+00   4.381011e+00   3.954672e+00   1.546718e-01   4.461195e+00   6.611951e-01
18.3	   7.676656e+00   3.876656e+00   7.776961e+00   3.976961e+00   8.192919e+00   4.392919e+00   3.949235e+00   1.492353e-01   4.461177e+00   6.611772e-01
18.4	   7.687682e+00   3.887682e+00   7.779312e+00   3.979312e+00   8.194993e+00   4.394993e+00   3.947212e+00   1.472121e-01   4.460550e+00   6.605497e-01
18.5	   7.694292e+00   3.894292e+00   7.789662e+00   3.989662e+00   8.186644e+00   4.386644e+00   3.948620e+00   1.486200e-01   4.459402e+00   6.594020e-01
18.6	   7.695356e+00   3.895356e+00   7.807880e+00   4.007880e+00   8.169718e+00   4.369718e+00   3.953368e+00   1.533682e-01   4.457891e+00   6.578912e-01
18.7	   7.690427e+00   3.890427e+00   7.832902e+00   4.032902e+00   8.146205e+00   4.346205e+00   3.961210e+00   1.612095e-01   4.456207e+00   6.562074e-01
18.8	   7.680000e+00   3.880000e+00   7.863480e+00   4.063480e+00   8.116577e+00   4.316577e+00   3.971794e+00   1.717944e-01   4.454536e+00   6.545364e-01
18.9	   7.666826e+00   3.866826e+00   7.898318e+00   4.098318e+00   8.082733e+00   4.282733e+00   3.984679e+00   1.846791e-01   4.453035e+00   6.530350e-01
19	   7.650906e+00   3.850906e+00   7.935687e+00   4.135687e+00   8.046729e+00   4.246729e+00   3.999404e+00   1.994044e-01   4.451814e+00   6.518143e-01
19.1	   7.632860e+00   3.832860e+00   7.973573e+00   4.173573e+00   8.010531e+00   4.210531e+00   4.015287e+00   2.152870e-01   4.450927e+00   6.509273e-01
19.2	   7.613681e+00   3.813681e+00   8.010086e+00   4.210086e+00   7.976164e+00   4.176164e+00   4.031574e+00   2.315736e-01   4.450368e+00   6.503683e-01
19.3	   7.594373e+00   3.794373e+00   8.043037e+00   4.243037e+00   7.945288e+00   4.145288e+00   4.047505e+00   2.475052e-01   4.450082e+00   6.500823e-01
19.4	   7.575731e+00   3.775731e+00   8.070506e+00   4.270506e+00   7.919333e+00   4.119333e+00   4.062124e+00   2.621243e-01   4.449981e+00   6.499812e-01
19.5	   7.558628e+00   3.758628e+00   8.092056e+00   4.292056e+00   7.899436e+00   4.099436e+00   4.074508e+00   2.745077e-01   4.449970e+00   6.499700e-01
19.6	   7.544072e+00   3.744072e+00   8.105558e+00   4.305558e+00   7.886489e+00   4.086489e+00   4.083915e+00   2.839151e-01   4.449975e+00   6.499752e-01
19.7	   7.532831e+00   3.732831e+00   8.108737e+00   4.308737e+00   7.880898e+00   4.080898e+00   4.089837e+00   2.898366e-01   4.449970e+00   6.499697e-01
19.8	   7.525249e+00   3.725249e+00   8.100864e+00   4.300864e+00   7.882884e+00   4.082884e+00   4.091384e+00   2.913839e-01   4.449984e+00   6.499844e-01
19.9	   7.521594e+00   3.721594e+00   8.083066e+00   4.283066e+00   7.892389e+00   4.092389e+00   4.088114e+00   2.881145e-01   4.450099e+00   6.500994e-01
20	   7.522118e+00   3.722118e+00   8.059172e+00   4.259172e+00   7.909004e+00   4.109004e+00   4.080898e+00   2.808976e-01   4.450417e+00   6.504168e-01
20.1	   7.526907e+00   3.726907e+00   8.028716e+00   4.228716e+00   7.932003e+00   4.132003e+00   4.069968e+00   2.699684e-01   4.451034e+00   6.510341e-01
20.2	   7.535768e+00   3.735768e+00   7.993566e+00   4.193566e+00   7.960333e+00   4.160333e+00   4.055915e+00   2.559155e-01   4.452014e+00   6.520135e-01
20.3	   7.548285e+00   3.748285e+00   7.955940e+00   4.155940e+00   7.992787e+00   4.192787e+00   4.039686e+00   2.396862e-01   4.453360e+00   6.533602e-01
20.4	   7.564006e+00   3.764006e+00   7.917885e+00   4.117885e+00   8.027782e+00   4.227782e+00   4.022340e+00   2.223402e-01   4.455014e+00   6.550139e-01
20.5	   7.582208e+00   3.782208e+00   7.881589e+00   4.081589e+00   8.063519e+00   4.263519e+00   4.004922e+00   2.049223e-01   4.456840e+00   6.568395e-01
20.6	   7.601847e+00   3.801847e+00   7.848789e+00   4.048789e+00   8.098248e+00   4.298248e+00   3.988502e+00   1.885017e-01   4.458649e+00   6.586495e-01
20.7	   7.621923e+00   3.821923e+00   7.821049e+00   4.021049e+00   8.129897e+00   4.329897e+00   3.973975e+00   1.739751e-01   4.460232e+00   6.602317e-01
20.8	   7.641435e+00   3.841435e+00   7.799651e+00   3.999651e+00   8.156556e+00   4.356556e+00   3.962068e+00   1.620684e-01   4.461365e+00   6.613647e-01
20.9	   7.658880e+00   3.858880e+00   7.785583e+00   3.985583e+00   8.177156e+00   4.377156e+00   3.953300e+00   1.532998e-01   4.461888e+00   6.618883e-01
21	   7.673264e+00   3.873264e+00   7.779261e+00   3.979261e+00   8.190439e+00   4.390439e+00   3.947966e+00   1.479665e-01   4.461728e+00   6.617276e-01
21.1	   7.684778e+00   3.884778e+00   7.780745e+00   3.980745e+00   8.194267e+00   4.394267e+00   3.946191e+00   1.461912e-01   4.460906e+00   6.609061e-01
21.2	   7.692402e+00   3.892402e+00   7.790006e+00   3.990006e+00   8.187755e+00   4.387755e+00   3.947843e+00   1.478434e-01   4.459551e+00   6.595507e-01
21.3	   7.694795e+00   3.894795e+00   7.806958e+00   4.006958e+00   8.172199e+00   4.372199e+00   3.952776e+00   1.527756e-01   4.457852e+00   6.578522e-01
21.4	   7.691160e+00   3.891160e+00   7.830635e+00   4.030635e+00   8.150016e+00   4.350016e+00   3.960719e+00   1.607189e-01   4.456031e+00   6.560306e-01
21.5	   7.681693e+00   3.881693e+00   7.859883e+00   4.059883e+00   8.121413e+00   4.321413e+00   3.971356e+00   1.713560e-01   4.454282e+00   6.542819e-01
21.6	   7.668931e+00   3.868931e+00   7.893481e+00   4.093481e+00   8.088194e+00   4.288194e+00   3.984315e+00   1.843147e-01   4.452764e+00   6.527636e-01
21.7	   7.653454e+00   3.853454e+00   7.929849e+00   4.129849e+00   8.052460e+00   4.252460e+00   3.999202e+00   1.992018e-01   4.451573e+00   6.515728e-01
21.8	   7.635684e+00   3.835684e+00   7.967064e+00   4.167064e+00   8.016116e+00   4.216116e+00   4.015384e+00   2.153841e-01   4.450745e+00   6.507446e-01
21.9	   7.616629e+00   3.816629e+00   8.003315e+00   4.203315e+00   7.981215e+00   4.181215e+00   4.032111e+00   2.321114e-01   4.450255e+00   6.502546e-01
22	   7.597284e+00   3.797284e+00   8.036514e+00   4.236514e+00   7.949530e+00   4.149530e+00   4.048593e+00   2.485930e-01   4.450030e+00   6.500305e-01
22.1	   7.578451e+00   3.778451e+00   8.064665e+00   4.264665e+00   7.922541e+00   4.122541e+00   4.063795e+00   2.637947e-01   4.449970e+00   6.499705e-01
22.2	   7.561005e+00   3.761005e+00   8.086991e+00   4.286991e+00   7.901490e+00   4.101490e+00   4.076708e+00   2.767082e-01   4.449976e+00   6.499758e-01
22.3	   7.545960e+00   3.745960e+00   8.102024e+00   4.302024e+00   7.887341e+00   4.087341e+00   4.086582e+00   2.865824e-01   4.449980e+00   6.499796e-01
22.4	   7.534125e+00   3.734125e+00   8.107303e+00   4.307303e+00   7.880594e+00   4.080594e+00   4.092735e+00   2.927354e-01   4.449970e+00   6.499697e-01
22.5	   7.525902e+00   3.725902e+00   8.101717e+00   4.301717e+00   7.881522e+00   4.081522e+00   4.094102e+00   2.941022e-01   4.449994e+00   6.499943e-01
22.6	   7.521562e+00   3.721562e+00   8.085915e+00   4.285915e+00   7.890103e+00   4.090103e+00   4.090245e+00   2.902451e-01   4.450147e+00   6.501472e-01
22.7	   7.521382e+00   3.721382e+00   8.063507e+00   4.263507e+00   7.905977e+00   4.105977e+00   4.082116e+00   2.821156e-01   4.450536e+00   6.505361e-01
22.8	   7.525477e+00   3.725477e+00   8.034449e+00   4.234449e+00   7.928436e+00   4.128436e+00   4.070222e+00   2.702221e-01   4.451257e+00   6.512571e-01
22.9	   7.533703e+00   3.733703e+00   8.000288e+00   4.200288e+00   7.956444e+00   4.156444e+00   4.055126e+00   2.551264e-01   4.452350e+00   6.523497e-01
23	   7.545655e+00   3.745655e+00   7.963231e+00   4.163231e+00   7.988772e+00   4.188772e+00   4.037900e+00   2.379003e-01   4.453809e+00   6.538088e-01
23.1	   7.560936e+00   3.760936e+00   7.925305e+00   4.125305e+00   8.023871e+00   4.223871e+00   4.019735e+00   2.197351e-01   4.455546e+00   6.555463e-01
23.2	   7.578852e+00   3.778852e+00   7.888681e+00   4.088681e+00   8.059931e+00   4.259931e+00   4.001819e+00   2.018187e-01   4.457418e+00   6.574183e-01
23.3	   7.598456e+00   3.798456e+00   7.855204e+00   4.055204e+00   8.095169e+00   4.295169e+00   3.985283e+00   1.852829e-01   4.459220e+00   6.592199e-01
23.4	   7.618733e+00   3.818733e+00   7.826417e+00   4.026417e+00   8.127518e+00   4.327518e+00   3.971018e+00   1.710184e-01   4.460723e+00   6.607229e-01
23.5	   7.638721e+00   3.838721e+00   7.803660e+00   4.003660e+00   8.155015e+00   4.355015e+00   3.959697e+00   1.596968e-01   4.461726e+00   6.617264e-01
23.6	   7.656931e+00   3.856931e+00   7.788000e+00   3.988000e+00   8.176497e+00   4.376497e+00   3.951705e+00   1.517048e-01   4.462086e+00   6.620863e-01
23.7	   7.672217e+00   3.872217e+00   7.779977e+00   3.979977e+00   8.190813e+00   4.390813e+00   3.947220e+00   1.472203e-01   4.461751e+00   6.617512e-01
23.8	   7.684723e+00   3.884723e+00   7.779732e+00   3.979732e+00   8.195695e+00   4.395695e+00   3.946195e+00   1.461951e-01   4.460771e+00   6.607708e-01
23.9	   7.693447e+00   3.893447e+00   7.787205e+00   3.987205e+00   8.190105e+00   4.390105e+00   3.948372e+00   1.483719e-01   4.459295e+00   6.592954e-01
24	   7.696826e+00   3.896826e+00   7.802530e+00   4.002530e+00   8.174930e+00   4.374930e+00   3.953555e+00   1.535552e-01   4.457529e+00   6.575285e-01
24.1	   7.693929e+00   3.893929e+00   7.824837e+00   4.024837e+00   8.153204e+00   4.353204e+00   3.961531e+00   1.615305e-01   4.455684e+00   6.556837e-01
24.2	   7.684855e+00   3.884855e+00   7.853071e+00   4.053071e+00   8.124824e+00   4.324824e+00   3.972094e+00   1.720945e-01   4.453951e+00   6.539509e-01
24.3	   7.671880e+00   3.871880e+00   7.886039e+00   4.086039e+00   8.091576e+00   4.291576e+00   3.984980e+00   1.849799e-01   4.452480e+00   6.524802e-01
24.4	   7.656471e+00   3.856471e+00   7.922296e+00   4.122296e+00   8.055604e+00   4.255604e+00   3.999873e+00   1.998726e-01   4.451356e+00   6.513560e-01
24.5	   7.638618e+00   3.838618e+00   7.959935e+00   4.159935e+00   8.018856e+00   4.218856e+00   4.016188e+00   2.161878e-01   4.450603e+00   6.506027e-01
24.6	   7.619340e+00   3.819340e+00   7.997074e+00   4.197074e+00   7.983427e+00   4.183427e+00   4.033137e+00   2.331373e-01   4.450179e+00   6.501794e-01
24.7	   7.599664e+00   3.799664e+00   8.031657e+00   4.231657e+00   7.951167e+00   4.151167e+00   4.049838e+00   2.498380e-01   4.450003e+00   6.500033e-01
24.8	   7.580418e+00   3.780418e+00   8.061535e+00   4.261535e+00   7.923590e+00   4.123590e+00   4.065162e+00   2.651620e-01   4.449969e+00   6.499694e-01
24.9	   7.562486e+00   3.762486e+00   8.085665e+00   4.285665e+00   7.901970e+00   4.101970e+00   4.078042e+00   2.780417e-01   4.449982e+00   6.499820e-01
25	   7.546887e+00   3.746887e+00   8.102827e+00   4.302827e+00   7.887274e+00   4.087274e+00   4.087726e+00   2.877258e-01   4.449982e+00   6.499824e-01
25.1	   7.534477e+00   3.734477e+00   8.110228e+00   4.310228e+00   7.879988e+00   4.079988e+00   4.093403e+00   2.934029e-01   4.449970e+00   6.499695e-01
25.2	   7.525693e+00   3.725693e+00   8.106390e+00   4.306390e+00   7.880364e+00   4.080364e+00   4.094023e+00   2.940232e-01   4.450003e+00   6.500025e-01
25.3	   7.520802e+00   3.720802e+00   8.091713e+00   4.291713e+00   7.888353e+00   4.088353e+00   4.089308e+00   2.893081e-01   4.450180e+00   6.501801e-01
25.4	   7.520090e+00   3.720090e+00   8.069449e+00   4.269449e+00   7.903597e+00   4.103597e+00   4.080508e+00   2.805079e-01   4.450608e+00   6.506082e-01
25.5	   7.523686e+00   3.723686e+00   8.040761e+00   4.240761e+00   7.925403e+00   4.125403e+00   4.067956e+00   2.679560e-01   4.451376e+00   6.513758e-01
25.6	   7.531485e+00   3.731485e+00   8.006591e+00   4.206591e+00   7.952778e+00   4.152778e+00   4.052429e+00   2.524290e-01   4.452520e+00   6.525204e-01
25.7	   7.543095e+00   3.743095e+00   7.969156e+00   4.169156e+00   7.984530e+00   4.184530e+00   4.035083e+00   2.350831e-01   4.454022e+00   6.540225e-01
25.8	   7.558160e+00   3.758160e+00   7.930555e+00   4.130555e+00   8.019221e+00   4.219221e+00   4.017122e+00   2.171219e-01   4.455790e+00   6.557898e-01
25.9	   7.576017e+00   3.776017e+00   7.892960e+00   4.092960e+00   8.055101e+00   4.255101e+00   3.999699e+00   1.996992e-01   4.457665e+00   6.576647e-01
26	   7.595781e+00   3.795781e+00   7.858330e+00   4.058330e+00   8.090421e+00   4.290421e+00   3.983885e+00   1.838854e-01   4.459440e+00   6.594401e-01
26.1	   7.616398e+00   3.816398e+00   7.828192e+00   4.028192e+00   8.123193e+00   4.323193e+00   3.970460e+00   1.704602e-01   4.460899e+00   6.608991e-01
26.2	   7.636925e+00   3.836925e+00   7.803971e+00   4.003971e+00   8.151419e+00   4.351419e+00   3.959998e+00   1.599985e-01   4.461844e+00   6.618437e-01
26.3	   7.655854e+00   3.855854e+00   7.786808e+00   3.986808e+00   8.173731e+00   4.373731e+00   3.952784e+00   1.527835e-01   4.462136e+00   6.621364e-01
26.4	   7.671891e+00   3.871891e+00   7.777339e+00   3.977339e+00   8.189184e+00   4.389184e+00   3.948869e+00   1.488690e-01   4.461735e+00   6.617348e-01
26.5	   7.685141e+00   3.885141e+00   7.775752e+00   3.975752e+00   8.195438e+00   4.395438e+00   3.948197e+00   1.481975e-01   4.460707e+00   6.607067e-01
26.6	   7.694562e+00   3.894562e+00   7.782006e+00   3.982006e+00   8.191202e+00   4.391202e+00   3.950501e+00   1.505007e-01   4.459200e+00   6.592005e-01
26.7	   7.698453e+00   3.898453e+00   7.796268e+00   3.996268e+00   8.176937e+00   4.376937e+00   3.955576e+00   1.555760e-01   4.457419e+00   6.574190e-01
26.8	   7.695885e+00   3.895885e+00   7.817928e+00   4.017928e+00   8.155959e+00   4.355959e+00   3.963242e+00   1.632424e-01   4.455577e+00   6.555768e-01
26.9	   7.686965e+00   3.886965e+00   7.845897e+00   4.045897e+00   8.128102e+00   4.328102e+00   3.973352e+00   1.733524e-01   4.453857e+00   6.538568e-01
27	   7.673738e+00   3.873738e+00   7.878958e+00   4.078958e+00   8.095119e+00   4.295119e+00   3.985737e+00   1.857374e-01   4.452407e+00   6.524067e-01
27.1	   7.658299e+00   3.858299e+00   7.915707e+00   4.115707e+00   8.059191e+00   4.259191e+00   4.000142e+00   2.001418e-01   4.451304e+00   6.513038e-01
27.2	   7.640304e+00   3.840304e+00   7.954217e+00   4.154217e+00   8.022353e+00   4.222353e+00   4.016013e+00   2.160132e-01   4.450570e+00   6.505699e-01
27.3	   7.620772e+00   3.820772e+00   7.992495e+00   4.192495e+00   7.986745e+00   4.186745e+00   4.032545e+00   2.325452e-01   4.450162e+00   6.501616e-01
27.4	   7.600749e+00   3.800749e+00   8.028473e+00   4.228473e+00   7.954330e+00   4.154330e+00   4.048838e+00   2.488381e-01   4.449997e+00   6.499966e-01
27.5	   7.581107e+00   3.781107e+00   8.059884e+00   4.259884e+00   7.926606e+00   4.126606e+00   4.063782e+00   2.637820e-01   4.449970e+00   6.499701e-01
27.6	   7.562730e+00   3.762730e+00   8.085573e+00   4.285573e+00   7.904845e+00   4.104845e+00   4.076309e+00   2.763090e-01   4.449986e+00   6.499863e-01
27.7	   7.546650e+00   3.746650e+00   8.104481e+00   4.304481e+00   7.889960e+00   4.089960e+00   4.085598e+00   2.855979e-01   4.449987e+00   6.499870e-01
27.8	   7.533782e+00   3.733782e+00   8.113617e+00   4.313617e+00   7.882359e+00   4.082359e+00   4.090968e+00   2.909680e-01   4.449971e+00   6.499706e-01
27.9	   7.524585e+00   3.724585e+00   8.111257e+00   4.311257e+00   7.882180e+00   4.082180e+00   4.091488e+00   2.914880e-01   4.449995e+00   6.499949e-01
28	   7.519338e+00   3.719338e+00   8.097621e+00   4.297621e+00   7.889308e+00   4.089308e+00   4.086940e+00   2.869396e-01   4.450159e+00   6.501587e-01
28.1	   7.518335e+00   3.718335e+00   8.075425e+00   4.275425e+00   7.903367e+00   4.103367e+00   4.078491e+00   2.784911e-01   4.450569e+00   6.505688e-01
28.2	   7.521727e+00   3.721727e+00   8.047225e+00   4.247225e+00   7.923713e+00   4.123713e+00   4.066300e+00   2.663002e-01   4.451320e+00   6.513198e-01
28.3	   7.529426e+00   3.729426e+00   8.013188e+00   4.213188e+00   7.949475e+00   4.149475e+00   4.051245e+00   2.512446e-01   4.452440e+00   6.524397e-01
28.4	   7.541046e+00   3.741046e+00   7.975481e+00   4.175481e+00   7.979612e+00   4.179612e+00   4.034453e+00   2.344531e-01   4.453927e+00   6.539272e-01
28.5	   7.556237e+00   3.756237e+00   7.936259e+00   4.136259e+00   8.012911e+00   4.212911e+00   4.017086e+00   2.170857e-01   4.455691e+00   6.556914e-01
28.6	   7.574344e+00   3.774344e+00   7.897684e+00   4.097684e+00   8.047771e+00   4.247771e+00   4.000292e+00   2.002922e-01   4.457588e+00   6.575876e-01
28.7	   7.594493e+00   3.794493e+00   7.861848e+00   4.061848e+00   8.082517e+00   4.282517e+00   3.985112e+00   1.851115e-01   4.459402e+00   6.594023e-01
28.8	   7.615561e+00   3.815561e+00   7.830294e+00   4.030294e+00   8.115318e+00   4.315318e+00   3.972289e+00   1.722892e-01   4.460920e+00   6.609195e-01
28.9	   7.636606e+00   3.836606e+00   7.804566e+00   4.004566e+00   8.144110e+00   4.344110e+00   3.962351e+00   1.623505e-01   4.461933e+00   6.619332e-01
29	   7.656086e+00   3.856086e+00   7.785914e+00   3.985914e+00   8.167199e+00   4.367199e+00   3.955524e+00   1.555244e-01   4.462299e+00   6.622990e-01
29.1	   7.672630e+00   3.872630e+00   7.775087e+00   3.975087e+00   8.183810e+00   4.383810e+00   3.951820e+00   1.518205e-01   4.461968e+00   6.619675e-01
29.2	   7.686411e+00   3.886411e+00   7.772309e+00   3.972309e+00   8.191840e+00   4.391840e+00   3.951104e+00   1.511040e-01   4.460995e+00   6.609954e-01
29.3	   7.696232e+00   3.896232e+00   7.777563e+00   3.977563e+00   8.189744e+00   4.389744e+00   3.953176e+00   1.531759e-01   4.459519e+00   6.595193e-01
29.4	   7.700286e+00   3.900286e+00   7.790937e+00   3.990937e+00   8.177535e+00   4.377535e+00   3.957875e+00   1.578747e-01   4.457740e+00   6.577398e-01
29.5	   7.697719e+00   3.897719e+00   7.812107e+00   4.012107e+00   8.158285e+00   4.358285e+00   3.965074e+00   1.650745e-01   4.455871e+00   6.558712e-01
29.6	   7.688707e+00   3.888707e+00   7.839878e+00   4.039878e+00   8.132035e+00   4.332035e+00   3.974645e+00   1.746454e-01   4.454105e+00   6.541047e-01
29.7	   7.675109e+00   3.875109e+00   7.872991e+00   4.072991e+00   8.100431e+00   4.300431e+00   3.986402e+00   1.864024e-01   4.452595e+00   6.525950e-01
29.8	   7.659539e+00   3.859539e+00   7.910045e+00   4.110045e+00   8.065628e+00   4.265628e+00   4.000084e+00   2.000837e-01   4.451430e+00   6.514297e-01
29.9	   7.641363e+00   3.841363e+00   7.949091e+00   4.149091e+00   8.029661e+00   4.229661e+00   4.015163e+00   2.151633e-01   4.450641e+00   6.506414e-01
30	   7.621614e+00   3.821614e+00   7.988062e+00   4.188062e+00   7.994606e+00   4.194606e+00   4.030925e+00   2.309248e-01   4.450193e+00   6.501927e-01
30.1	   7.601342e+00   3.801342e+00   8.024908e+00   4.224908e+00   7.962472e+00   4.162472e+00   4.046556e+00   2.465561e-01   4.450004e+00   6.500041e-01
30.2	   7.581463e+00   3.781463e+00   8.057321e+00   4.257321e+00   7.934659e+00   4.134659e+00   4.060985e+00   2.609851e-01   4.449970e+00   6.499697e-01
30.3	   7.562842e+00   3.762842e+00   8.083992e+00   4.283992e+00   7.912429e+00   4.112429e+00   4.073160e+00   2.731604e-01   4.449989e+00   6.499886e-01
30.4	   7.546499e+00   3.746499e+00   8.104131e+00   4.304131e+00   7.896606e+00   4.096606e+00   4.082189e+00   2.821894e-01   4.449994e+00   6.499938e-01
30.5	   7.533379e+00   3.733379e+00   8.114736e+00   4.314736e+00   7.887732e+00   4.087732e+00   4.087464e+00   2.874638e-01   4.449975e+00   6.499745e-01
30.6	   7.523955e+00   3.723955e+00   8.113905e+00   4.313905e+00   7.885866e+00   4.085866e+00   4.088197e+00   2.881967e-01   4.449982e+00   6.499819e-01
30.7	   7.518504e+00   3.718504e+00   8.101655e+00   4.301655e+00   7.890979e+00   4.090979e+00   4.084225e+00   2.842255e-01   4.450113e+00   6.501130e-01
30.8	   7.517303e+00   3.717303e+00   8.080108e+00   4.280108e+00   7.902823e+00   4.102823e+00   4.076238e+00   2.762384e-01   4.450478e+00   6.504780e-01
30.9	   7.520523e+00   3.720523e+00   8.052954e+00   4.252954e+00   7.920911e+00   4.120911e+00   4.064572e+00   2.645720e-01   4.451172e+00   6.511722e-01
31	   7.528104e+00   3.728104e+00   8.019711e+00   4.219711e+00   7.944548e+00   4.144548e+00   4.050053e+00   2.500534e-01   4.452251e+00   6.522507e-01
31.1	   7.539659e+00   3.739659e+00   7.982455e+00   4.182455e+00   7.972822e+00   4.172822e+00   4.033776e+00   2.337759e-01   4.453704e+00   6.537044e-01
31.2	   7.554850e+00   3.754850e+00   7.943343e+00   4.143343e+00   8.004709e+00   4.204709e+00   4.016878e+00   2.168780e-01   4.455459e+00   6.554589e-01
31.3	   7.573027e+00   3.773027e+00   7.904493e+00   4.104493e+00   8.038681e+00   4.238681e+00   4.000496e+00   2.004961e-01   4.457369e+00   6.573685e-01
31.4	   7.593331e+00   3.793331e+00   7.868019e+00   4.068019e+00   8.073011e+00   4.273011e+00   3.985705e+00   1.857045e-01   4.459230e+00   6.592299e-01
31.5	   7.614593e+00   3.814593e+00   7.835507e+00   4.035507e+00   8.105971e+00   4.305971e+00   3.973253e+00   1.732532e-01   4.460822e+00   6.608225e-01
31.6	   7.635877e+00   3.835877e+00   7.808563e+00   4.008563e+00   8.135398e+00   4.335398e+00   3.963670e+00   1.636699e-01   4.461931e+00   6.619309e-01
31.7	   7.655680e+00   3.855680e+00   7.788445e+00   3.988445e+00   8.159394e+00   4.359394e+00   3.957179e+00   1.571792e-01   4.462397e+00   6.623972e-01
31.8	   7.672611e+00   3.872611e+00   7.776076e+00   3.976076e+00   8.176869e+00   4.376869e+00   3.953765e+00   1.537647e-01   4.462157e+00   6.621573e-01
31.9	   7.686895e+00   3.886895e+00   7.771757e+00   3.971757e+00   8.186321e+00   4.386321e+00   3.953269e+00   1.532687e-01   4.461245e+00   6.612451e-01
32	   7.697350e+00   3.897350e+00   7.775499e+00   3.975499e+00   8.186085e+00   4.386085e+00   3.955459e+00   1.554585e-01   4.459796e+00   6.597955e-01
32.1	   7.702042e+00   3.902042e+00   7.787317e+00   3.987317e+00   8.175900e+00   4.375900e+00   3.960125e+00   1.601247e-01   4.458014e+00   6.580140e-01
32.2	   7.700008e+00   3.900008e+00   7.807163e+00   4.007163e+00   8.158399e+00   4.358399e+00   3.967126e+00   1.671258e-01   4.456118e+00   6.561182e-01
32.3	   7.691332e+00   3.891332e+00   7.833825e+00   4.033825e+00   8.133751e+00   4.333751e+00   3.976344e+00   1.763439e-01   4.454308e+00   6.543080e-01
32.4	   7.677552e+00   3.877552e+00   7.866070e+00   4.066070e+00   8.103590e+00   4.303590e+00   3.987648e+00   1.876480e-01   4.452746e+00   6.527459e-01
32.5	   7.661916e+00   3.861916e+00   7.902518e+00   4.102518e+00   8.070037e+00   4.270037e+00   4.000808e+00   2.008078e-01   4.451531e+00   6.515309e-01
32.6	   7.643628e+00   3.843628e+00   7.941306e+00   4.141306e+00   8.035128e+00   4.235128e+00   4.015307e+00   2.153073e-01   4.450698e+00   6.506981e-01
32.7	   7.623650e+00   3.823650e+00   7.980312e+00   4.180312e+00   8.000905e+00   4.200905e+00   4.030461e+00   2.304614e-01   4.450218e+00   6.502179e-01
32.8	   7.603048e+00   3.803048e+00   8.017588e+00   4.217588e+00   7.969334e+00   4.169334e+00   4.045515e+00   2.455146e-01   4.450011e+00   6.500108e-01
32.9	   7.582779e+00   3.782779e+00   8.050815e+00   4.250815e+00   7.941796e+00   4.141796e+00   4.059453e+00   2.594529e-01   4.449969e+00   6.499692e-01
33	   7.563711e+00   3.763711e+00   8.078325e+00   4.278325e+00   7.919495e+00   4.119495e+00   4.071234e+00   2.712344e-01   4.449989e+00   6.499888e-01
33.1	   7.546848e+00   3.746848e+00   8.099713e+00   4.299713e+00   7.903231e+00   4.103231e+00   4.079952e+00   2.799517e-01   4.449997e+00   6.499969e-01
33.2	   7.533176e+00   3.733176e+00   8.112260e+00   4.312260e+00   7.893496e+00   4.093496e+00   4.084955e+00   2.849553e-01   4.449977e+00   6.499774e-01
33.3	   7.523208e+00   3.723208e+00   8.113776e+00   4.313776e+00   7.890467e+00   4.090467e+00   4.085621e+00   2.856212e-01   4.449977e+00   6.499766e-01
33.4	   7.517237e+00   3.717237e+00   8.103867e+00   4.303867e+00   7.894129e+00   4.094129e+00   4.081851e+00   2.818510e-01   4.450091e+00   6.500914e-01
33.5	   7.515540e+00   3.715540e+00   8.083997e+00   4.283997e+00   7.904322e+00   4.104322e+00   4.074058e+00   2.740582e-01   4.450434e+00   6.504337e-01
33.6	   7.518320e+00   3.718320e+00   8.058374e+00   4.258374e+00   7.920658e+00   4.120658e+00   4.062687e+00   2.626870e-01   4.451104e+00   6.511041e-01
33.7	   7.525548e+00   3.725548e+00   8.026339e+00   4.226339e+00   7.942543e+00   4.142543e+00   4.048533e+00   2.485327e-01   4.452158e+00   6.521583e-01
33.8	   7.536864e+00   3.736864e+00   7.989727e+00   4.189727e+00   7.969150e+00   4.169150e+00   4.032660e+00   2.326600e-01   4.453593e+00   6.535931e-01
33.9	   7.551940e+00   3.751940e+00   7.950760e+00   4.150760e+00   7.999575e+00   4.199575e+00   4.016172e+00   2.161725e-01   4.455338e+00   6.553375e-01
34	   7.570163e+00   3.770163e+00   7.911514e+00   4.111514e+00   8.032366e+00   4.232366e+00   4.000203e+00   2.002025e-01   4.457258e+00   6.572577e-01
34.1	   7.590687e+00   3.790687e+00   7.874167e+00   4.074167e+00   8.065819e+00   4.265819e+00   3.985796e+00   1.857957e-01   4.459148e+00   6.591477e-01
34.2	   7.612335e+00   3.812335e+00   7.840442e+00   4.040442e+00   8.098259e+00   4.298259e+00   3.973701e+00   1.737014e-01   4.460788e+00   6.607876e-01
34.3	   7.634147e+00   3.834147e+00   7.812046e+00   4.012046e+00   8.127586e+00   4.327586e+00   3.964456e+00   1.644556e-01   4.461957e+00   6.619569e-01
34.4	   7.654639e+00   3.854639e+00   7.790334e+00   3.990334e+00   8.151867e+00   4.351867e+00   3.958308e+00   1.583079e-01   4.462492e+00   6.624921e-01
34.5	   7.672313e+00   3.872313e+00   7.776395e+00   3.976395e+00   8.169657e+00   4.369657e+00   3.955271e+00   1.552712e-01   4.462321e+00   6.623211e-01
34.6	   7.687392e+00   3.887392e+00   7.770629e+00   3.970629e+00   8.179929e+00   4.379929e+00   3.955172e+00   1.551719e-01   4.461465e+00   6.614648e-01
34.7	   7.698697e+00   3.898697e+00   7.773089e+00   3.973089e+00   8.181146e+00   4.381146e+00   3.957715e+00   1.577154e-01   4.460058e+00   6.600584e-01
34.8	   7.704078e+00   3.904078e+00   7.783733e+00   3.983733e+00   8.172884e+00   4.372884e+00   3.962618e+00   1.626178e-01   4.458293e+00   6.582933e-01
34.9	   7.702464e+00   3.902464e+00   7.802689e+00   4.002689e+00   8.157161e+00   4.357161e+00   3.969667e+00   1.696674e-01   4.456393e+00   6.563927e-01
35	   7.693945e+00   3.893945e+00   7.828764e+00   4.028764e+00   8.134260e+00   4.334260e+00   3.978719e+00   1.787192e-01   4.454557e+00   6.545567e-01
35.1	   7.679987e+00   3.879987e+00   7.860708e+00   4.060708e+00   8.105765e+00   4.305765e+00   3.989667e+00   1.896667e-01   4.452953e+00   6.529531e-01
35.2	   7.664020e+00   3.864020e+00   7.897118e+00   4.097118e+00   8.073709e+00   4.273709e+00   4.002314e+00   2.023135e-01   4.451689e+00   6.516888e-01
35.3	   7.645553e+00   3.845553e+00   7.936183e+00   4.136183e+00   8.040078e+00   4.240078e+00   4.016187e+00   2.161868e-01   4.450805e+00   6.508046e-01
35.4	   7.625316e+00   3.825316e+00   7.975732e+00   4.175732e+00   8.006847e+00   4.206847e+00   4.030640e+00   2.306405e-01   4.450276e+00   6.502756e-01
35.5	   7.604387e+00   3.804387e+00   8.013798e+00   4.213798e+00   7.975931e+00   4.175931e+00   4.044980e+00   2.449797e-01   4.450031e+00   6.500312e-01
35.6	   7.583780e+00   3.783780e+00   8.048042e+00   4.248042e+00   7.948727e+00   4.148727e+00   4.058275e+00   2.582746e-01   4.449969e+00   6.499695e-01
35.7	   7.564362e+00   3.764362e+00   8.076642e+00   4.276642e+00   7.926393e+00   4.126393e+00   4.069540e+00   2.695398e-01   4.449984e+00   6.499841e-01
35.8	   7.547120e+00   3.747120e+00   8.099278e+00   4.299278e+00   7.909742e+00   4.109742e+00   4.077893e+00   2.778929e-01   4.449996e+00   6.499965e-01
35.9	   7.533072e+00   3.733072e+00   8.113239e+00   4.313239e+00   7.899252e+00   4.099252e+00   4.082641e+00   2.826415e-01   4.449981e+00   6.499806e-01
36	   7.522768e+00   3.722768e+00   8.116092e+00   4.316092e+00   7.895166e+00   4.095166e+00   4.083283e+00   2.832828e-01   4.449972e+00   6.499717e-01
36.1	   7.516507e+00   3.716507e+00   8.107219e+00   4.307219e+00   7.897531e+00   4.097531e+00   4.079731e+00   2.797313e-01   4.450059e+00   6.500587e-01
36.2	   7.514565e+00   3.714565e+00   8.087895e+00   4.287895e+00   7.906265e+00   4.106265e+00   4.072216e+00   2.722157e-01   4.450351e+00   6.503507e-01
36.3	   7.517145e+00   3.717145e+00   8.062336e+00   4.262336e+00   7.921056e+00   4.121056e+00   4.061213e+00   2.612132e-01   4.450950e+00   6.509497e-01
36.4	   7.524246e+00   3.724246e+00   8.030438e+00   4.230438e+00   7.941385e+00   4.141385e+00   4.047487e+00   2.474874e-01   4.451921e+00   6.519206e-01
36.5	   7.535520e+00   3.735520e+00   7.993673e+00   4.193673e+00   7.966503e+00   4.166503e+00   4.032079e+00   2.320790e-01   4.453271e+00   6.532713e-01
36.6	   7.550629e+00   3.750629e+00   7.954340e+00   4.154340e+00   7.995596e+00   4.195596e+00   4.016054e+00   2.160540e-01   4.454948e+00   6.549484e-01
36.7	   7.568982e+00   3.768982e+00   7.914524e+00   4.114524e+00   8.027305e+00   4.227305e+00   4.000523e+00   2.005231e-01   4.456828e+00   6.568280e-01
36.8	   7.589735e+00   3.789735e+00   7.876464e+00   4.076464e+00   8.059994e+00   4.259994e+00   3.986535e+00   1.865355e-01   4.458730e+00   6.587301e-01
36.9	   7.611669e+00   3.811669e+00   7.841962e+00   4.041962e+00   8.092013e+00   4.292013e+00   3.974805e+00   1.748050e-01   4.460433e+00   6.604327e-01
37	   7.633773e+00   3.833773e+00   7.812764e+00   4.012764e+00   8.121363e+00   4.321363e+00   3.965842e+00   1.658422e-01   4.461705e+00   6.617053e-01
37.1	   7.654549e+00   3.854549e+00   7.790291e+00   3.990291e+00   8.146063e+00   4.346063e+00   3.959897e+00   1.598968e-01   4.462375e+00   6.623754e-01
37.2	   7.672413e+00   3.872413e+00   7.775679e+00   3.975679e+00   8.164492e+00   4.364492e+00   3.956972e+00   1.569716e-01   4.462354e+00   6.623541e-01
37.3	   7.687540e+00   3.887540e+00   7.769352e+00   3.969352e+00   8.175700e+00   4.375700e+00   3.956891e+00   1.568912e-01   4.461640e+00   6.616402e-01
37.4	   7.698734e+00   3.898734e+00   7.771379e+00   3.971379e+00   8.178291e+00   4.378291e+00   3.959369e+00   1.593687e-01   4.460344e+00   6.603436e-01
37.5	   7.703935e+00   3.903935e+00   7.781712e+00   3.981712e+00   8.171634e+00   4.371634e+00   3.964134e+00   1.641340e-01   4.458642e+00   6.586424e-01
37.6	   7.702221e+00   3.902221e+00   7.800497e+00   4.000497e+00   8.157352e+00   4.357352e+00   3.970987e+00   1.709872e-01   4.456758e+00   6.567577e-01
37.7	   7.693798e+00   3.893798e+00   7.826614e+00   4.026614e+00   8.135801e+00   4.335801e+00   3.979770e+00   1.797697e-01   4.454905e+00   6.549055e-01
37.8	   7.680010e+00   3.880010e+00   7.858757e+00   4.058757e+00   8.108466e+00   4.308466e+00   3.990373e+00   1.903735e-01   4.453253e+00   6.532527e-01
37.9	   7.664189e+00   3.864189e+00   7.895494e+00   4.095494e+00   8.077310e+00   4.277310e+00   4.002580e+00   2.025797e-01   4.451919e+00   6.519195e-01
38	   7.645841e+00   3.845841e+00   7.935003e+00   4.135003e+00   8.044321e+00   4.244321e+00   4.015938e+00   2.159377e-01   4.450959e+00   6.509590e-01
38.1	   7.625696e+00   3.825696e+00   7.975066e+00   4.175066e+00   8.011467e+00   4.211467e+00   4.029864e+00   2.298639e-01   4.450363e+00   6.503631e-01
38.2	   7.604822e+00   3.804822e+00   8.013665e+00   4.213665e+00   7.980666e+00   4.180666e+00   4.043730e+00   2.437300e-01   4.450068e+00   6.500675e-01
38.3	   7.584286e+00   3.784286e+00   8.048421e+00   4.248421e+00   7.953406e+00   4.153406e+00   4.056671e+00   2.566708e-01   4.449974e+00   6.499741e-01
38.4	   7.564952e+00   3.764952e+00   8.077504e+00   4.277504e+00   7.930829e+00   4.130829e+00   4.067748e+00   2.677478e-01   4.449977e+00   6.499769e-01
38.5	   7.547774e+00   3.747774e+00   8.100624e+00   4.300624e+00   7.913788e+00   4.113788e+00   4.076112e+00   2.761121e-01   4.449992e+00   6.499917e-01
38.6	   7.533767e+00   3.733767e+00   8.114956e+00   4.314956e+00   7.902783e+00   4.102783e+00   4.081036e+00   2.810362e-01   4.449982e+00   6.499816e-01
38.7	   7.523506e+00   3.723506e+00   8.118023e+00   4.318023e+00   7.898066e+00   4.098066e+00   4.082051e+00   2.820512e-01   4.449970e+00   6.499698e-01
38.8	   7.517279e+00   3.717279e+00   8.109208e+00   4.309208e+00   7.899697e+00   4.099697e+00   4.078978e+00   2.789778e-01   4.450035e+00   6.500351e-01
38.9	   7.515354e+00   3.715354e+00   8.089787e+00   4.289787e+00   7.907577e+00   4.107577e+00   4.071970e+00   2.719701e-01   4.450283e+00   6.502834e-01
39	   7.517929e+00   3.717929e+00   8.063932e+00   4.263932e+00   7.921448e+00   4.121448e+00   4.061453e+00   2.614535e-01   4.450817e+00   6.508166e-01
39.1	   7.525019e+00   3.725019e+00   8.031872e+00   4.231872e+00   7.940844e+00   4.140844e+00   4.048138e+00   2.481383e-01   4.451706e+00   6.517056e-01
39.2	   7.536291e+00   3.736291e+00   7.994876e+00   4.194876e+00   7.965051e+00   4.165051e+00   4.033022e+00   2.330220e-01   4.452969e+00   6.529692e-01
39.3	   7.551366e+00   3.751366e+00   7.955251e+00   4.155251e+00   7.993288e+00   4.193288e+00   4.017156e+00   2.171557e-01   4.454568e+00   6.545678e-01
39.4	   7.569657e+00   3.769657e+00   7.915106e+00   4.115106e+00   8.024238e+00   4.224238e+00   4.001644e+00   2.016442e-01   4.456391e+00   6.563908e-01
39.5	   7.590323e+00   3.790323e+00   7.876715e+00   4.076715e+00   8.056299e+00   4.256299e+00   3.987539e+00   1.875390e-01   4.458265e+00   6.582648e-01
39.6	   7.612089e+00   3.812089e+00   7.841919e+00   4.041919e+00   8.087838e+00   4.287838e+00   3.975601e+00   1.756007e-01   4.459984e+00   6.599843e-01
39.7	   7.633900e+00   3.833900e+00   7.812472e+00   4.012472e+00   8.116941e+00   4.316941e+00   3.966408e+00   1.664079e-01   4.461334e+00   6.613340e-01
39.8	   7.654292e+00   3.854292e+00   7.789842e+00   3.989842e+00   8.141627e+00   4.341627e+00   3.960250e+00   1.602505e-01   4.462125e+00   6.621252e-01
39.9	   7.671660e+00   3.871660e+00   7.775170e+00   3.975170e+00   8.160249e+00   4.360249e+00   3.957156e+00   1.571557e-01   4.462248e+00   6.622480e-01
40	   7.686038e+00   3.886038e+00   7.768859e+00   3.968859e+00   8.171766e+00   4.371766e+00   3.956981e+00   1.569808e-01   4.461689e+00   6.616890e-01
