           0.1	(   1.146642e+00   0.000000e+00 -4.802753e+00) (   5.733208e+00   0.000000e+00 -5.133327e+00) (   1.146642e+01   0.000000e+00 -5.227777e+00) (   1.719963e+01   0.000000e+00 -1.213888e+00) (   2.293283e+01   0.000000e+00 -1.634071e+00) 
0.2	(   1.146642e+00   0.000000e+00 -4.802605e+00) (   5.733208e+00   0.000000e+00 -5.133289e+00) (   1.146642e+01   0.000000e+00 -5.227773e+00) (   1.719963e+01   0.000000e+00 -1.213889e+00) (   2.293283e+01   0.000000e+00 -1.633015e+00) 
0.3	(   1.146642e+00   0.000000e+00 -4.802273e+00) (   5.733208e+00   0.000000e+00 -5.133205e+00) (   1.146642e+01   0.000000e+00 -5.227764e+00) (   1.719963e+01   0.000000e+00 -1.213891e+00) (   2.293283e+01   0.000000e+00 -1.638136e+00) 
0.4	(   1.146642e+00   0.000000e+00 -4.801706e+00) (   5.733208e+00   0.000000e+00 -5.133060e+00) (   1.146642e+01   0.000000e+00 -5.227748e+00) (   1.719963e+01   0.000000e+00 -1.213895e+00) (   2.293283e+01   0.000000e+00 -1.651744e+00) 
0.5	(   1.146642e+00   0.000000e+00 -4.800870e+00) (   5.733208e+00   0.000000e+00 -5.132841e+00) (   1.146642e+01   0.000000e+00 -5.227723e+00) (   1.719963e+01   0.000000e+00 -1.213900e+00) (   2.293283e+01   0.000000e+00 -1.661144e+00) 
0.6	(   1.146642e+00   0.000000e+00 -4.799760e+00) (   5.733208e+00   0.000000e+00 -5.132539e+00) (   1.146642e+01   0.000000e+00 -5.227687e+00) (   1.719963e+01   0.000000e+00 -1.213911e+00) (   2.293283e+01   0.000000e+00 -1.729451e+00) 
0.7	(   1.146642e+00   0.000000e+00 -4.798413e+00) (   5.733208e+00   0.000000e+00 -5.132149e+00) (   1.146642e+01   0.000000e+00 -5.227637e+00) (   1.719963e+01   0.000000e+00 -1.213924e+00) (   2.293283e+01   0.000000e+00 -1.782879e+00) 
0.8	(   1.146642e+00   0.000000e+00 -4.796905e+00) (   5.733208e+00   0.000000e+00 -5.131672e+00) (   1.146642e+01   0.000000e+00 -5.227573e+00) (   1.719963e+01   0.000000e+00 -1.213941e+00) (   2.293283e+01   0.000000e+00 -1.818572e+00) 
0.9	(   1.146642e+00   0.000000e+00 -4.795354e+00) (   5.733208e+00   0.000000e+00 -5.131110e+00) (   1.146642e+01   0.000000e+00 -5.227491e+00) (   1.719963e+01   0.000000e+00 -1.213964e+00) (   2.293283e+01   0.000000e+00 -1.847145e+00) 
1	(   1.146642e+00   0.000000e+00 -4.793923e+00) (   5.733208e+00   0.000000e+00 -5.130473e+00) (   1.146642e+01   0.000000e+00 -5.227392e+00) (   1.719963e+01   0.000000e+00 -1.213995e+00) (   2.293283e+01   0.000000e+00 -1.868578e+00) 
1.1	(   1.146642e+00   0.000000e+00 -4.792819e+00) (   5.733208e+00   0.000000e+00 -5.129774e+00) (   1.146642e+01   0.000000e+00 -5.227273e+00) (   1.719963e+01   0.000000e+00 -1.214033e+00) (   2.293283e+01   0.000000e+00 -1.879555e+00) 
1.2	(   1.146642e+00   0.000000e+00 -4.792271e+00) (   5.733208e+00   0.000000e+00 -5.129036e+00) (   1.146642e+01   0.000000e+00 -5.227133e+00) (   1.719963e+01   0.000000e+00 -1.214080e+00) (   2.293283e+01   0.000000e+00 -1.881339e+00) 
1.3	(   1.146642e+00   0.000000e+00 -4.792511e+00) (   5.733208e+00   0.000000e+00 -5.128285e+00) (   1.146642e+01   0.000000e+00 -5.226972e+00) (   1.719963e+01   0.000000e+00 -1.214137e+00) (   2.293283e+01   0.000000e+00 -1.870955e+00) 
1.4	(   1.146642e+00   0.000000e+00 -4.793739e+00) (   5.733208e+00   0.000000e+00 -5.127551e+00) (   1.146642e+01   0.000000e+00 -5.226790e+00) (   1.719963e+01   0.000000e+00 -1.214204e+00) (   2.293283e+01   0.000000e+00 -1.848630e+00) 
1.5	(   1.146642e+00   0.000000e+00 -4.796081e+00) (   5.733208e+00   0.000000e+00 -5.126876e+00) (   1.146642e+01   0.000000e+00 -5.226590e+00) (   1.719963e+01   0.000000e+00 -1.214282e+00) (   2.293283e+01   0.000000e+00 -1.819008e+00) 
1.6	(   1.146642e+00   0.000000e+00 -4.799575e+00) (   5.733208e+00   0.000000e+00 -5.126309e+00) (   1.146642e+01   0.000000e+00 -5.226373e+00) (   1.719963e+01   0.000000e+00 -1.214371e+00) (   2.293283e+01   0.000000e+00 -1.779977e+00) 
1.7	(   1.146642e+00   0.000000e+00 -4.804129e+00) (   5.733208e+00   0.000000e+00 -5.125912e+00) (   1.146642e+01   0.000000e+00 -5.226146e+00) (   1.719963e+01   0.000000e+00 -1.214470e+00) (   2.293283e+01   0.000000e+00 -1.737586e+00) 
1.8	(   1.146642e+00   0.000000e+00 -4.809504e+00) (   5.733208e+00   0.000000e+00 -5.125747e+00) (   1.146642e+01   0.000000e+00 -5.225914e+00) (   1.719963e+01   0.000000e+00 -1.214581e+00) (   2.293283e+01   0.000000e+00 -1.694520e+00) 
1.9	(   1.146642e+00   0.000000e+00 -4.815293e+00) (   5.733208e+00   0.000000e+00 -5.125870e+00) (   1.146642e+01   0.000000e+00 -5.225686e+00) (   1.719963e+01   0.000000e+00 -1.214699e+00) (   2.293283e+01   0.000000e+00 -1.658311e+00) 
2	(   1.146642e+00   0.000000e+00 -4.821029e+00) (   5.733208e+00   0.000000e+00 -5.126331e+00) (   1.146642e+01   0.000000e+00 -5.225469e+00) (   1.719963e+01   0.000000e+00 -1.214822e+00) (   2.293283e+01   0.000000e+00 -1.654454e+00) 
2.1	(   1.146642e+00   0.000000e+00 -4.826241e+00) (   5.733208e+00   0.000000e+00 -5.127192e+00) (   1.146642e+01   0.000000e+00 -5.225276e+00) (   1.719963e+01   0.000000e+00 -1.214945e+00) (   2.293283e+01   0.000000e+00 -1.651112e+00) 
2.2	(   1.146642e+00   0.000000e+00 -4.830528e+00) (   5.733208e+00   0.000000e+00 -5.128512e+00) (   1.146642e+01   0.000000e+00 -5.225120e+00) (   1.719963e+01   0.000000e+00 -1.215063e+00) (   2.293283e+01   0.000000e+00 -1.648429e+00) 
2.3	(   1.146642e+00   0.000000e+00 -4.833531e+00) (   5.733208e+00   0.000000e+00 -5.130335e+00) (   1.146642e+01   0.000000e+00 -5.225019e+00) (   1.719963e+01   0.000000e+00 -1.215170e+00) (   2.293283e+01   0.000000e+00 -1.646525e+00) 
2.4	(   1.146642e+00   0.000000e+00 -4.834917e+00) (   5.733208e+00   0.000000e+00 -5.132684e+00) (   1.146642e+01   0.000000e+00 -5.224988e+00) (   1.719963e+01   0.000000e+00 -1.215263e+00) (   2.293283e+01   0.000000e+00 -1.644581e+00) 
2.5	(   1.146642e+00   0.000000e+00 -4.834401e+00) (   5.733208e+00   0.000000e+00 -5.135553e+00) (   1.146642e+01   0.000000e+00 -5.225048e+00) (   1.719963e+01   0.000000e+00 -1.215336e+00) (   2.293283e+01   0.000000e+00 -1.652247e+00) 
2.6	(   1.146642e+00   0.000000e+00 -4.831791e+00) (   5.733208e+00   0.000000e+00 -5.138901e+00) (   1.146642e+01   0.000000e+00 -5.225214e+00) (   1.719963e+01   0.000000e+00 -1.215384e+00) (   2.293283e+01   0.000000e+00 -1.651629e+00) 
2.7	(   1.146642e+00   0.000000e+00 -4.827108e+00) (   5.733208e+00   0.000000e+00 -5.142659e+00) (   1.146642e+01   0.000000e+00 -5.225507e+00) (   1.719963e+01   0.000000e+00 -1.215399e+00) (   2.293283e+01   0.000000e+00 -1.652176e+00) 
2.8	(   1.146642e+00   0.000000e+00 -4.820568e+00) (   5.733208e+00   0.000000e+00 -5.146741e+00) (   1.146642e+01   0.000000e+00 -5.225946e+00) (   1.719963e+01   0.000000e+00 -1.215373e+00) (   2.293283e+01   0.000000e+00 -1.654679e+00) 
2.9	(   1.146642e+00   0.000000e+00 -4.812477e+00) (   5.733208e+00   0.000000e+00 -5.151014e+00) (   1.146642e+01   0.000000e+00 -5.226548e+00) (   1.719963e+01   0.000000e+00 -1.215297e+00) (   2.293283e+01   0.000000e+00 -1.655933e+00) 
3	(   1.146642e+00   0.000000e+00 -4.803216e+00) (   5.733208e+00   0.000000e+00 -5.155285e+00) (   1.146642e+01   0.000000e+00 -5.227325e+00) (   1.719963e+01   0.000000e+00 -1.215160e+00) (   2.293283e+01   0.000000e+00 -1.656968e+00) 
3.1	(   1.146642e+00   0.000000e+00 -4.793319e+00) (   5.733208e+00   0.000000e+00 -5.159333e+00) (   1.146642e+01   0.000000e+00 -5.228288e+00) (   1.719963e+01   0.000000e+00 -1.214953e+00) (   2.293283e+01   0.000000e+00 -1.657932e+00) 
3.2	(   1.146642e+00   0.000000e+00 -4.783444e+00) (   5.733208e+00   0.000000e+00 -5.162930e+00) (   1.146642e+01   0.000000e+00 -5.229446e+00) (   1.719963e+01   0.000000e+00 -1.214672e+00) (   2.293283e+01   0.000000e+00 -1.659002e+00) 
3.3	(   1.146642e+00   0.000000e+00 -4.774135e+00) (   5.733208e+00   0.000000e+00 -5.165786e+00) (   1.146642e+01   0.000000e+00 -5.230795e+00) (   1.719963e+01   0.000000e+00 -1.214318e+00) (   2.293283e+01   0.000000e+00 -1.659926e+00) 
3.4	(   1.146642e+00   0.000000e+00 -4.765740e+00) (   5.733208e+00   0.000000e+00 -5.167563e+00) (   1.146642e+01   0.000000e+00 -5.232322e+00) (   1.719963e+01   0.000000e+00 -1.213901e+00) (   2.293283e+01   0.000000e+00 -1.661340e+00) 
3.5	(   1.146642e+00   0.000000e+00 -4.758844e+00) (   5.733208e+00   0.000000e+00 -5.167985e+00) (   1.146642e+01   0.000000e+00 -5.234010e+00) (   1.719963e+01   0.000000e+00 -1.213443e+00) (   2.293283e+01   0.000000e+00 -1.661726e+00) 
3.6	(   1.146642e+00   0.000000e+00 -4.754041e+00) (   5.733208e+00   0.000000e+00 -5.166826e+00) (   1.146642e+01   0.000000e+00 -5.235833e+00) (   1.719963e+01   0.000000e+00 -1.212978e+00) (   2.293283e+01   0.000000e+00 -1.661906e+00) 
3.7	(   1.146642e+00   0.000000e+00 -4.751727e+00) (   5.733208e+00   0.000000e+00 -5.163879e+00) (   1.146642e+01   0.000000e+00 -5.237754e+00) (   1.719963e+01   0.000000e+00 -1.212558e+00) (   2.293283e+01   0.000000e+00 -1.661890e+00) 
3.8	(   1.146642e+00   0.000000e+00 -4.752084e+00) (   5.733208e+00   0.000000e+00 -5.158990e+00) (   1.146642e+01   0.000000e+00 -5.239719e+00) (   1.719963e+01   0.000000e+00 -1.212243e+00) (   2.293283e+01   0.000000e+00 -1.660963e+00) 
3.9	(   1.146642e+00   0.000000e+00 -4.755203e+00) (   5.733208e+00   0.000000e+00 -5.152124e+00) (   1.146642e+01   0.000000e+00 -5.241667e+00) (   1.719963e+01   0.000000e+00 -1.212101e+00) (   2.293283e+01   0.000000e+00 -1.660616e+00) 
4	(   1.146642e+00   0.000000e+00 -4.761221e+00) (   5.733208e+00   0.000000e+00 -5.143435e+00) (   1.146642e+01   0.000000e+00 -5.243528e+00) (   1.719963e+01   0.000000e+00 -1.212198e+00) (   2.293283e+01   0.000000e+00 -1.660069e+00) 
4.1	(   1.146642e+00   0.000000e+00 -4.770045e+00) (   5.733208e+00   0.000000e+00 -5.133203e+00) (   1.146642e+01   0.000000e+00 -5.245226e+00) (   1.719963e+01   0.000000e+00 -1.212586e+00) (   2.293283e+01   0.000000e+00 -1.659225e+00) 
4.2	(   1.146642e+00   0.000000e+00 -4.781344e+00) (   5.733208e+00   0.000000e+00 -5.121826e+00) (   1.146642e+01   0.000000e+00 -5.246672e+00) (   1.719963e+01   0.000000e+00 -1.213290e+00) (   2.293283e+01   0.000000e+00 -1.658027e+00) 
4.3	(   1.146642e+00   0.000000e+00 -4.794686e+00) (   5.733208e+00   0.000000e+00 -5.109867e+00) (   1.146642e+01   0.000000e+00 -5.247774e+00) (   1.719963e+01   0.000000e+00 -1.214298e+00) (   2.293283e+01   0.000000e+00 -1.656561e+00) 
4.4	(   1.146642e+00   0.000000e+00 -4.809385e+00) (   5.733208e+00   0.000000e+00 -5.097996e+00) (   1.146642e+01   0.000000e+00 -5.248440e+00) (   1.719963e+01   0.000000e+00 -1.215552e+00) (   2.293283e+01   0.000000e+00 -1.654975e+00) 
4.5	(   1.146642e+00   0.000000e+00 -4.824787e+00) (   5.733208e+00   0.000000e+00 -5.087029e+00) (   1.146642e+01   0.000000e+00 -5.248585e+00) (   1.719963e+01   0.000000e+00 -1.216957e+00) (   2.293283e+01   0.000000e+00 -1.653461e+00) 
4.6	(   1.146642e+00   0.000000e+00 -4.840215e+00) (   5.733208e+00   0.000000e+00 -5.077721e+00) (   1.146642e+01   0.000000e+00 -5.248136e+00) (   1.719963e+01   0.000000e+00 -1.218379e+00) (   2.293283e+01   0.000000e+00 -1.652274e+00) 
4.7	(   1.146642e+00   0.000000e+00 -4.854508e+00) (   5.733208e+00   0.000000e+00 -5.070803e+00) (   1.146642e+01   0.000000e+00 -5.247027e+00) (   1.719963e+01   0.000000e+00 -1.219682e+00) (   2.293283e+01   0.000000e+00 -1.651577e+00) 
4.8	(   1.146642e+00   0.000000e+00 -4.866555e+00) (   5.733208e+00   0.000000e+00 -5.066929e+00) (   1.146642e+01   0.000000e+00 -5.245208e+00) (   1.719963e+01   0.000000e+00 -1.220741e+00) (   2.293283e+01   0.000000e+00 -1.651455e+00) 
4.9	(   1.146642e+00   0.000000e+00 -4.875679e+00) (   5.733208e+00   0.000000e+00 -5.066678e+00) (   1.146642e+01   0.000000e+00 -5.242662e+00) (   1.719963e+01   0.000000e+00 -1.221469e+00) (   2.293283e+01   0.000000e+00 -1.651471e+00) 
5	(   1.146642e+00   0.000000e+00 -4.881348e+00) (   5.733208e+00   0.000000e+00 -5.070467e+00) (   1.146642e+01   0.000000e+00 -5.239400e+00) (   1.719963e+01   0.000000e+00 -1.221839e+00) (   2.293283e+01   0.000000e+00 -1.651455e+00) 
5.1	(   1.146642e+00   0.000000e+00 -4.882417e+00) (   5.733208e+00   0.000000e+00 -5.078470e+00) (   1.146642e+01   0.000000e+00 -5.235465e+00) (   1.719963e+01   0.000000e+00 -1.221893e+00) (   2.293283e+01   0.000000e+00 -1.651438e+00) 
5.2	(   1.146642e+00   0.000000e+00 -4.878067e+00) (   5.733208e+00   0.000000e+00 -5.090605e+00) (   1.146642e+01   0.000000e+00 -5.230935e+00) (   1.719963e+01   0.000000e+00 -1.221720e+00) (   2.293283e+01   0.000000e+00 -1.651493e+00) 
5.3	(   1.146642e+00   0.000000e+00 -4.869561e+00) (   5.733208e+00   0.000000e+00 -5.106566e+00) (   1.146642e+01   0.000000e+00 -5.225932e+00) (   1.719963e+01   0.000000e+00 -1.221419e+00) (   2.293283e+01   0.000000e+00 -1.651640e+00) 
5.4	(   1.146642e+00   0.000000e+00 -4.857385e+00) (   5.733208e+00   0.000000e+00 -5.125787e+00) (   1.146642e+01   0.000000e+00 -5.220623e+00) (   1.719963e+01   0.000000e+00 -1.221070e+00) (   2.293283e+01   0.000000e+00 -1.651731e+00) 
5.5	(   1.146642e+00   0.000000e+00 -4.842007e+00) (   5.733208e+00   0.000000e+00 -5.147334e+00) (   1.146642e+01   0.000000e+00 -5.215198e+00) (   1.719963e+01   0.000000e+00 -1.220707e+00) (   2.293283e+01   0.000000e+00 -1.651808e+00) 
5.6	(   1.146642e+00   0.000000e+00 -4.824361e+00) (   5.733208e+00   0.000000e+00 -5.170077e+00) (   1.146642e+01   0.000000e+00 -5.209888e+00) (   1.719963e+01   0.000000e+00 -1.220310e+00) (   2.293283e+01   0.000000e+00 -1.651886e+00) 
5.7	(   1.146642e+00   0.000000e+00 -4.805551e+00) (   5.733208e+00   0.000000e+00 -5.192874e+00) (   1.146642e+01   0.000000e+00 -5.204954e+00) (   1.719963e+01   0.000000e+00 -1.219815e+00) (   2.293283e+01   0.000000e+00 -1.652258e+00) 
5.8	(   1.146642e+00   0.000000e+00 -4.786578e+00) (   5.733208e+00   0.000000e+00 -5.214191e+00) (   1.146642e+01   0.000000e+00 -5.200667e+00) (   1.719963e+01   0.000000e+00 -1.219135e+00) (   2.293283e+01   0.000000e+00 -1.652303e+00) 
5.9	(   1.146642e+00   0.000000e+00 -4.768380e+00) (   5.733208e+00   0.000000e+00 -5.232498e+00) (   1.146642e+01   0.000000e+00 -5.197319e+00) (   1.719963e+01   0.000000e+00 -1.218201e+00) (   2.293283e+01   0.000000e+00 -1.652330e+00) 
6	(   1.146642e+00   0.000000e+00 -4.751950e+00) (   5.733208e+00   0.000000e+00 -5.246470e+00) (   1.146642e+01   0.000000e+00 -5.195160e+00) (   1.719963e+01   0.000000e+00 -1.217001e+00) (   2.293283e+01   0.000000e+00 -1.652351e+00) 
6.1	(   1.146642e+00   0.000000e+00 -4.738290e+00) (   5.733208e+00   0.000000e+00 -5.255010e+00) (   1.146642e+01   0.000000e+00 -5.194430e+00) (   1.719963e+01   0.000000e+00 -1.215608e+00) (   2.293283e+01   0.000000e+00 -1.652351e+00) 
6.2	(   1.146642e+00   0.000000e+00 -4.728081e+00) (   5.733208e+00   0.000000e+00 -5.257260e+00) (   1.146642e+01   0.000000e+00 -5.195334e+00) (   1.719963e+01   0.000000e+00 -1.214159e+00) (   2.293283e+01   0.000000e+00 -1.652331e+00) 
6.3	(   1.146642e+00   0.000000e+00 -4.721625e+00) (   5.733208e+00   0.000000e+00 -5.252702e+00) (   1.146642e+01   0.000000e+00 -5.198027e+00) (   1.719963e+01   0.000000e+00 -1.212809e+00) (   2.293283e+01   0.000000e+00 -1.652295e+00) 
6.4	(   1.146642e+00   0.000000e+00 -4.719332e+00) (   5.733208e+00   0.000000e+00 -5.241338e+00) (   1.146642e+01   0.000000e+00 -5.202593e+00) (   1.719963e+01   0.000000e+00 -1.211681e+00) (   2.293283e+01   0.000000e+00 -1.652247e+00) 
6.5	(   1.146642e+00   0.000000e+00 -4.721479e+00) (   5.733208e+00   0.000000e+00 -5.223671e+00) (   1.146642e+01   0.000000e+00 -5.209033e+00) (   1.719963e+01   0.000000e+00 -1.210819e+00) (   2.293283e+01   0.000000e+00 -1.652194e+00) 
6.6	(   1.146642e+00   0.000000e+00 -4.728119e+00) (   5.733208e+00   0.000000e+00 -5.200602e+00) (   1.146642e+01   0.000000e+00 -5.217257e+00) (   1.719963e+01   0.000000e+00 -1.210182e+00) (   2.293283e+01   0.000000e+00 -1.652142e+00) 
6.7	(   1.146642e+00   0.000000e+00 -4.738928e+00) (   5.733208e+00   0.000000e+00 -5.173421e+00) (   1.146642e+01   0.000000e+00 -5.227064e+00) (   1.719963e+01   0.000000e+00 -1.209663e+00) (   2.293283e+01   0.000000e+00 -1.652095e+00) 
6.8	(   1.146642e+00   0.000000e+00 -4.753549e+00) (   5.733208e+00   0.000000e+00 -5.143510e+00) (   1.146642e+01   0.000000e+00 -5.238148e+00) (   1.719963e+01   0.000000e+00 -1.209152e+00) (   2.293283e+01   0.000000e+00 -1.652059e+00) 
6.9	(   1.146642e+00   0.000000e+00 -4.771283e+00) (   5.733208e+00   0.000000e+00 -5.112500e+00) (   1.146642e+01   0.000000e+00 -5.250097e+00) (   1.719963e+01   0.000000e+00 -1.208600e+00) (   2.293283e+01   0.000000e+00 -1.652036e+00) 
7	(   1.146642e+00   0.000000e+00 -4.791212e+00) (   5.733208e+00   0.000000e+00 -5.082147e+00) (   1.146642e+01   0.000000e+00 -5.262397e+00) (   1.719963e+01   0.000000e+00 -1.208056e+00) (   2.293283e+01   0.000000e+00 -1.652029e+00) 
7.1	(   1.146642e+00   0.000000e+00 -4.812018e+00) (   5.733208e+00   0.000000e+00 -5.053966e+00) (   1.146642e+01   0.000000e+00 -5.274489e+00) (   1.719963e+01   0.000000e+00 -1.207655e+00) (   2.293283e+01   0.000000e+00 -1.652040e+00) 
7.2	(   1.146642e+00   0.000000e+00 -4.832757e+00) (   5.733208e+00   0.000000e+00 -5.029524e+00) (   1.146642e+01   0.000000e+00 -5.285677e+00) (   1.719963e+01   0.000000e+00 -1.207546e+00) (   2.293283e+01   0.000000e+00 -1.652071e+00) 
7.3	(   1.146642e+00   0.000000e+00 -4.852040e+00) (   5.733208e+00   0.000000e+00 -5.010093e+00) (   1.146642e+01   0.000000e+00 -5.295245e+00) (   1.719963e+01   0.000000e+00 -1.207829e+00) (   2.293283e+01   0.000000e+00 -1.652119e+00) 
7.4	(   1.146642e+00   0.000000e+00 -4.868481e+00) (   5.733208e+00   0.000000e+00 -4.996772e+00) (   1.146642e+01   0.000000e+00 -5.302485e+00) (   1.719963e+01   0.000000e+00 -1.208509e+00) (   2.293283e+01   0.000000e+00 -1.652182e+00) 
7.5	(   1.146642e+00   0.000000e+00 -4.881866e+00) (   5.733208e+00   0.000000e+00 -4.990377e+00) (   1.146642e+01   0.000000e+00 -5.306750e+00) (   1.719963e+01   0.000000e+00 -1.209524e+00) (   2.293283e+01   0.000000e+00 -1.652258e+00) 
7.6	(   1.146642e+00   0.000000e+00 -4.891777e+00) (   5.733208e+00   0.000000e+00 -4.991272e+00) (   1.146642e+01   0.000000e+00 -5.307498e+00) (   1.719963e+01   0.000000e+00 -1.210794e+00) (   2.293283e+01   0.000000e+00 -1.652342e+00) 
7.7	(   1.146642e+00   0.000000e+00 -4.896595e+00) (   5.733208e+00   0.000000e+00 -4.999741e+00) (   1.146642e+01   0.000000e+00 -5.304341e+00) (   1.719963e+01   0.000000e+00 -1.212287e+00) (   2.293283e+01   0.000000e+00 -1.652431e+00) 
7.8	(   1.146642e+00   0.000000e+00 -4.895340e+00) (   5.733208e+00   0.000000e+00 -5.015644e+00) (   1.146642e+01   0.000000e+00 -5.297119e+00) (   1.719963e+01   0.000000e+00 -1.214027e+00) (   2.293283e+01   0.000000e+00 -1.652518e+00) 
7.9	(   1.146642e+00   0.000000e+00 -4.887896e+00) (   5.733208e+00   0.000000e+00 -5.038348e+00) (   1.146642e+01   0.000000e+00 -5.285918e+00) (   1.719963e+01   0.000000e+00 -1.216065e+00) (   2.293283e+01   0.000000e+00 -1.652598e+00) 
8	(   1.146642e+00   0.000000e+00 -4.875600e+00) (   5.733208e+00   0.000000e+00 -5.066902e+00) (   1.146642e+01   0.000000e+00 -5.271150e+00) (   1.719963e+01   0.000000e+00 -1.218409e+00) (   2.293283e+01   0.000000e+00 -1.652666e+00) 
8.1	(   1.146642e+00   0.000000e+00 -4.861053e+00) (   5.733208e+00   0.000000e+00 -5.100227e+00) (   1.146642e+01   0.000000e+00 -5.253373e+00) (   1.719963e+01   0.000000e+00 -1.221003e+00) (   2.293283e+01   0.000000e+00 -1.652717e+00) 
8.2	(   1.146642e+00   0.000000e+00 -4.843732e+00) (   5.733208e+00   0.000000e+00 -5.136686e+00) (   1.146642e+01   0.000000e+00 -5.233409e+00) (   1.719963e+01   0.000000e+00 -1.223732e+00) (   2.293283e+01   0.000000e+00 -1.652748e+00) 
8.3	(   1.146642e+00   0.000000e+00 -4.824649e+00) (   5.733208e+00   0.000000e+00 -5.174296e+00) (   1.146642e+01   0.000000e+00 -5.212254e+00) (   1.719963e+01   0.000000e+00 -1.226460e+00) (   2.293283e+01   0.000000e+00 -1.652759e+00) 
8.4	(   1.146642e+00   0.000000e+00 -4.804851e+00) (   5.733208e+00   0.000000e+00 -5.211109e+00) (   1.146642e+01   0.000000e+00 -5.191028e+00) (   1.719963e+01   0.000000e+00 -1.229060e+00) (   2.293283e+01   0.000000e+00 -1.652748e+00) 
8.5	(   1.146642e+00   0.000000e+00 -4.785291e+00) (   5.733208e+00   0.000000e+00 -5.244701e+00) (   1.146642e+01   0.000000e+00 -5.170978e+00) (   1.719963e+01   0.000000e+00 -1.231442e+00) (   2.293283e+01   0.000000e+00 -1.652719e+00) 
8.6	(   1.146642e+00   0.000000e+00 -4.766790e+00) (   5.733208e+00   0.000000e+00 -5.272943e+00) (   1.146642e+01   0.000000e+00 -5.153050e+00) (   1.719963e+01   0.000000e+00 -1.233485e+00) (   2.293283e+01   0.000000e+00 -1.652675e+00) 
8.7	(   1.146642e+00   0.000000e+00 -4.750286e+00) (   5.733208e+00   0.000000e+00 -5.295243e+00) (   1.146642e+01   0.000000e+00 -5.138295e+00) (   1.719963e+01   0.000000e+00 -1.235079e+00) (   2.293283e+01   0.000000e+00 -1.652622e+00) 
8.8	(   1.146642e+00   0.000000e+00 -4.736762e+00) (   5.733208e+00   0.000000e+00 -5.308835e+00) (   1.146642e+01   0.000000e+00 -5.127607e+00) (   1.719963e+01   0.000000e+00 -1.236102e+00) (   2.293283e+01   0.000000e+00 -1.652564e+00) 
8.9	(   1.146642e+00   0.000000e+00 -4.726833e+00) (   5.733208e+00   0.000000e+00 -5.311062e+00) (   1.146642e+01   0.000000e+00 -5.121701e+00) (   1.719963e+01   0.000000e+00 -1.236412e+00) (   2.293283e+01   0.000000e+00 -1.652508e+00) 
9	(   1.146642e+00   0.000000e+00 -4.720723e+00) (   5.733208e+00   0.000000e+00 -5.301264e+00) (   1.146642e+01   0.000000e+00 -5.121109e+00) (   1.719963e+01   0.000000e+00 -1.235877e+00) (   2.293283e+01   0.000000e+00 -1.652457e+00) 
9.1	(   1.146642e+00   0.000000e+00 -4.718743e+00) (   5.733208e+00   0.000000e+00 -5.281165e+00) (   1.146642e+01   0.000000e+00 -5.126147e+00) (   1.719963e+01   0.000000e+00 -1.234406e+00) (   2.293283e+01   0.000000e+00 -1.652417e+00) 
9.2	(   1.146642e+00   0.000000e+00 -4.721100e+00) (   5.733208e+00   0.000000e+00 -5.254810e+00) (   1.146642e+01   0.000000e+00 -5.136867e+00) (   1.719963e+01   0.000000e+00 -1.231950e+00) (   2.293283e+01   0.000000e+00 -1.652389e+00) 
9.3	(   1.146642e+00   0.000000e+00 -4.727795e+00) (   5.733208e+00   0.000000e+00 -5.221850e+00) (   1.146642e+01   0.000000e+00 -5.153033e+00) (   1.719963e+01   0.000000e+00 -1.228515e+00) (   2.293283e+01   0.000000e+00 -1.652377e+00) 
9.4	(   1.146642e+00   0.000000e+00 -4.738474e+00) (   5.733208e+00   0.000000e+00 -5.184497e+00) (   1.146642e+01   0.000000e+00 -5.174137e+00) (   1.719963e+01   0.000000e+00 -1.224163e+00) (   2.293283e+01   0.000000e+00 -1.652381e+00) 
9.5	(   1.146642e+00   0.000000e+00 -4.752779e+00) (   5.733208e+00   0.000000e+00 -5.145082e+00) (   1.146642e+01   0.000000e+00 -5.199433e+00) (   1.719963e+01   0.000000e+00 -1.219012e+00) (   2.293283e+01   0.000000e+00 -1.652400e+00) 
9.6	(   1.146642e+00   0.000000e+00 -4.770109e+00) (   5.733208e+00   0.000000e+00 -5.105859e+00) (   1.146642e+01   0.000000e+00 -5.227744e+00) (   1.719963e+01   0.000000e+00 -1.213233e+00) (   2.293283e+01   0.000000e+00 -1.652431e+00) 
9.7	(   1.146642e+00   0.000000e+00 -4.789677e+00) (   5.733208e+00   0.000000e+00 -5.069073e+00) (   1.146642e+01   0.000000e+00 -5.257637e+00) (   1.719963e+01   0.000000e+00 -1.207054e+00) (   2.293283e+01   0.000000e+00 -1.652473e+00) 
9.8	(   1.146642e+00   0.000000e+00 -4.810283e+00) (   5.733208e+00   0.000000e+00 -5.036361e+00) (   1.146642e+01   0.000000e+00 -5.287588e+00) (   1.719963e+01   0.000000e+00 -1.200752e+00) (   2.293283e+01   0.000000e+00 -1.652519e+00) 
9.9	(   1.146642e+00   0.000000e+00 -4.831029e+00) (   5.733208e+00   0.000000e+00 -5.009375e+00) (   1.146642e+01   0.000000e+00 -5.315757e+00) (   1.719963e+01   0.000000e+00 -1.194657e+00) (   2.293283e+01   0.000000e+00 -1.652565e+00) 
10	(   1.146642e+00   0.000000e+00 -4.850571e+00) (   5.733208e+00   0.000000e+00 -4.989400e+00) (   1.146642e+01   0.000000e+00 -5.340236e+00) (   1.719963e+01   0.000000e+00 -1.189123e+00) (   2.293283e+01   0.000000e+00 -1.652605e+00) 
10.1	(   1.146642e+00   0.000000e+00 -4.867399e+00) (   5.733208e+00   0.000000e+00 -4.977283e+00) (   1.146642e+01   0.000000e+00 -5.359317e+00) (   1.719963e+01   0.000000e+00 -1.184466e+00) (   2.293283e+01   0.000000e+00 -1.652634e+00) 
10.2	(   1.146642e+00   0.000000e+00 -4.881110e+00) (   5.733208e+00   0.000000e+00 -4.973292e+00) (   1.146642e+01   0.000000e+00 -5.371863e+00) (   1.719963e+01   0.000000e+00 -1.181004e+00) (   2.293283e+01   0.000000e+00 -1.652648e+00) 
10.3	(   1.146642e+00   0.000000e+00 -4.891412e+00) (   5.733208e+00   0.000000e+00 -4.977413e+00) (   1.146642e+01   0.000000e+00 -5.376563e+00) (   1.719963e+01   0.000000e+00 -1.179009e+00) (   2.293283e+01   0.000000e+00 -1.652643e+00) 
10.4	(   1.146642e+00   0.000000e+00 -4.896670e+00) (   5.733208e+00   0.000000e+00 -4.989655e+00) (   1.146642e+01   0.000000e+00 -5.372264e+00) (   1.719963e+01   0.000000e+00 -1.178702e+00) (   2.293283e+01   0.000000e+00 -1.652617e+00) 
10.5	(   1.146642e+00   0.000000e+00 -4.895888e+00) (   5.733208e+00   0.000000e+00 -5.009780e+00) (   1.146642e+01   0.000000e+00 -5.360105e+00) (   1.719963e+01   0.000000e+00 -1.180245e+00) (   2.293283e+01   0.000000e+00 -1.652571e+00) 
10.6	(   1.146642e+00   0.000000e+00 -4.888894e+00) (   5.733208e+00   0.000000e+00 -5.036582e+00) (   1.146642e+01   0.000000e+00 -5.340393e+00) (   1.719963e+01   0.000000e+00 -1.183725e+00) (   2.293283e+01   0.000000e+00 -1.652506e+00) 
10.7	(   1.146642e+00   0.000000e+00 -4.876788e+00) (   5.733208e+00   0.000000e+00 -5.068748e+00) (   1.146642e+01   0.000000e+00 -5.314289e+00) (   1.719963e+01   0.000000e+00 -1.189158e+00) (   2.293283e+01   0.000000e+00 -1.652427e+00) 
10.8	(   1.146642e+00   0.000000e+00 -4.862482e+00) (   5.733208e+00   0.000000e+00 -5.104920e+00) (   1.146642e+01   0.000000e+00 -5.283439e+00) (   1.719963e+01   0.000000e+00 -1.196429e+00) (   2.293283e+01   0.000000e+00 -1.652337e+00) 
10.9	(   1.146642e+00   0.000000e+00 -4.845367e+00) (   5.733208e+00   0.000000e+00 -5.143186e+00) (   1.146642e+01   0.000000e+00 -5.249746e+00) (   1.719963e+01   0.000000e+00 -1.205279e+00) (   2.293283e+01   0.000000e+00 -1.652246e+00) 
11	(   1.146642e+00   0.000000e+00 -4.826421e+00) (   5.733208e+00   0.000000e+00 -5.181503e+00) (   1.146642e+01   0.000000e+00 -5.215046e+00) (   1.719963e+01   0.000000e+00 -1.215326e+00) (   2.293283e+01   0.000000e+00 -1.652157e+00) 
11.1	(   1.146642e+00   0.000000e+00 -4.806663e+00) (   5.733208e+00   0.000000e+00 -5.217914e+00) (   1.146642e+01   0.000000e+00 -5.181326e+00) (   1.719963e+01   0.000000e+00 -1.226072e+00) (   2.293283e+01   0.000000e+00 -1.652080e+00) 
11.2	(   1.146642e+00   0.000000e+00 -4.787084e+00) (   5.733208e+00   0.000000e+00 -5.250225e+00) (   1.146642e+01   0.000000e+00 -5.150330e+00) (   1.719963e+01   0.000000e+00 -1.236959e+00) (   2.293283e+01   0.000000e+00 -1.652023e+00) 
11.3	(   1.146642e+00   0.000000e+00 -4.768493e+00) (   5.733208e+00   0.000000e+00 -5.276805e+00) (   1.146642e+01   0.000000e+00 -5.123584e+00) (   1.719963e+01   0.000000e+00 -1.247372e+00) (   2.293283e+01   0.000000e+00 -1.651990e+00) 
11.4	(   1.146642e+00   0.000000e+00 -4.751811e+00) (   5.733208e+00   0.000000e+00 -5.297251e+00) (   1.146642e+01   0.000000e+00 -5.102405e+00) (   1.719963e+01   0.000000e+00 -1.256631e+00) (   2.293283e+01   0.000000e+00 -1.651987e+00) 
11.5	(   1.146642e+00   0.000000e+00 -4.738037e+00) (   5.733208e+00   0.000000e+00 -5.309016e+00) (   1.146642e+01   0.000000e+00 -5.087878e+00) (   1.719963e+01   0.000000e+00 -1.264117e+00) (   2.293283e+01   0.000000e+00 -1.652021e+00) 
11.6	(   1.146642e+00   0.000000e+00 -4.727831e+00) (   5.733208e+00   0.000000e+00 -5.310034e+00) (   1.146642e+01   0.000000e+00 -5.080682e+00) (   1.719963e+01   0.000000e+00 -1.269285e+00) (   2.293283e+01   0.000000e+00 -1.652095e+00) 
11.7	(   1.146642e+00   0.000000e+00 -4.721412e+00) (   5.733208e+00   0.000000e+00 -5.299911e+00) (   1.146642e+01   0.000000e+00 -5.081275e+00) (   1.719963e+01   0.000000e+00 -1.271696e+00) (   2.293283e+01   0.000000e+00 -1.652212e+00) 
11.8	(   1.146642e+00   0.000000e+00 -4.719081e+00) (   5.733208e+00   0.000000e+00 -5.280306e+00) (   1.146642e+01   0.000000e+00 -5.089803e+00) (   1.719963e+01   0.000000e+00 -1.271065e+00) (   2.293283e+01   0.000000e+00 -1.652374e+00) 
11.9	(   1.146642e+00   0.000000e+00 -4.721054e+00) (   5.733208e+00   0.000000e+00 -5.254660e+00) (   1.146642e+01   0.000000e+00 -5.106049e+00) (   1.719963e+01   0.000000e+00 -1.267303e+00) (   2.293283e+01   0.000000e+00 -1.652580e+00) 
12	(   1.146642e+00   0.000000e+00 -4.727358e+00) (   5.733208e+00   0.000000e+00 -5.222597e+00) (   1.146642e+01   0.000000e+00 -5.129387e+00) (   1.719963e+01   0.000000e+00 -1.260543e+00) (   2.293283e+01   0.000000e+00 -1.652829e+00) 
12.1	(   1.146642e+00   0.000000e+00 -4.737671e+00) (   5.733208e+00   0.000000e+00 -5.186125e+00) (   1.146642e+01   0.000000e+00 -5.158765e+00) (   1.719963e+01   0.000000e+00 -1.251106e+00) (   2.293283e+01   0.000000e+00 -1.653107e+00) 
12.2	(   1.146642e+00   0.000000e+00 -4.751628e+00) (   5.733208e+00   0.000000e+00 -5.147450e+00) (   1.146642e+01   0.000000e+00 -5.192861e+00) (   1.719963e+01   0.000000e+00 -1.239523e+00) (   2.293283e+01   0.000000e+00 -1.653401e+00) 
12.3	(   1.146642e+00   0.000000e+00 -4.768672e+00) (   5.733208e+00   0.000000e+00 -5.108741e+00) (   1.146642e+01   0.000000e+00 -5.229892e+00) (   1.719963e+01   0.000000e+00 -1.226440e+00) (   2.293283e+01   0.000000e+00 -1.653697e+00) 
12.4	(   1.146642e+00   0.000000e+00 -4.788035e+00) (   5.733208e+00   0.000000e+00 -5.072208e+00) (   1.146642e+01   0.000000e+00 -5.267775e+00) (   1.719963e+01   0.000000e+00 -1.212543e+00) (   2.293283e+01   0.000000e+00 -1.653970e+00) 
12.5	(   1.146642e+00   0.000000e+00 -4.808535e+00) (   5.733208e+00   0.000000e+00 -5.039490e+00) (   1.146642e+01   0.000000e+00 -5.304448e+00) (   1.719963e+01   0.000000e+00 -1.198590e+00) (   2.293283e+01   0.000000e+00 -1.654194e+00) 
12.6	(   1.146642e+00   0.000000e+00 -4.829250e+00) (   5.733208e+00   0.000000e+00 -5.012226e+00) (   1.146642e+01   0.000000e+00 -5.337483e+00) (   1.719963e+01   0.000000e+00 -1.185396e+00) (   2.293283e+01   0.000000e+00 -1.654346e+00) 
12.7	(   1.146642e+00   0.000000e+00 -4.848909e+00) (   5.733208e+00   0.000000e+00 -4.991703e+00) (   1.146642e+01   0.000000e+00 -5.364777e+00) (   1.719963e+01   0.000000e+00 -1.173622e+00) (   2.293283e+01   0.000000e+00 -1.654406e+00) 
12.8	(   1.146642e+00   0.000000e+00 -4.865965e+00) (   5.733208e+00   0.000000e+00 -4.978836e+00) (   1.146642e+01   0.000000e+00 -5.385600e+00) (   1.719963e+01   0.000000e+00 -1.163922e+00) (   2.293283e+01   0.000000e+00 -1.654362e+00) 
12.9	(   1.146642e+00   0.000000e+00 -4.879863e+00) (   5.733208e+00   0.000000e+00 -4.973959e+00) (   1.146642e+01   0.000000e+00 -5.397694e+00) (   1.719963e+01   0.000000e+00 -1.156825e+00) (   2.293283e+01   0.000000e+00 -1.654209e+00) 
13	(   1.146642e+00   0.000000e+00 -4.890466e+00) (   5.733208e+00   0.000000e+00 -4.977097e+00) (   1.146642e+01   0.000000e+00 -5.398944e+00) (   1.719963e+01   0.000000e+00 -1.152740e+00) (   2.293283e+01   0.000000e+00 -1.653953e+00) 
13.1	(   1.146642e+00   0.000000e+00 -4.896164e+00) (   5.733208e+00   0.000000e+00 -4.988263e+00) (   1.146642e+01   0.000000e+00 -5.389029e+00) (   1.719963e+01   0.000000e+00 -1.151950e+00) (   2.293283e+01   0.000000e+00 -1.653609e+00) 
13.2	(   1.146642e+00   0.000000e+00 -4.895904e+00) (   5.733208e+00   0.000000e+00 -5.007389e+00) (   1.146642e+01   0.000000e+00 -5.370248e+00) (   1.719963e+01   0.000000e+00 -1.154590e+00) (   2.293283e+01   0.000000e+00 -1.653205e+00) 
13.3	(   1.146642e+00   0.000000e+00 -4.889451e+00) (   5.733208e+00   0.000000e+00 -5.033357e+00) (   1.146642e+01   0.000000e+00 -5.345030e+00) (   1.719963e+01   0.000000e+00 -1.160629e+00) (   2.293283e+01   0.000000e+00 -1.652768e+00) 
13.4	(   1.146642e+00   0.000000e+00 -4.877728e+00) (   5.733208e+00   0.000000e+00 -5.064934e+00) (   1.146642e+01   0.000000e+00 -5.313825e+00) (   1.719963e+01   0.000000e+00 -1.169850e+00) (   2.293283e+01   0.000000e+00 -1.652328e+00) 
13.5	(   1.146642e+00   0.000000e+00 -4.863710e+00) (   5.733208e+00   0.000000e+00 -5.100811e+00) (   1.146642e+01   0.000000e+00 -5.278702e+00) (   1.719963e+01   0.000000e+00 -1.181840e+00) (   2.293283e+01   0.000000e+00 -1.651912e+00) 
13.6	(   1.146642e+00   0.000000e+00 -4.846887e+00) (   5.733208e+00   0.000000e+00 -5.139174e+00) (   1.146642e+01   0.000000e+00 -5.241750e+00) (   1.719963e+01   0.000000e+00 -1.196074e+00) (   2.293283e+01   0.000000e+00 -1.651540e+00) 
13.7	(   1.146642e+00   0.000000e+00 -4.828161e+00) (   5.733208e+00   0.000000e+00 -5.177960e+00) (   1.146642e+01   0.000000e+00 -5.204985e+00) (   1.719963e+01   0.000000e+00 -1.211800e+00) (   2.293283e+01   0.000000e+00 -1.651228e+00) 
13.8	(   1.146642e+00   0.000000e+00 -4.808525e+00) (   5.733208e+00   0.000000e+00 -5.215186e+00) (   1.146642e+01   0.000000e+00 -5.170414e+00) (   1.719963e+01   0.000000e+00 -1.228146e+00) (   2.293283e+01   0.000000e+00 -1.650982e+00) 
13.9	(   1.146642e+00   0.000000e+00 -4.788994e+00) (   5.733208e+00   0.000000e+00 -5.248568e+00) (   1.146642e+01   0.000000e+00 -5.139615e+00) (   1.719963e+01   0.000000e+00 -1.244251e+00) (   2.293283e+01   0.000000e+00 -1.650806e+00) 
14	(   1.146642e+00   0.000000e+00 -4.770364e+00) (   5.733208e+00   0.000000e+00 -5.276306e+00) (   1.146642e+01   0.000000e+00 -5.114016e+00) (   1.719963e+01   0.000000e+00 -1.259124e+00) (   2.293283e+01   0.000000e+00 -1.650699e+00) 
14.1	(   1.146642e+00   0.000000e+00 -4.753534e+00) (   5.733208e+00   0.000000e+00 -5.298000e+00) (   1.146642e+01   0.000000e+00 -5.094726e+00) (   1.719963e+01   0.000000e+00 -1.271791e+00) (   2.293283e+01   0.000000e+00 -1.650655e+00) 
14.2	(   1.146642e+00   0.000000e+00 -4.739520e+00) (   5.733208e+00   0.000000e+00 -5.310973e+00) (   1.146642e+01   0.000000e+00 -5.082571e+00) (   1.719963e+01   0.000000e+00 -1.281432e+00) (   2.293283e+01   0.000000e+00 -1.650677e+00) 
14.3	(   1.146642e+00   0.000000e+00 -4.729009e+00) (   5.733208e+00   0.000000e+00 -5.312943e+00) (   1.146642e+01   0.000000e+00 -5.077953e+00) (   1.719963e+01   0.000000e+00 -1.287559e+00) (   2.293283e+01   0.000000e+00 -1.650773e+00) 
14.4	(   1.146642e+00   0.000000e+00 -4.722243e+00) (   5.733208e+00   0.000000e+00 -5.303402e+00) (   1.146642e+01   0.000000e+00 -5.081065e+00) (   1.719963e+01   0.000000e+00 -1.289426e+00) (   2.293283e+01   0.000000e+00 -1.650955e+00) 
14.5	(   1.146642e+00   0.000000e+00 -4.719516e+00) (   5.733208e+00   0.000000e+00 -5.283726e+00) (   1.146642e+01   0.000000e+00 -5.091802e+00) (   1.719963e+01   0.000000e+00 -1.286580e+00) (   2.293283e+01   0.000000e+00 -1.651243e+00) 
14.6	(   1.146642e+00   0.000000e+00 -4.721056e+00) (   5.733208e+00   0.000000e+00 -5.258130e+00) (   1.146642e+01   0.000000e+00 -5.109701e+00) (   1.719963e+01   0.000000e+00 -1.279853e+00) (   2.293283e+01   0.000000e+00 -1.651658e+00) 
14.7	(   1.146642e+00   0.000000e+00 -4.726917e+00) (   5.733208e+00   0.000000e+00 -5.226008e+00) (   1.146642e+01   0.000000e+00 -5.133979e+00) (   1.719963e+01   0.000000e+00 -1.269430e+00) (   2.293283e+01   0.000000e+00 -1.652216e+00) 
14.8	(   1.146642e+00   0.000000e+00 -4.736825e+00) (   5.733208e+00   0.000000e+00 -5.189301e+00) (   1.146642e+01   0.000000e+00 -5.163517e+00) (   1.719963e+01   0.000000e+00 -1.255983e+00) (   2.293283e+01   0.000000e+00 -1.652922e+00) 
14.9	(   1.146642e+00   0.000000e+00 -4.750407e+00) (   5.733208e+00   0.000000e+00 -5.150270e+00) (   1.146642e+01   0.000000e+00 -5.197057e+00) (   1.719963e+01   0.000000e+00 -1.240419e+00) (   2.293283e+01   0.000000e+00 -1.653764e+00) 
15	(   1.146642e+00   0.000000e+00 -4.767147e+00) (   5.733208e+00   0.000000e+00 -5.111101e+00) (   1.146642e+01   0.000000e+00 -5.232907e+00) (   1.719963e+01   0.000000e+00 -1.223717e+00) (   2.293283e+01   0.000000e+00 -1.654707e+00) 
15.1	(   1.146642e+00   0.000000e+00 -4.786300e+00) (   5.733208e+00   0.000000e+00 -5.074048e+00) (   1.146642e+01   0.000000e+00 -5.269220e+00) (   1.719963e+01   0.000000e+00 -1.206808e+00) (   2.293283e+01   0.000000e+00 -1.655684e+00) 
15.2	(   1.146642e+00   0.000000e+00 -4.806711e+00) (   5.733208e+00   0.000000e+00 -5.040833e+00) (   1.146642e+01   0.000000e+00 -5.304173e+00) (   1.719963e+01   0.000000e+00 -1.190648e+00) (   2.293283e+01   0.000000e+00 -1.656614e+00) 
15.3	(   1.146642e+00   0.000000e+00 -4.827419e+00) (   5.733208e+00   0.000000e+00 -5.013115e+00) (   1.146642e+01   0.000000e+00 -5.335629e+00) (   1.719963e+01   0.000000e+00 -1.176058e+00) (   2.293283e+01   0.000000e+00 -1.657392e+00) 
15.4	(   1.146642e+00   0.000000e+00 -4.847221e+00) (   5.733208e+00   0.000000e+00 -4.992224e+00) (   1.146642e+01   0.000000e+00 -5.361704e+00) (   1.719963e+01   0.000000e+00 -1.163757e+00) (   2.293283e+01   0.000000e+00 -1.657925e+00) 
15.5	(   1.146642e+00   0.000000e+00 -4.864533e+00) (   5.733208e+00   0.000000e+00 -4.979079e+00) (   1.146642e+01   0.000000e+00 -5.381624e+00) (   1.719963e+01   0.000000e+00 -1.154322e+00) (   2.293283e+01   0.000000e+00 -1.658141e+00) 
15.6	(   1.146642e+00   0.000000e+00 -4.878654e+00) (   5.733208e+00   0.000000e+00 -4.974000e+00) (   1.146642e+01   0.000000e+00 -5.393623e+00) (   1.719963e+01   0.000000e+00 -1.148170e+00) (   2.293283e+01   0.000000e+00 -1.658000e+00) 
15.7	(   1.146642e+00   0.000000e+00 -4.889582e+00) (   5.733208e+00   0.000000e+00 -4.976981e+00) (   1.146642e+01   0.000000e+00 -5.395668e+00) (   1.719963e+01   0.000000e+00 -1.145594e+00) (   2.293283e+01   0.000000e+00 -1.657509e+00) 
15.8	(   1.146642e+00   0.000000e+00 -4.895761e+00) (   5.733208e+00   0.000000e+00 -4.987980e+00) (   1.146642e+01   0.000000e+00 -5.387169e+00) (   1.719963e+01   0.000000e+00 -1.146662e+00) (   2.293283e+01   0.000000e+00 -1.656717e+00) 
15.9	(   1.146642e+00   0.000000e+00 -4.896075e+00) (   5.733208e+00   0.000000e+00 -5.006899e+00) (   1.146642e+01   0.000000e+00 -5.369982e+00) (   1.719963e+01   0.000000e+00 -1.151353e+00) (   2.293283e+01   0.000000e+00 -1.655709e+00) 
16	(   1.146642e+00   0.000000e+00 -4.890211e+00) (   5.733208e+00   0.000000e+00 -5.032593e+00) (   1.146642e+01   0.000000e+00 -5.346180e+00) (   1.719963e+01   0.000000e+00 -1.159454e+00) (   2.293283e+01   0.000000e+00 -1.654592e+00) 
16.1	(   1.146642e+00   0.000000e+00 -4.878915e+00) (   5.733208e+00   0.000000e+00 -5.063813e+00) (   1.146642e+01   0.000000e+00 -5.316186e+00) (   1.719963e+01   0.000000e+00 -1.170594e+00) (   2.293283e+01   0.000000e+00 -1.653475e+00) 
16.2	(   1.146642e+00   0.000000e+00 -4.865148e+00) (   5.733208e+00   0.000000e+00 -5.099253e+00) (   1.146642e+01   0.000000e+00 -5.281915e+00) (   1.719963e+01   0.000000e+00 -1.184256e+00) (   2.293283e+01   0.000000e+00 -1.652451e+00) 
16.3	(   1.146642e+00   0.000000e+00 -4.848596e+00) (   5.733208e+00   0.000000e+00 -5.137152e+00) (   1.146642e+01   0.000000e+00 -5.245440e+00) (   1.719963e+01   0.000000e+00 -1.199862e+00) (   2.293283e+01   0.000000e+00 -1.651591e+00) 
16.4	(   1.146642e+00   0.000000e+00 -4.830038e+00) (   5.733208e+00   0.000000e+00 -5.175490e+00) (   1.146642e+01   0.000000e+00 -5.208766e+00) (   1.719963e+01   0.000000e+00 -1.216600e+00) (   2.293283e+01   0.000000e+00 -1.650934e+00) 
16.5	(   1.146642e+00   0.000000e+00 -4.810463e+00) (   5.733208e+00   0.000000e+00 -5.212359e+00) (   1.146642e+01   0.000000e+00 -5.173966e+00) (   1.719963e+01   0.000000e+00 -1.233585e+00) (   2.293283e+01   0.000000e+00 -1.650481e+00) 
16.6	(   1.146642e+00   0.000000e+00 -4.790908e+00) (   5.733208e+00   0.000000e+00 -5.245538e+00) (   1.146642e+01   0.000000e+00 -5.142732e+00) (   1.719963e+01   0.000000e+00 -1.249951e+00) (   2.293283e+01   0.000000e+00 -1.650209e+00) 
16.7	(   1.146642e+00   0.000000e+00 -4.772174e+00) (   5.733208e+00   0.000000e+00 -5.273160e+00) (   1.146642e+01   0.000000e+00 -5.116568e+00) (   1.719963e+01   0.000000e+00 -1.264655e+00) (   2.293283e+01   0.000000e+00 -1.650070e+00) 
16.8	(   1.146642e+00   0.000000e+00 -4.755151e+00) (   5.733208e+00   0.000000e+00 -5.294845e+00) (   1.146642e+01   0.000000e+00 -5.096663e+00) (   1.719963e+01   0.000000e+00 -1.276750e+00) (   2.293283e+01   0.000000e+00 -1.650013e+00) 
16.9	(   1.146642e+00   0.000000e+00 -4.740864e+00) (   5.733208e+00   0.000000e+00 -5.308196e+00) (   1.146642e+01   0.000000e+00 -5.083954e+00) (   1.719963e+01   0.000000e+00 -1.285571e+00) (   2.293283e+01   0.000000e+00 -1.650000e+00) 
17	(   1.146642e+00   0.000000e+00 -4.730045e+00) (   5.733208e+00   0.000000e+00 -5.310919e+00) (   1.146642e+01   0.000000e+00 -5.078853e+00) (   1.719963e+01   0.000000e+00 -1.290591e+00) (   2.293283e+01   0.000000e+00 -1.650018e+00) 
17.1	(   1.146642e+00   0.000000e+00 -4.722965e+00) (   5.733208e+00   0.000000e+00 -5.302364e+00) (   1.146642e+01   0.000000e+00 -5.081593e+00) (   1.719963e+01   0.000000e+00 -1.291029e+00) (   2.293283e+01   0.000000e+00 -1.650088e+00) 
17.2	(   1.146642e+00   0.000000e+00 -4.719907e+00) (   5.733208e+00   0.000000e+00 -5.283736e+00) (   1.146642e+01   0.000000e+00 -5.092083e+00) (   1.719963e+01   0.000000e+00 -1.286750e+00) (   2.293283e+01   0.000000e+00 -1.650262e+00) 
17.3	(   1.146642e+00   0.000000e+00 -4.721102e+00) (   5.733208e+00   0.000000e+00 -5.259087e+00) (   1.146642e+01   0.000000e+00 -5.109856e+00) (   1.719963e+01   0.000000e+00 -1.278853e+00) (   2.293283e+01   0.000000e+00 -1.650612e+00) 
17.4	(   1.146642e+00   0.000000e+00 -4.726612e+00) (   5.733208e+00   0.000000e+00 -5.227884e+00) (   1.146642e+01   0.000000e+00 -5.134097e+00) (   1.719963e+01   0.000000e+00 -1.267462e+00) (   2.293283e+01   0.000000e+00 -1.651206e+00) 
17.5	(   1.146642e+00   0.000000e+00 -4.736191e+00) (   5.733208e+00   0.000000e+00 -5.192006e+00) (   1.146642e+01   0.000000e+00 -5.163648e+00) (   1.719963e+01   0.000000e+00 -1.253353e+00) (   2.293283e+01   0.000000e+00 -1.652095e+00) 
17.6	(   1.146642e+00   0.000000e+00 -4.749441e+00) (   5.733208e+00   0.000000e+00 -5.153698e+00) (   1.146642e+01   0.000000e+00 -5.197203e+00) (   1.719963e+01   0.000000e+00 -1.237483e+00) (   2.293283e+01   0.000000e+00 -1.653289e+00) 
17.7	(   1.146642e+00   0.000000e+00 -4.765876e+00) (   5.733208e+00   0.000000e+00 -5.115064e+00) (   1.146642e+01   0.000000e+00 -5.233032e+00) (   1.719963e+01   0.000000e+00 -1.220799e+00) (   2.293283e+01   0.000000e+00 -1.654750e+00) 
17.8	(   1.146642e+00   0.000000e+00 -4.784752e+00) (   5.733208e+00   0.000000e+00 -5.078335e+00) (   1.146642e+01   0.000000e+00 -5.269267e+00) (   1.719963e+01   0.000000e+00 -1.204219e+00) (   2.293283e+01   0.000000e+00 -1.656382e+00) 
17.9	(   1.146642e+00   0.000000e+00 -4.804958e+00) (   5.733208e+00   0.000000e+00 -5.045252e+00) (   1.146642e+01   0.000000e+00 -5.304087e+00) (   1.719963e+01   0.000000e+00 -1.188638e+00) (   2.293283e+01   0.000000e+00 -1.658027e+00) 
18	(   1.146642e+00   0.000000e+00 -4.825487e+00) (   5.733208e+00   0.000000e+00 -5.017451e+00) (   1.146642e+01   0.000000e+00 -5.335369e+00) (   1.719963e+01   0.000000e+00 -1.174788e+00) (   2.293283e+01   0.000000e+00 -1.659500e+00) 
18.1	(   1.146642e+00   0.000000e+00 -4.845214e+00) (   5.733208e+00   0.000000e+00 -4.996252e+00) (   1.146642e+01   0.000000e+00 -5.361264e+00) (   1.719963e+01   0.000000e+00 -1.163303e+00) (   2.293283e+01   0.000000e+00 -1.660608e+00) 
18.2	(   1.146642e+00   0.000000e+00 -4.862550e+00) (   5.733208e+00   0.000000e+00 -4.982618e+00) (   1.146642e+01   0.000000e+00 -5.381011e+00) (   1.719963e+01   0.000000e+00 -1.154672e+00) (   2.293283e+01   0.000000e+00 -1.661195e+00) 
18.3	(   1.146642e+00   0.000000e+00 -4.876656e+00) (   5.733208e+00   0.000000e+00 -4.976961e+00) (   1.146642e+01   0.000000e+00 -5.392919e+00) (   1.719963e+01   0.000000e+00 -1.149235e+00) (   2.293283e+01   0.000000e+00 -1.661177e+00) 
18.4	(   1.146642e+00   0.000000e+00 -4.887682e+00) (   5.733208e+00   0.000000e+00 -4.979312e+00) (   1.146642e+01   0.000000e+00 -5.394993e+00) (   1.719963e+01   0.000000e+00 -1.147212e+00) (   2.293283e+01   0.000000e+00 -1.660550e+00) 
18.5	(   1.146642e+00   0.000000e+00 -4.894292e+00) (   5.733208e+00   0.000000e+00 -4.989662e+00) (   1.146642e+01   0.000000e+00 -5.386644e+00) (   1.719963e+01   0.000000e+00 -1.148620e+00) (   2.293283e+01   0.000000e+00 -1.659402e+00) 
18.6	(   1.146642e+00   0.000000e+00 -4.895356e+00) (   5.733208e+00   0.000000e+00 -5.007880e+00) (   1.146642e+01   0.000000e+00 -5.369718e+00) (   1.719963e+01   0.000000e+00 -1.153368e+00) (   2.293283e+01   0.000000e+00 -1.657891e+00) 
18.7	(   1.146642e+00   0.000000e+00 -4.890427e+00) (   5.733208e+00   0.000000e+00 -5.032902e+00) (   1.146642e+01   0.000000e+00 -5.346205e+00) (   1.719963e+01   0.000000e+00 -1.161210e+00) (   2.293283e+01   0.000000e+00 -1.656207e+00) 
18.8	(   1.146642e+00   0.000000e+00 -4.880000e+00) (   5.733208e+00   0.000000e+00 -5.063480e+00) (   1.146642e+01   0.000000e+00 -5.316577e+00) (   1.719963e+01   0.000000e+00 -1.171794e+00) (   2.293283e+01   0.000000e+00 -1.654536e+00) 
18.9	(   1.146642e+00   0.000000e+00 -4.866826e+00) (   5.733208e+00   0.000000e+00 -5.098318e+00) (   1.146642e+01   0.000000e+00 -5.282733e+00) (   1.719963e+01   0.000000e+00 -1.184679e+00) (   2.293283e+01   0.000000e+00 -1.653035e+00) 
19	(   1.146642e+00   0.000000e+00 -4.850906e+00) (   5.733208e+00   0.000000e+00 -5.135687e+00) (   1.146642e+01   0.000000e+00 -5.246729e+00) (   1.719963e+01   0.000000e+00 -1.199404e+00) (   2.293283e+01   0.000000e+00 -1.651814e+00) 
19.1	(   1.146642e+00   0.000000e+00 -4.832860e+00) (   5.733208e+00   0.000000e+00 -5.173573e+00) (   1.146642e+01   0.000000e+00 -5.210531e+00) (   1.719963e+01   0.000000e+00 -1.215287e+00) (   2.293283e+01   0.000000e+00 -1.650927e+00) 
19.2	(   1.146642e+00   0.000000e+00 -4.813681e+00) (   5.733208e+00   0.000000e+00 -5.210086e+00) (   1.146642e+01   0.000000e+00 -5.176164e+00) (   1.719963e+01   0.000000e+00 -1.231574e+00) (   2.293283e+01   0.000000e+00 -1.650368e+00) 
19.3	(   1.146642e+00   0.000000e+00 -4.794373e+00) (   5.733208e+00   0.000000e+00 -5.243037e+00) (   1.146642e+01   0.000000e+00 -5.145288e+00) (   1.719963e+01   0.000000e+00 -1.247505e+00) (   2.293283e+01   0.000000e+00 -1.650082e+00) 
19.4	(   1.146642e+00   0.000000e+00 -4.775731e+00) (   5.733208e+00   0.000000e+00 -5.270506e+00) (   1.146642e+01   0.000000e+00 -5.119333e+00) (   1.719963e+01   0.000000e+00 -1.262124e+00) (   2.293283e+01   0.000000e+00 -1.649981e+00) 
19.5	(   1.146642e+00   0.000000e+00 -4.758628e+00) (   5.733208e+00   0.000000e+00 -5.292056e+00) (   1.146642e+01   0.000000e+00 -5.099436e+00) (   1.719963e+01   0.000000e+00 -1.274508e+00) (   2.293283e+01   0.000000e+00 -1.649970e+00) 
19.6	(   1.146642e+00   0.000000e+00 -4.744072e+00) (   5.733208e+00   0.000000e+00 -5.305558e+00) (   1.146642e+01   0.000000e+00 -5.086489e+00) (   1.719963e+01   0.000000e+00 -1.283915e+00) (   2.293283e+01   0.000000e+00 -1.649975e+00) 
19.7	(   1.146642e+00   0.000000e+00 -4.732831e+00) (   5.733208e+00   0.000000e+00 -5.308737e+00) (   1.146642e+01   0.000000e+00 -5.080898e+00) (   1.719963e+01   0.000000e+00 -1.289837e+00) (   2.293283e+01   0.000000e+00 -1.649970e+00) 
19.8	(   1.146642e+00   0.000000e+00 -4.725249e+00) (   5.733208e+00   0.000000e+00 -5.300864e+00) (   1.146642e+01   0.000000e+00 -5.082884e+00) (   1.719963e+01   0.000000e+00 -1.291384e+00) (   2.293283e+01   0.000000e+00 -1.649984e+00) 
19.9	(   1.146642e+00   0.000000e+00 -4.721594e+00) (   5.733208e+00   0.000000e+00 -5.283066e+00) (   1.146642e+01   0.000000e+00 -5.092389e+00) (   1.719963e+01   0.000000e+00 -1.288114e+00) (   2.293283e+01   0.000000e+00 -1.650099e+00) 
20	(   1.146642e+00   0.000000e+00 -4.722118e+00) (   5.733208e+00   0.000000e+00 -5.259172e+00) (   1.146642e+01   0.000000e+00 -5.109004e+00) (   1.719963e+01   0.000000e+00 -1.280898e+00) (   2.293283e+01   0.000000e+00 -1.650417e+00) 
20.1	(   1.146642e+00   0.000000e+00 -4.726907e+00) (   5.733208e+00   0.000000e+00 -5.228716e+00) (   1.146642e+01   0.000000e+00 -5.132003e+00) (   1.719963e+01   0.000000e+00 -1.269968e+00) (   2.293283e+01   0.000000e+00 -1.651034e+00) 
20.2	(   1.146642e+00   0.000000e+00 -4.735768e+00) (   5.733208e+00   0.000000e+00 -5.193566e+00) (   1.146642e+01   0.000000e+00 -5.160333e+00) (   1.719963e+01   0.000000e+00 -1.255915e+00) (   2.293283e+01   0.000000e+00 -1.652014e+00) 
20.3	(   1.146642e+00   0.000000e+00 -4.748285e+00) (   5.733208e+00   0.000000e+00 -5.155940e+00) (   1.146642e+01   0.000000e+00 -5.192787e+00) (   1.719963e+01   0.000000e+00 -1.239686e+00) (   2.293283e+01   0.000000e+00 -1.653360e+00) 
20.4	(   1.146642e+00   0.000000e+00 -4.764006e+00) (   5.733208e+00   0.000000e+00 -5.117885e+00) (   1.146642e+01   0.000000e+00 -5.227782e+00) (   1.719963e+01   0.000000e+00 -1.222340e+00) (   2.293283e+01   0.000000e+00 -1.655014e+00) 
20.5	(   1.146642e+00   0.000000e+00 -4.782208e+00) (   5.733208e+00   0.000000e+00 -5.081589e+00) (   1.146642e+01   0.000000e+00 -5.263519e+00) (   1.719963e+01   0.000000e+00 -1.204922e+00) (   2.293283e+01   0.000000e+00 -1.656840e+00) 
20.6	(   1.146642e+00   0.000000e+00 -4.801847e+00) (   5.733208e+00   0.000000e+00 -5.048789e+00) (   1.146642e+01   0.000000e+00 -5.298248e+00) (   1.719963e+01   0.000000e+00 -1.188502e+00) (   2.293283e+01   0.000000e+00 -1.658649e+00) 
20.7	(   1.146642e+00   0.000000e+00 -4.821923e+00) (   5.733208e+00   0.000000e+00 -5.021049e+00) (   1.146642e+01   0.000000e+00 -5.329897e+00) (   1.719963e+01   0.000000e+00 -1.173975e+00) (   2.293283e+01   0.000000e+00 -1.660232e+00) 
20.8	(   1.146642e+00   0.000000e+00 -4.841435e+00) (   5.733208e+00   0.000000e+00 -4.999651e+00) (   1.146642e+01   0.000000e+00 -5.356556e+00) (   1.719963e+01   0.000000e+00 -1.162068e+00) (   2.293283e+01   0.000000e+00 -1.661365e+00) 
20.9	(   1.146642e+00   0.000000e+00 -4.858880e+00) (   5.733208e+00   0.000000e+00 -4.985583e+00) (   1.146642e+01   0.000000e+00 -5.377156e+00) (   1.719963e+01   0.000000e+00 -1.153300e+00) (   2.293283e+01   0.000000e+00 -1.661888e+00) 
21	(   1.146642e+00   0.000000e+00 -4.873264e+00) (   5.733208e+00   0.000000e+00 -4.979261e+00) (   1.146642e+01   0.000000e+00 -5.390439e+00) (   1.719963e+01   0.000000e+00 -1.147966e+00) (   2.293283e+01   0.000000e+00 -1.661728e+00) 
21.1	(   1.146642e+00   0.000000e+00 -4.884778e+00) (   5.733208e+00   0.000000e+00 -4.980745e+00) (   1.146642e+01   0.000000e+00 -5.394267e+00) (   1.719963e+01   0.000000e+00 -1.146191e+00) (   2.293283e+01   0.000000e+00 -1.660906e+00) 
21.2	(   1.146642e+00   0.000000e+00 -4.892402e+00) (   5.733208e+00   0.000000e+00 -4.990006e+00) (   1.146642e+01   0.000000e+00 -5.387755e+00) (   1.719963e+01   0.000000e+00 -1.147843e+00) (   2.293283e+01   0.000000e+00 -1.659551e+00) 
21.3	(   1.146642e+00   0.000000e+00 -4.894795e+00) (   5.733208e+00   0.000000e+00 -5.006958e+00) (   1.146642e+01   0.000000e+00 -5.372199e+00) (   1.719963e+01   0.000000e+00 -1.152776e+00) (   2.293283e+01   0.000000e+00 -1.657852e+00) 
21.4	(   1.146642e+00   0.000000e+00 -4.891160e+00) (   5.733208e+00   0.000000e+00 -5.030635e+00) (   1.146642e+01   0.000000e+00 -5.350016e+00) (   1.719963e+01   0.000000e+00 -1.160719e+00) (   2.293283e+01   0.000000e+00 -1.656031e+00) 
21.5	(   1.146642e+00   0.000000e+00 -4.881693e+00) (   5.733208e+00   0.000000e+00 -5.059883e+00) (   1.146642e+01   0.000000e+00 -5.321413e+00) (   1.719963e+01   0.000000e+00 -1.171356e+00) (   2.293283e+01   0.000000e+00 -1.654282e+00) 
21.6	(   1.146642e+00   0.000000e+00 -4.868931e+00) (   5.733208e+00   0.000000e+00 -5.093481e+00) (   1.146642e+01   0.000000e+00 -5.288194e+00) (   1.719963e+01   0.000000e+00 -1.184315e+00) (   2.293283e+01   0.000000e+00 -1.652764e+00) 
21.7	(   1.146642e+00   0.000000e+00 -4.853454e+00) (   5.733208e+00   0.000000e+00 -5.129849e+00) (   1.146642e+01   0.000000e+00 -5.252460e+00) (   1.719963e+01   0.000000e+00 -1.199202e+00) (   2.293283e+01   0.000000e+00 -1.651573e+00) 
21.8	(   1.146642e+00   0.000000e+00 -4.835684e+00) (   5.733208e+00   0.000000e+00 -5.167064e+00) (   1.146642e+01   0.000000e+00 -5.216116e+00) (   1.719963e+01   0.000000e+00 -1.215384e+00) (   2.293283e+01   0.000000e+00 -1.650745e+00) 
21.9	(   1.146642e+00   0.000000e+00 -4.816629e+00) (   5.733208e+00   0.000000e+00 -5.203315e+00) (   1.146642e+01   0.000000e+00 -5.181215e+00) (   1.719963e+01   0.000000e+00 -1.232111e+00) (   2.293283e+01   0.000000e+00 -1.650255e+00) 
22	(   1.146642e+00   0.000000e+00 -4.797284e+00) (   5.733208e+00   0.000000e+00 -5.236514e+00) (   1.146642e+01   0.000000e+00 -5.149530e+00) (   1.719963e+01   0.000000e+00 -1.248593e+00) (   2.293283e+01   0.000000e+00 -1.650030e+00) 
22.1	(   1.146642e+00   0.000000e+00 -4.778451e+00) (   5.733208e+00   0.000000e+00 -5.264665e+00) (   1.146642e+01   0.000000e+00 -5.122541e+00) (   1.719963e+01   0.000000e+00 -1.263795e+00) (   2.293283e+01   0.000000e+00 -1.649970e+00) 
22.2	(   1.146642e+00   0.000000e+00 -4.761005e+00) (   5.733208e+00   0.000000e+00 -5.286991e+00) (   1.146642e+01   0.000000e+00 -5.101490e+00) (   1.719963e+01   0.000000e+00 -1.276708e+00) (   2.293283e+01   0.000000e+00 -1.649976e+00) 
22.3	(   1.146642e+00   0.000000e+00 -4.745960e+00) (   5.733208e+00   0.000000e+00 -5.302024e+00) (   1.146642e+01   0.000000e+00 -5.087341e+00) (   1.719963e+01   0.000000e+00 -1.286582e+00) (   2.293283e+01   0.000000e+00 -1.649980e+00) 
22.4	(   1.146642e+00   0.000000e+00 -4.734125e+00) (   5.733208e+00   0.000000e+00 -5.307303e+00) (   1.146642e+01   0.000000e+00 -5.080594e+00) (   1.719963e+01   0.000000e+00 -1.292735e+00) (   2.293283e+01   0.000000e+00 -1.649970e+00) 
22.5	(   1.146642e+00   0.000000e+00 -4.725902e+00) (   5.733208e+00   0.000000e+00 -5.301717e+00) (   1.146642e+01   0.000000e+00 -5.081522e+00) (   1.719963e+01   0.000000e+00 -1.294102e+00) (   2.293283e+01   0.000000e+00 -1.649994e+00) 
22.6	(   1.146642e+00   0.000000e+00 -4.721562e+00) (   5.733208e+00   0.000000e+00 -5.285915e+00) (   1.146642e+01   0.000000e+00 -5.090103e+00) (   1.719963e+01   0.000000e+00 -1.290245e+00) (   2.293283e+01   0.000000e+00 -1.650147e+00) 
22.7	(   1.146642e+00   0.000000e+00 -4.721382e+00) (   5.733208e+00   0.000000e+00 -5.263507e+00) (   1.146642e+01   0.000000e+00 -5.105977e+00) (   1.719963e+01   0.000000e+00 -1.282116e+00) (   2.293283e+01   0.000000e+00 -1.650536e+00) 
22.8	(   1.146642e+00   0.000000e+00 -4.725477e+00) (   5.733208e+00   0.000000e+00 -5.234449e+00) (   1.146642e+01   0.000000e+00 -5.128436e+00) (   1.719963e+01   0.000000e+00 -1.270222e+00) (   2.293283e+01   0.000000e+00 -1.651257e+00) 
22.9	(   1.146642e+00   0.000000e+00 -4.733703e+00) (   5.733208e+00   0.000000e+00 -5.200288e+00) (   1.146642e+01   0.000000e+00 -5.156444e+00) (   1.719963e+01   0.000000e+00 -1.255126e+00) (   2.293283e+01   0.000000e+00 -1.652350e+00) 
23	(   1.146642e+00   0.000000e+00 -4.745655e+00) (   5.733208e+00   0.000000e+00 -5.163231e+00) (   1.146642e+01   0.000000e+00 -5.188772e+00) (   1.719963e+01   0.000000e+00 -1.237900e+00) (   2.293283e+01   0.000000e+00 -1.653809e+00) 
23.1	(   1.146642e+00   0.000000e+00 -4.760936e+00) (   5.733208e+00   0.000000e+00 -5.125305e+00) (   1.146642e+01   0.000000e+00 -5.223871e+00) (   1.719963e+01   0.000000e+00 -1.219735e+00) (   2.293283e+01   0.000000e+00 -1.655546e+00) 
23.2	(   1.146642e+00   0.000000e+00 -4.778852e+00) (   5.733208e+00   0.000000e+00 -5.088681e+00) (   1.146642e+01   0.000000e+00 -5.259931e+00) (   1.719963e+01   0.000000e+00 -1.201819e+00) (   2.293283e+01   0.000000e+00 -1.657418e+00) 
23.3	(   1.146642e+00   0.000000e+00 -4.798456e+00) (   5.733208e+00   0.000000e+00 -5.055204e+00) (   1.146642e+01   0.000000e+00 -5.295169e+00) (   1.719963e+01   0.000000e+00 -1.185283e+00) (   2.293283e+01   0.000000e+00 -1.659220e+00) 
23.4	(   1.146642e+00   0.000000e+00 -4.818733e+00) (   5.733208e+00   0.000000e+00 -5.026417e+00) (   1.146642e+01   0.000000e+00 -5.327518e+00) (   1.719963e+01   0.000000e+00 -1.171018e+00) (   2.293283e+01   0.000000e+00 -1.660723e+00) 
23.5	(   1.146642e+00   0.000000e+00 -4.838721e+00) (   5.733208e+00   0.000000e+00 -5.003660e+00) (   1.146642e+01   0.000000e+00 -5.355015e+00) (   1.719963e+01   0.000000e+00 -1.159697e+00) (   2.293283e+01   0.000000e+00 -1.661726e+00) 
23.6	(   1.146642e+00   0.000000e+00 -4.856931e+00) (   5.733208e+00   0.000000e+00 -4.988000e+00) (   1.146642e+01   0.000000e+00 -5.376497e+00) (   1.719963e+01   0.000000e+00 -1.151705e+00) (   2.293283e+01   0.000000e+00 -1.662086e+00) 
23.7	(   1.146642e+00   0.000000e+00 -4.872217e+00) (   5.733208e+00   0.000000e+00 -4.979977e+00) (   1.146642e+01   0.000000e+00 -5.390813e+00) (   1.719963e+01   0.000000e+00 -1.147220e+00) (   2.293283e+01   0.000000e+00 -1.661751e+00) 
23.8	(   1.146642e+00   0.000000e+00 -4.884723e+00) (   5.733208e+00   0.000000e+00 -4.979732e+00) (   1.146642e+01   0.000000e+00 -5.395695e+00) (   1.719963e+01   0.000000e+00 -1.146195e+00) (   2.293283e+01   0.000000e+00 -1.660771e+00) 
23.9	(   1.146642e+00   0.000000e+00 -4.893447e+00) (   5.733208e+00   0.000000e+00 -4.987205e+00) (   1.146642e+01   0.000000e+00 -5.390105e+00) (   1.719963e+01   0.000000e+00 -1.148372e+00) (   2.293283e+01   0.000000e+00 -1.659295e+00) 
24	(   1.146642e+00   0.000000e+00 -4.896826e+00) (   5.733208e+00   0.000000e+00 -5.002530e+00) (   1.146642e+01   0.000000e+00 -5.374930e+00) (   1.719963e+01   0.000000e+00 -1.153555e+00) (   2.293283e+01   0.000000e+00 -1.657529e+00) 
24.1	(   1.146642e+00   0.000000e+00 -4.893929e+00) (   5.733208e+00   0.000000e+00 -5.024837e+00) (   1.146642e+01   0.000000e+00 -5.353204e+00) (   1.719963e+01   0.000000e+00 -1.161531e+00) (   2.293283e+01   0.000000e+00 -1.655684e+00) 
24.2	(   1.146642e+00   0.000000e+00 -4.884855e+00) (   5.733208e+00   0.000000e+00 -5.053071e+00) (   1.146642e+01   0.000000e+00 -5.324824e+00) (   1.719963e+01   0.000000e+00 -1.172094e+00) (   2.293283e+01   0.000000e+00 -1.653951e+00) 
24.3	(   1.146642e+00   0.000000e+00 -4.871880e+00) (   5.733208e+00   0.000000e+00 -5.086039e+00) (   1.146642e+01   0.000000e+00 -5.291576e+00) (   1.719963e+01   0.000000e+00 -1.184980e+00) (   2.293283e+01   0.000000e+00 -1.652480e+00) 
24.4	(   1.146642e+00   0.000000e+00 -4.856471e+00) (   5.733208e+00   0.000000e+00 -5.122296e+00) (   1.146642e+01   0.000000e+00 -5.255604e+00) (   1.719963e+01   0.000000e+00 -1.199873e+00) (   2.293283e+01   0.000000e+00 -1.651356e+00) 
24.5	(   1.146642e+00   0.000000e+00 -4.838618e+00) (   5.733208e+00   0.000000e+00 -5.159935e+00) (   1.146642e+01   0.000000e+00 -5.218856e+00) (   1.719963e+01   0.000000e+00 -1.216188e+00) (   2.293283e+01   0.000000e+00 -1.650603e+00) 
24.6	(   1.146642e+00   0.000000e+00 -4.819340e+00) (   5.733208e+00   0.000000e+00 -5.197074e+00) (   1.146642e+01   0.000000e+00 -5.183427e+00) (   1.719963e+01   0.000000e+00 -1.233137e+00) (   2.293283e+01   0.000000e+00 -1.650179e+00) 
24.7	(   1.146642e+00   0.000000e+00 -4.799664e+00) (   5.733208e+00   0.000000e+00 -5.231657e+00) (   1.146642e+01   0.000000e+00 -5.151167e+00) (   1.719963e+01   0.000000e+00 -1.249838e+00) (   2.293283e+01   0.000000e+00 -1.650003e+00) 
24.8	(   1.146642e+00   0.000000e+00 -4.780418e+00) (   5.733208e+00   0.000000e+00 -5.261535e+00) (   1.146642e+01   0.000000e+00 -5.123590e+00) (   1.719963e+01   0.000000e+00 -1.265162e+00) (   2.293283e+01   0.000000e+00 -1.649969e+00) 
24.9	(   1.146642e+00   0.000000e+00 -4.762486e+00) (   5.733208e+00   0.000000e+00 -5.285665e+00) (   1.146642e+01   0.000000e+00 -5.101970e+00) (   1.719963e+01   0.000000e+00 -1.278042e+00) (   2.293283e+01   0.000000e+00 -1.649982e+00) 
25	(   1.146642e+00   0.000000e+00 -4.746887e+00) (   5.733208e+00   0.000000e+00 -5.302827e+00) (   1.146642e+01   0.000000e+00 -5.087274e+00) (   1.719963e+01   0.000000e+00 -1.287726e+00) (   2.293283e+01   0.000000e+00 -1.649982e+00) 
25.1	(   1.146642e+00   0.000000e+00 -4.734477e+00) (   5.733208e+00   0.000000e+00 -5.310228e+00) (   1.146642e+01   0.000000e+00 -5.079988e+00) (   1.719963e+01   0.000000e+00 -1.293403e+00) (   2.293283e+01   0.000000e+00 -1.649970e+00) 
25.2	(   1.146642e+00   0.000000e+00 -4.725693e+00) (   5.733208e+00   0.000000e+00 -5.306390e+00) (   1.146642e+01   0.000000e+00 -5.080364e+00) (   1.719963e+01   0.000000e+00 -1.294023e+00) (   2.293283e+01   0.000000e+00 -1.650003e+00) 
25.3	(   1.146642e+00   0.000000e+00 -4.720802e+00) (   5.733208e+00   0.000000e+00 -5.291713e+00) (   1.146642e+01   0.000000e+00 -5.088353e+00) (   1.719963e+01   0.000000e+00 -1.289308e+00) (   2.293283e+01   0.000000e+00 -1.650180e+00) 
25.4	(   1.146642e+00   0.000000e+00 -4.720090e+00) (   5.733208e+00   0.000000e+00 -5.269449e+00) (   1.146642e+01   0.000000e+00 -5.103597e+00) (   1.719963e+01   0.000000e+00 -1.280508e+00) (   2.293283e+01   0.000000e+00 -1.650608e+00) 
25.5	(   1.146642e+00   0.000000e+00 -4.723686e+00) (   5.733208e+00   0.000000e+00 -5.240761e+00) (   1.146642e+01   0.000000e+00 -5.125403e+00) (   1.719963e+01   0.000000e+00 -1.267956e+00) (   2.293283e+01   0.000000e+00 -1.651376e+00) 
25.6	(   1.146642e+00   0.000000e+00 -4.731485e+00) (   5.733208e+00   0.000000e+00 -5.206591e+00) (   1.146642e+01   0.000000e+00 -5.152778e+00) (   1.719963e+01   0.000000e+00 -1.252429e+00) (   2.293283e+01   0.000000e+00 -1.652520e+00) 
25.7	(   1.146642e+00   0.000000e+00 -4.743095e+00) (   5.733208e+00   0.000000e+00 -5.169156e+00) (   1.146642e+01   0.000000e+00 -5.184530e+00) (   1.719963e+01   0.000000e+00 -1.235083e+00) (   2.293283e+01   0.000000e+00 -1.654022e+00) 
25.8	(   1.146642e+00   0.000000e+00 -4.758160e+00) (   5.733208e+00   0.000000e+00 -5.130555e+00) (   1.146642e+01   0.000000e+00 -5.219221e+00) (   1.719963e+01   0.000000e+00 -1.217122e+00) (   2.293283e+01   0.000000e+00 -1.655790e+00) 
25.9	(   1.146642e+00   0.000000e+00 -4.776017e+00) (   5.733208e+00   0.000000e+00 -5.092960e+00) (   1.146642e+01   0.000000e+00 -5.255101e+00) (   1.719963e+01   0.000000e+00 -1.199699e+00) (   2.293283e+01   0.000000e+00 -1.657665e+00) 
26	(   1.146642e+00   0.000000e+00 -4.795781e+00) (   5.733208e+00   0.000000e+00 -5.058330e+00) (   1.146642e+01   0.000000e+00 -5.290421e+00) (   1.719963e+01   0.000000e+00 -1.183885e+00) (   2.293283e+01   0.000000e+00 -1.659440e+00) 
26.1	(   1.146642e+00   0.000000e+00 -4.816398e+00) (   5.733208e+00   0.000000e+00 -5.028192e+00) (   1.146642e+01   0.000000e+00 -5.323193e+00) (   1.719963e+01   0.000000e+00 -1.170460e+00) (   2.293283e+01   0.000000e+00 -1.660899e+00) 
26.2	(   1.146642e+00   0.000000e+00 -4.836925e+00) (   5.733208e+00   0.000000e+00 -5.003971e+00) (   1.146642e+01   0.000000e+00 -5.351419e+00) (   1.719963e+01   0.000000e+00 -1.159998e+00) (   2.293283e+01   0.000000e+00 -1.661844e+00) 
26.3	(   1.146642e+00   0.000000e+00 -4.855854e+00) (   5.733208e+00   0.000000e+00 -4.986808e+00) (   1.146642e+01   0.000000e+00 -5.373731e+00) (   1.719963e+01   0.000000e+00 -1.152784e+00) (   2.293283e+01   0.000000e+00 -1.662136e+00) 
26.4	(   1.146642e+00   0.000000e+00 -4.871891e+00) (   5.733208e+00   0.000000e+00 -4.977339e+00) (   1.146642e+01   0.000000e+00 -5.389184e+00) (   1.719963e+01   0.000000e+00 -1.148869e+00) (   2.293283e+01   0.000000e+00 -1.661735e+00) 
26.5	(   1.146642e+00   0.000000e+00 -4.885141e+00) (   5.733208e+00   0.000000e+00 -4.975752e+00) (   1.146642e+01   0.000000e+00 -5.395438e+00) (   1.719963e+01   0.000000e+00 -1.148197e+00) (   2.293283e+01   0.000000e+00 -1.660707e+00) 
26.6	(   1.146642e+00   0.000000e+00 -4.894562e+00) (   5.733208e+00   0.000000e+00 -4.982006e+00) (   1.146642e+01   0.000000e+00 -5.391202e+00) (   1.719963e+01   0.000000e+00 -1.150501e+00) (   2.293283e+01   0.000000e+00 -1.659200e+00) 
26.7	(   1.146642e+00   0.000000e+00 -4.898453e+00) (   5.733208e+00   0.000000e+00 -4.996268e+00) (   1.146642e+01   0.000000e+00 -5.376937e+00) (   1.719963e+01   0.000000e+00 -1.155576e+00) (   2.293283e+01   0.000000e+00 -1.657419e+00) 
26.8	(   1.146642e+00   0.000000e+00 -4.895885e+00) (   5.733208e+00   0.000000e+00 -5.017928e+00) (   1.146642e+01   0.000000e+00 -5.355959e+00) (   1.719963e+01   0.000000e+00 -1.163242e+00) (   2.293283e+01   0.000000e+00 -1.655577e+00) 
26.9	(   1.146642e+00   0.000000e+00 -4.886965e+00) (   5.733208e+00   0.000000e+00 -5.045897e+00) (   1.146642e+01   0.000000e+00 -5.328102e+00) (   1.719963e+01   0.000000e+00 -1.173352e+00) (   2.293283e+01   0.000000e+00 -1.653857e+00) 
27	(   1.146642e+00   0.000000e+00 -4.873738e+00) (   5.733208e+00   0.000000e+00 -5.078958e+00) (   1.146642e+01   0.000000e+00 -5.295119e+00) (   1.719963e+01   0.000000e+00 -1.185737e+00) (   2.293283e+01   0.000000e+00 -1.652407e+00) 
27.1	(   1.146642e+00   0.000000e+00 -4.858299e+00) (   5.733208e+00   0.000000e+00 -5.115707e+00) (   1.146642e+01   0.000000e+00 -5.259191e+00) (   1.719963e+01   0.000000e+00 -1.200142e+00) (   2.293283e+01   0.000000e+00 -1.651304e+00) 
27.2	(   1.146642e+00   0.000000e+00 -4.840304e+00) (   5.733208e+00   0.000000e+00 -5.154217e+00) (   1.146642e+01   0.000000e+00 -5.222353e+00) (   1.719963e+01   0.000000e+00 -1.216013e+00) (   2.293283e+01   0.000000e+00 -1.650570e+00) 
27.3	(   1.146642e+00   0.000000e+00 -4.820772e+00) (   5.733208e+00   0.000000e+00 -5.192495e+00) (   1.146642e+01   0.000000e+00 -5.186745e+00) (   1.719963e+01   0.000000e+00 -1.232545e+00) (   2.293283e+01   0.000000e+00 -1.650162e+00) 
27.4	(   1.146642e+00   0.000000e+00 -4.800749e+00) (   5.733208e+00   0.000000e+00 -5.228473e+00) (   1.146642e+01   0.000000e+00 -5.154330e+00) (   1.719963e+01   0.000000e+00 -1.248838e+00) (   2.293283e+01   0.000000e+00 -1.649997e+00) 
27.5	(   1.146642e+00   0.000000e+00 -4.781107e+00) (   5.733208e+00   0.000000e+00 -5.259884e+00) (   1.146642e+01   0.000000e+00 -5.126606e+00) (   1.719963e+01   0.000000e+00 -1.263782e+00) (   2.293283e+01   0.000000e+00 -1.649970e+00) 
27.6	(   1.146642e+00   0.000000e+00 -4.762730e+00) (   5.733208e+00   0.000000e+00 -5.285573e+00) (   1.146642e+01   0.000000e+00 -5.104845e+00) (   1.719963e+01   0.000000e+00 -1.276309e+00) (   2.293283e+01   0.000000e+00 -1.649986e+00) 
27.7	(   1.146642e+00   0.000000e+00 -4.746650e+00) (   5.733208e+00   0.000000e+00 -5.304481e+00) (   1.146642e+01   0.000000e+00 -5.089960e+00) (   1.719963e+01   0.000000e+00 -1.285598e+00) (   2.293283e+01   0.000000e+00 -1.649987e+00) 
27.8	(   1.146642e+00   0.000000e+00 -4.733782e+00) (   5.733208e+00   0.000000e+00 -5.313617e+00) (   1.146642e+01   0.000000e+00 -5.082359e+00) (   1.719963e+01   0.000000e+00 -1.290968e+00) (   2.293283e+01   0.000000e+00 -1.649971e+00) 
27.9	(   1.146642e+00   0.000000e+00 -4.724585e+00) (   5.733208e+00   0.000000e+00 -5.311257e+00) (   1.146642e+01   0.000000e+00 -5.082180e+00) (   1.719963e+01   0.000000e+00 -1.291488e+00) (   2.293283e+01   0.000000e+00 -1.649995e+00) 
28	(   1.146642e+00   0.000000e+00 -4.719338e+00) (   5.733208e+00   0.000000e+00 -5.297621e+00) (   1.146642e+01   0.000000e+00 -5.089308e+00) (   1.719963e+01   0.000000e+00 -1.286940e+00) (   2.293283e+01   0.000000e+00 -1.650159e+00) 
28.1	(   1.146642e+00   0.000000e+00 -4.718335e+00) (   5.733208e+00   0.000000e+00 -5.275425e+00) (   1.146642e+01   0.000000e+00 -5.103367e+00) (   1.719963e+01   0.000000e+00 -1.278491e+00) (   2.293283e+01   0.000000e+00 -1.650569e+00) 
28.2	(   1.146642e+00   0.000000e+00 -4.721727e+00) (   5.733208e+00   0.000000e+00 -5.247225e+00) (   1.146642e+01   0.000000e+00 -5.123713e+00) (   1.719963e+01   0.000000e+00 -1.266300e+00) (   2.293283e+01   0.000000e+00 -1.651320e+00) 
28.3	(   1.146642e+00   0.000000e+00 -4.729426e+00) (   5.733208e+00   0.000000e+00 -5.213188e+00) (   1.146642e+01   0.000000e+00 -5.149475e+00) (   1.719963e+01   0.000000e+00 -1.251245e+00) (   2.293283e+01   0.000000e+00 -1.652440e+00) 
28.4	(   1.146642e+00   0.000000e+00 -4.741046e+00) (   5.733208e+00   0.000000e+00 -5.175481e+00) (   1.146642e+01   0.000000e+00 -5.179612e+00) (   1.719963e+01   0.000000e+00 -1.234453e+00) (   2.293283e+01   0.000000e+00 -1.653927e+00) 
28.5	(   1.146642e+00   0.000000e+00 -4.756237e+00) (   5.733208e+00   0.000000e+00 -5.136259e+00) (   1.146642e+01   0.000000e+00 -5.212911e+00) (   1.719963e+01   0.000000e+00 -1.217086e+00) (   2.293283e+01   0.000000e+00 -1.655691e+00) 
28.6	(   1.146642e+00   0.000000e+00 -4.774344e+00) (   5.733208e+00   0.000000e+00 -5.097684e+00) (   1.146642e+01   0.000000e+00 -5.247771e+00) (   1.719963e+01   0.000000e+00 -1.200292e+00) (   2.293283e+01   0.000000e+00 -1.657588e+00) 
28.7	(   1.146642e+00   0.000000e+00 -4.794493e+00) (   5.733208e+00   0.000000e+00 -5.061848e+00) (   1.146642e+01   0.000000e+00 -5.282517e+00) (   1.719963e+01   0.000000e+00 -1.185112e+00) (   2.293283e+01   0.000000e+00 -1.659402e+00) 
28.8	(   1.146642e+00   0.000000e+00 -4.815561e+00) (   5.733208e+00   0.000000e+00 -5.030294e+00) (   1.146642e+01   0.000000e+00 -5.315318e+00) (   1.719963e+01   0.000000e+00 -1.172289e+00) (   2.293283e+01   0.000000e+00 -1.660920e+00) 
28.9	(   1.146642e+00   0.000000e+00 -4.836606e+00) (   5.733208e+00   0.000000e+00 -5.004566e+00) (   1.146642e+01   0.000000e+00 -5.344110e+00) (   1.719963e+01   0.000000e+00 -1.162351e+00) (   2.293283e+01   0.000000e+00 -1.661933e+00) 
29	(   1.146642e+00   0.000000e+00 -4.856086e+00) (   5.733208e+00   0.000000e+00 -4.985914e+00) (   1.146642e+01   0.000000e+00 -5.367199e+00) (   1.719963e+01   0.000000e+00 -1.155524e+00) (   2.293283e+01   0.000000e+00 -1.662299e+00) 
29.1	(   1.146642e+00   0.000000e+00 -4.872630e+00) (   5.733208e+00   0.000000e+00 -4.975087e+00) (   1.146642e+01   0.000000e+00 -5.383810e+00) (   1.719963e+01   0.000000e+00 -1.151820e+00) (   2.293283e+01   0.000000e+00 -1.661968e+00) 
29.2	(   1.146642e+00   0.000000e+00 -4.886411e+00) (   5.733208e+00   0.000000e+00 -4.972309e+00) (   1.146642e+01   0.000000e+00 -5.391840e+00) (   1.719963e+01   0.000000e+00 -1.151104e+00) (   2.293283e+01   0.000000e+00 -1.660995e+00) 
29.3	(   1.146642e+00   0.000000e+00 -4.896232e+00) (   5.733208e+00   0.000000e+00 -4.977563e+00) (   1.146642e+01   0.000000e+00 -5.389744e+00) (   1.719963e+01   0.000000e+00 -1.153176e+00) (   2.293283e+01   0.000000e+00 -1.659519e+00) 
29.4	(   1.146642e+00   0.000000e+00 -4.900286e+00) (   5.733208e+00   0.000000e+00 -4.990937e+00) (   1.146642e+01   0.000000e+00 -5.377535e+00) (   1.719963e+01   0.000000e+00 -1.157875e+00) (   2.293283e+01   0.000000e+00 -1.657740e+00) 
29.5	(   1.146642e+00   0.000000e+00 -4.897719e+00) (   5.733208e+00   0.000000e+00 -5.012107e+00) (   1.146642e+01   0.000000e+00 -5.358285e+00) (   1.719963e+01   0.000000e+00 -1.165074e+00) (   2.293283e+01   0.000000e+00 -1.655871e+00) 
29.6	(   1.146642e+00   0.000000e+00 -4.888707e+00) (   5.733208e+00   0.000000e+00 -5.039878e+00) (   1.146642e+01   0.000000e+00 -5.332035e+00) (   1.719963e+01   0.000000e+00 -1.174645e+00) (   2.293283e+01   0.000000e+00 -1.654105e+00) 
29.7	(   1.146642e+00   0.000000e+00 -4.875109e+00) (   5.733208e+00   0.000000e+00 -5.072991e+00) (   1.146642e+01   0.000000e+00 -5.300431e+00) (   1.719963e+01   0.000000e+00 -1.186402e+00) (   2.293283e+01   0.000000e+00 -1.652595e+00) 
29.8	(   1.146642e+00   0.000000e+00 -4.859539e+00) (   5.733208e+00   0.000000e+00 -5.110045e+00) (   1.146642e+01   0.000000e+00 -5.265628e+00) (   1.719963e+01   0.000000e+00 -1.200084e+00) (   2.293283e+01   0.000000e+00 -1.651430e+00) 
29.9	(   1.146642e+00   0.000000e+00 -4.841363e+00) (   5.733208e+00   0.000000e+00 -5.149091e+00) (   1.146642e+01   0.000000e+00 -5.229661e+00) (   1.719963e+01   0.000000e+00 -1.215163e+00) (   2.293283e+01   0.000000e+00 -1.650641e+00) 
30	(   1.146642e+00   0.000000e+00 -4.821614e+00) (   5.733208e+00   0.000000e+00 -5.188062e+00) (   1.146642e+01   0.000000e+00 -5.194606e+00) (   1.719963e+01   0.000000e+00 -1.230925e+00) (   2.293283e+01   0.000000e+00 -1.650193e+00) 
30.1	(   1.146642e+00   0.000000e+00 -4.801342e+00) (   5.733208e+00   0.000000e+00 -5.224908e+00) (   1.146642e+01   0.000000e+00 -5.162472e+00) (   1.719963e+01   0.000000e+00 -1.246556e+00) (   2.293283e+01   0.000000e+00 -1.650004e+00) 
30.2	(   1.146642e+00   0.000000e+00 -4.781463e+00) (   5.733208e+00   0.000000e+00 -5.257321e+00) (   1.146642e+01   0.000000e+00 -5.134659e+00) (   1.719963e+01   0.000000e+00 -1.260985e+00) (   2.293283e+01   0.000000e+00 -1.649970e+00) 
30.3	(   1.146642e+00   0.000000e+00 -4.762842e+00) (   5.733208e+00   0.000000e+00 -5.283992e+00) (   1.146642e+01   0.000000e+00 -5.112429e+00) (   1.719963e+01   0.000000e+00 -1.273160e+00) (   2.293283e+01   0.000000e+00 -1.649989e+00) 
30.4	(   1.146642e+00   0.000000e+00 -4.746499e+00) (   5.733208e+00   0.000000e+00 -5.304131e+00) (   1.146642e+01   0.000000e+00 -5.096606e+00) (   1.719963e+01   0.000000e+00 -1.282189e+00) (   2.293283e+01   0.000000e+00 -1.649994e+00) 
30.5	(   1.146642e+00   0.000000e+00 -4.733379e+00) (   5.733208e+00   0.000000e+00 -5.314736e+00) (   1.146642e+01   0.000000e+00 -5.087732e+00) (   1.719963e+01   0.000000e+00 -1.287464e+00) (   2.293283e+01   0.000000e+00 -1.649975e+00) 
30.6	(   1.146642e+00   0.000000e+00 -4.723955e+00) (   5.733208e+00   0.000000e+00 -5.313905e+00) (   1.146642e+01   0.000000e+00 -5.085866e+00) (   1.719963e+01   0.000000e+00 -1.288197e+00) (   2.293283e+01   0.000000e+00 -1.649982e+00) 
30.7	(   1.146642e+00   0.000000e+00 -4.718504e+00) (   5.733208e+00   0.000000e+00 -5.301655e+00) (   1.146642e+01   0.000000e+00 -5.090979e+00) (   1.719963e+01   0.000000e+00 -1.284225e+00) (   2.293283e+01   0.000000e+00 -1.650113e+00) 
30.8	(   1.146642e+00   0.000000e+00 -4.717303e+00) (   5.733208e+00   0.000000e+00 -5.280108e+00) (   1.146642e+01   0.000000e+00 -5.102823e+00) (   1.719963e+01   0.000000e+00 -1.276238e+00) (   2.293283e+01   0.000000e+00 -1.650478e+00) 
30.9	(   1.146642e+00   0.000000e+00 -4.720523e+00) (   5.733208e+00   0.000000e+00 -5.252954e+00) (   1.146642e+01   0.000000e+00 -5.120911e+00) (   1.719963e+01   0.000000e+00 -1.264572e+00) (   2.293283e+01   0.000000e+00 -1.651172e+00) 
31	(   1.146642e+00   0.000000e+00 -4.728104e+00) (   5.733208e+00   0.000000e+00 -5.219711e+00) (   1.146642e+01   0.000000e+00 -5.144548e+00) (   1.719963e+01   0.000000e+00 -1.250053e+00) (   2.293283e+01   0.000000e+00 -1.652251e+00) 
31.1	(   1.146642e+00   0.000000e+00 -4.739659e+00) (   5.733208e+00   0.000000e+00 -5.182455e+00) (   1.146642e+01   0.000000e+00 -5.172822e+00) (   1.719963e+01   0.000000e+00 -1.233776e+00) (   2.293283e+01   0.000000e+00 -1.653704e+00) 
31.2	(   1.146642e+00   0.000000e+00 -4.754850e+00) (   5.733208e+00   0.000000e+00 -5.143343e+00) (   1.146642e+01   0.000000e+00 -5.204709e+00) (   1.719963e+01   0.000000e+00 -1.216878e+00) (   2.293283e+01   0.000000e+00 -1.655459e+00) 
31.3	(   1.146642e+00   0.000000e+00 -4.773027e+00) (   5.733208e+00   0.000000e+00 -5.104493e+00) (   1.146642e+01   0.000000e+00 -5.238681e+00) (   1.719963e+01   0.000000e+00 -1.200496e+00) (   2.293283e+01   0.000000e+00 -1.657369e+00) 
31.4	(   1.146642e+00   0.000000e+00 -4.793331e+00) (   5.733208e+00   0.000000e+00 -5.068019e+00) (   1.146642e+01   0.000000e+00 -5.273011e+00) (   1.719963e+01   0.000000e+00 -1.185705e+00) (   2.293283e+01   0.000000e+00 -1.659230e+00) 
31.5	(   1.146642e+00   0.000000e+00 -4.814593e+00) (   5.733208e+00   0.000000e+00 -5.035507e+00) (   1.146642e+01   0.000000e+00 -5.305971e+00) (   1.719963e+01   0.000000e+00 -1.173253e+00) (   2.293283e+01   0.000000e+00 -1.660822e+00) 
31.6	(   1.146642e+00   0.000000e+00 -4.835877e+00) (   5.733208e+00   0.000000e+00 -5.008563e+00) (   1.146642e+01   0.000000e+00 -5.335398e+00) (   1.719963e+01   0.000000e+00 -1.163670e+00) (   2.293283e+01   0.000000e+00 -1.661931e+00) 
31.7	(   1.146642e+00   0.000000e+00 -4.855680e+00) (   5.733208e+00   0.000000e+00 -4.988445e+00) (   1.146642e+01   0.000000e+00 -5.359394e+00) (   1.719963e+01   0.000000e+00 -1.157179e+00) (   2.293283e+01   0.000000e+00 -1.662397e+00) 
31.8	(   1.146642e+00   0.000000e+00 -4.872611e+00) (   5.733208e+00   0.000000e+00 -4.976076e+00) (   1.146642e+01   0.000000e+00 -5.376869e+00) (   1.719963e+01   0.000000e+00 -1.153765e+00) (   2.293283e+01   0.000000e+00 -1.662157e+00) 
31.9	(   1.146642e+00   0.000000e+00 -4.886895e+00) (   5.733208e+00   0.000000e+00 -4.971757e+00) (   1.146642e+01   0.000000e+00 -5.386321e+00) (   1.719963e+01   0.000000e+00 -1.153269e+00) (   2.293283e+01   0.000000e+00 -1.661245e+00) 
32	(   1.146642e+00   0.000000e+00 -4.897350e+00) (   5.733208e+00   0.000000e+00 -4.975499e+00) (   1.146642e+01   0.000000e+00 -5.386085e+00) (   1.719963e+01   0.000000e+00 -1.155459e+00) (   2.293283e+01   0.000000e+00 -1.659796e+00) 
32.1	(   1.146642e+00   0.000000e+00 -4.902042e+00) (   5.733208e+00   0.000000e+00 -4.987317e+00) (   1.146642e+01   0.000000e+00 -5.375900e+00) (   1.719963e+01   0.000000e+00 -1.160125e+00) (   2.293283e+01   0.000000e+00 -1.658014e+00) 
32.2	(   1.146642e+00   0.000000e+00 -4.900008e+00) (   5.733208e+00   0.000000e+00 -5.007163e+00) (   1.146642e+01   0.000000e+00 -5.358399e+00) (   1.719963e+01   0.000000e+00 -1.167126e+00) (   2.293283e+01   0.000000e+00 -1.656118e+00) 
32.3	(   1.146642e+00   0.000000e+00 -4.891332e+00) (   5.733208e+00   0.000000e+00 -5.033825e+00) (   1.146642e+01   0.000000e+00 -5.333751e+00) (   1.719963e+01   0.000000e+00 -1.176344e+00) (   2.293283e+01   0.000000e+00 -1.654308e+00) 
32.4	(   1.146642e+00   0.000000e+00 -4.877552e+00) (   5.733208e+00   0.000000e+00 -5.066070e+00) (   1.146642e+01   0.000000e+00 -5.303590e+00) (   1.719963e+01   0.000000e+00 -1.187648e+00) (   2.293283e+01   0.000000e+00 -1.652746e+00) 
32.5	(   1.146642e+00   0.000000e+00 -4.861916e+00) (   5.733208e+00   0.000000e+00 -5.102518e+00) (   1.146642e+01   0.000000e+00 -5.270037e+00) (   1.719963e+01   0.000000e+00 -1.200808e+00) (   2.293283e+01   0.000000e+00 -1.651531e+00) 
32.6	(   1.146642e+00   0.000000e+00 -4.843628e+00) (   5.733208e+00   0.000000e+00 -5.141306e+00) (   1.146642e+01   0.000000e+00 -5.235128e+00) (   1.719963e+01   0.000000e+00 -1.215307e+00) (   2.293283e+01   0.000000e+00 -1.650698e+00) 
32.7	(   1.146642e+00   0.000000e+00 -4.823650e+00) (   5.733208e+00   0.000000e+00 -5.180312e+00) (   1.146642e+01   0.000000e+00 -5.200905e+00) (   1.719963e+01   0.000000e+00 -1.230461e+00) (   2.293283e+01   0.000000e+00 -1.650218e+00) 
32.8	(   1.146642e+00   0.000000e+00 -4.803048e+00) (   5.733208e+00   0.000000e+00 -5.217588e+00) (   1.146642e+01   0.000000e+00 -5.169334e+00) (   1.719963e+01   0.000000e+00 -1.245515e+00) (   2.293283e+01   0.000000e+00 -1.650011e+00) 
32.9	(   1.146642e+00   0.000000e+00 -4.782779e+00) (   5.733208e+00   0.000000e+00 -5.250815e+00) (   1.146642e+01   0.000000e+00 -5.141796e+00) (   1.719963e+01   0.000000e+00 -1.259453e+00) (   2.293283e+01   0.000000e+00 -1.649969e+00) 
33	(   1.146642e+00   0.000000e+00 -4.763711e+00) (   5.733208e+00   0.000000e+00 -5.278325e+00) (   1.146642e+01   0.000000e+00 -5.119495e+00) (   1.719963e+01   0.000000e+00 -1.271234e+00) (   2.293283e+01   0.000000e+00 -1.649989e+00) 
33.1	(   1.146642e+00   0.000000e+00 -4.746848e+00) (   5.733208e+00   0.000000e+00 -5.299713e+00) (   1.146642e+01   0.000000e+00 -5.103231e+00) (   1.719963e+01   0.000000e+00 -1.279952e+00) (   2.293283e+01   0.000000e+00 -1.649997e+00) 
33.2	(   1.146642e+00   0.000000e+00 -4.733176e+00) (   5.733208e+00   0.000000e+00 -5.312260e+00) (   1.146642e+01   0.000000e+00 -5.093496e+00) (   1.719963e+01   0.000000e+00 -1.284955e+00) (   2.293283e+01   0.000000e+00 -1.649977e+00) 
33.3	(   1.146642e+00   0.000000e+00 -4.723208e+00) (   5.733208e+00   0.000000e+00 -5.313776e+00) (   1.146642e+01   0.000000e+00 -5.090467e+00) (   1.719963e+01   0.000000e+00 -1.285621e+00) (   2.293283e+01   0.000000e+00 -1.649977e+00) 
33.4	(   1.146642e+00   0.000000e+00 -4.717237e+00) (   5.733208e+00   0.000000e+00 -5.303867e+00) (   1.146642e+01   0.000000e+00 -5.094129e+00) (   1.719963e+01   0.000000e+00 -1.281851e+00) (   2.293283e+01   0.000000e+00 -1.650091e+00) 
33.5	(   1.146642e+00   0.000000e+00 -4.715540e+00) (   5.733208e+00   0.000000e+00 -5.283997e+00) (   1.146642e+01   0.000000e+00 -5.104322e+00) (   1.719963e+01   0.000000e+00 -1.274058e+00) (   2.293283e+01   0.000000e+00 -1.650434e+00) 
33.6	(   1.146642e+00   0.000000e+00 -4.718320e+00) (   5.733208e+00   0.000000e+00 -5.258374e+00) (   1.146642e+01   0.000000e+00 -5.120658e+00) (   1.719963e+01   0.000000e+00 -1.262687e+00) (   2.293283e+01   0.000000e+00 -1.651104e+00) 
33.7	(   1.146642e+00   0.000000e+00 -4.725548e+00) (   5.733208e+00   0.000000e+00 -5.226339e+00) (   1.146642e+01   0.000000e+00 -5.142543e+00) (   1.719963e+01   0.000000e+00 -1.248533e+00) (   2.293283e+01   0.000000e+00 -1.652158e+00) 
33.8	(   1.146642e+00   0.000000e+00 -4.736864e+00) (   5.733208e+00   0.000000e+00 -5.189727e+00) (   1.146642e+01   0.000000e+00 -5.169150e+00) (   1.719963e+01   0.000000e+00 -1.232660e+00) (   2.293283e+01   0.000000e+00 -1.653593e+00) 
33.9	(   1.146642e+00   0.000000e+00 -4.751940e+00) (   5.733208e+00   0.000000e+00 -5.150760e+00) (   1.146642e+01   0.000000e+00 -5.199575e+00) (   1.719963e+01   0.000000e+00 -1.216172e+00) (   2.293283e+01   0.000000e+00 -1.655338e+00) 
34	(   1.146642e+00   0.000000e+00 -4.770163e+00) (   5.733208e+00   0.000000e+00 -5.111514e+00) (   1.146642e+01   0.000000e+00 -5.232366e+00) (   1.719963e+01   0.000000e+00 -1.200203e+00) (   2.293283e+01   0.000000e+00 -1.657258e+00) 
34.1	(   1.146642e+00   0.000000e+00 -4.790687e+00) (   5.733208e+00   0.000000e+00 -5.074167e+00) (   1.146642e+01   0.000000e+00 -5.265819e+00) (   1.719963e+01   0.000000e+00 -1.185796e+00) (   2.293283e+01   0.000000e+00 -1.659148e+00) 
34.2	(   1.146642e+00   0.000000e+00 -4.812335e+00) (   5.733208e+00   0.000000e+00 -5.040442e+00) (   1.146642e+01   0.000000e+00 -5.298259e+00) (   1.719963e+01   0.000000e+00 -1.173701e+00) (   2.293283e+01   0.000000e+00 -1.660788e+00) 
34.3	(   1.146642e+00   0.000000e+00 -4.834147e+00) (   5.733208e+00   0.000000e+00 -5.012046e+00) (   1.146642e+01   0.000000e+00 -5.327586e+00) (   1.719963e+01   0.000000e+00 -1.164456e+00) (   2.293283e+01   0.000000e+00 -1.661957e+00) 
34.4	(   1.146642e+00   0.000000e+00 -4.854639e+00) (   5.733208e+00   0.000000e+00 -4.990334e+00) (   1.146642e+01   0.000000e+00 -5.351867e+00) (   1.719963e+01   0.000000e+00 -1.158308e+00) (   2.293283e+01   0.000000e+00 -1.662492e+00) 
34.5	(   1.146642e+00   0.000000e+00 -4.872313e+00) (   5.733208e+00   0.000000e+00 -4.976395e+00) (   1.146642e+01   0.000000e+00 -5.369657e+00) (   1.719963e+01   0.000000e+00 -1.155271e+00) (   2.293283e+01   0.000000e+00 -1.662321e+00) 
34.6	(   1.146642e+00   0.000000e+00 -4.887392e+00) (   5.733208e+00   0.000000e+00 -4.970629e+00) (   1.146642e+01   0.000000e+00 -5.379929e+00) (   1.719963e+01   0.000000e+00 -1.155172e+00) (   2.293283e+01   0.000000e+00 -1.661465e+00) 
34.7	(   1.146642e+00   0.000000e+00 -4.898697e+00) (   5.733208e+00   0.000000e+00 -4.973089e+00) (   1.146642e+01   0.000000e+00 -5.381146e+00) (   1.719963e+01   0.000000e+00 -1.157715e+00) (   2.293283e+01   0.000000e+00 -1.660058e+00) 
34.8	(   1.146642e+00   0.000000e+00 -4.904078e+00) (   5.733208e+00   0.000000e+00 -4.983733e+00) (   1.146642e+01   0.000000e+00 -5.372884e+00) (   1.719963e+01   0.000000e+00 -1.162618e+00) (   2.293283e+01   0.000000e+00 -1.658293e+00) 
34.9	(   1.146642e+00   0.000000e+00 -4.902464e+00) (   5.733208e+00   0.000000e+00 -5.002689e+00) (   1.146642e+01   0.000000e+00 -5.357161e+00) (   1.719963e+01   0.000000e+00 -1.169667e+00) (   2.293283e+01   0.000000e+00 -1.656393e+00) 
35	(   1.146642e+00   0.000000e+00 -4.893945e+00) (   5.733208e+00   0.000000e+00 -5.028764e+00) (   1.146642e+01   0.000000e+00 -5.334260e+00) (   1.719963e+01   0.000000e+00 -1.178719e+00) (   2.293283e+01   0.000000e+00 -1.654557e+00) 
35.1	(   1.146642e+00   0.000000e+00 -4.879987e+00) (   5.733208e+00   0.000000e+00 -5.060708e+00) (   1.146642e+01   0.000000e+00 -5.305765e+00) (   1.719963e+01   0.000000e+00 -1.189667e+00) (   2.293283e+01   0.000000e+00 -1.652953e+00) 
35.2	(   1.146642e+00   0.000000e+00 -4.864020e+00) (   5.733208e+00   0.000000e+00 -5.097118e+00) (   1.146642e+01   0.000000e+00 -5.273709e+00) (   1.719963e+01   0.000000e+00 -1.202314e+00) (   2.293283e+01   0.000000e+00 -1.651689e+00) 
35.3	(   1.146642e+00   0.000000e+00 -4.845553e+00) (   5.733208e+00   0.000000e+00 -5.136183e+00) (   1.146642e+01   0.000000e+00 -5.240078e+00) (   1.719963e+01   0.000000e+00 -1.216187e+00) (   2.293283e+01   0.000000e+00 -1.650805e+00) 
35.4	(   1.146642e+00   0.000000e+00 -4.825316e+00) (   5.733208e+00   0.000000e+00 -5.175732e+00) (   1.146642e+01   0.000000e+00 -5.206847e+00) (   1.719963e+01   0.000000e+00 -1.230640e+00) (   2.293283e+01   0.000000e+00 -1.650276e+00) 
35.5	(   1.146642e+00   0.000000e+00 -4.804387e+00) (   5.733208e+00   0.000000e+00 -5.213798e+00) (   1.146642e+01   0.000000e+00 -5.175931e+00) (   1.719963e+01   0.000000e+00 -1.244980e+00) (   2.293283e+01   0.000000e+00 -1.650031e+00) 
35.6	(   1.146642e+00   0.000000e+00 -4.783780e+00) (   5.733208e+00   0.000000e+00 -5.248042e+00) (   1.146642e+01   0.000000e+00 -5.148727e+00) (   1.719963e+01   0.000000e+00 -1.258275e+00) (   2.293283e+01   0.000000e+00 -1.649969e+00) 
35.7	(   1.146642e+00   0.000000e+00 -4.764362e+00) (   5.733208e+00   0.000000e+00 -5.276642e+00) (   1.146642e+01   0.000000e+00 -5.126393e+00) (   1.719963e+01   0.000000e+00 -1.269540e+00) (   2.293283e+01   0.000000e+00 -1.649984e+00) 
35.8	(   1.146642e+00   0.000000e+00 -4.747120e+00) (   5.733208e+00   0.000000e+00 -5.299278e+00) (   1.146642e+01   0.000000e+00 -5.109742e+00) (   1.719963e+01   0.000000e+00 -1.277893e+00) (   2.293283e+01   0.000000e+00 -1.649996e+00) 
35.9	(   1.146642e+00   0.000000e+00 -4.733072e+00) (   5.733208e+00   0.000000e+00 -5.313239e+00) (   1.146642e+01   0.000000e+00 -5.099252e+00) (   1.719963e+01   0.000000e+00 -1.282641e+00) (   2.293283e+01   0.000000e+00 -1.649981e+00) 
36	(   1.146642e+00   0.000000e+00 -4.722768e+00) (   5.733208e+00   0.000000e+00 -5.316092e+00) (   1.146642e+01   0.000000e+00 -5.095166e+00) (   1.719963e+01   0.000000e+00 -1.283283e+00) (   2.293283e+01   0.000000e+00 -1.649972e+00) 
36.1	(   1.146642e+00   0.000000e+00 -4.716507e+00) (   5.733208e+00   0.000000e+00 -5.307219e+00) (   1.146642e+01   0.000000e+00 -5.097531e+00) (   1.719963e+01   0.000000e+00 -1.279731e+00) (   2.293283e+01   0.000000e+00 -1.650059e+00) 
36.2	(   1.146642e+00   0.000000e+00 -4.714565e+00) (   5.733208e+00   0.000000e+00 -5.287895e+00) (   1.146642e+01   0.000000e+00 -5.106265e+00) (   1.719963e+01   0.000000e+00 -1.272216e+00) (   2.293283e+01   0.000000e+00 -1.650351e+00) 
36.3	(   1.146642e+00   0.000000e+00 -4.717145e+00) (   5.733208e+00   0.000000e+00 -5.262336e+00) (   1.146642e+01   0.000000e+00 -5.121056e+00) (   1.719963e+01   0.000000e+00 -1.261213e+00) (   2.293283e+01   0.000000e+00 -1.650950e+00) 
36.4	(   1.146642e+00   0.000000e+00 -4.724246e+00) (   5.733208e+00   0.000000e+00 -5.230438e+00) (   1.146642e+01   0.000000e+00 -5.141385e+00) (   1.719963e+01   0.000000e+00 -1.247487e+00) (   2.293283e+01   0.000000e+00 -1.651921e+00) 
36.5	(   1.146642e+00   0.000000e+00 -4.735520e+00) (   5.733208e+00   0.000000e+00 -5.193673e+00) (   1.146642e+01   0.000000e+00 -5.166503e+00) (   1.719963e+01   0.000000e+00 -1.232079e+00) (   2.293283e+01   0.000000e+00 -1.653271e+00) 
36.6	(   1.146642e+00   0.000000e+00 -4.750629e+00) (   5.733208e+00   0.000000e+00 -5.154340e+00) (   1.146642e+01   0.000000e+00 -5.195596e+00) (   1.719963e+01   0.000000e+00 -1.216054e+00) (   2.293283e+01   0.000000e+00 -1.654948e+00) 
36.7	(   1.146642e+00   0.000000e+00 -4.768982e+00) (   5.733208e+00   0.000000e+00 -5.114524e+00) (   1.146642e+01   0.000000e+00 -5.227305e+00) (   1.719963e+01   0.000000e+00 -1.200523e+00) (   2.293283e+01   0.000000e+00 -1.656828e+00) 
36.8	(   1.146642e+00   0.000000e+00 -4.789735e+00) (   5.733208e+00   0.000000e+00 -5.076464e+00) (   1.146642e+01   0.000000e+00 -5.259994e+00) (   1.719963e+01   0.000000e+00 -1.186535e+00) (   2.293283e+01   0.000000e+00 -1.658730e+00) 
36.9	(   1.146642e+00   0.000000e+00 -4.811669e+00) (   5.733208e+00   0.000000e+00 -5.041962e+00) (   1.146642e+01   0.000000e+00 -5.292013e+00) (   1.719963e+01   0.000000e+00 -1.174805e+00) (   2.293283e+01   0.000000e+00 -1.660433e+00) 
37	(   1.146642e+00   0.000000e+00 -4.833773e+00) (   5.733208e+00   0.000000e+00 -5.012764e+00) (   1.146642e+01   0.000000e+00 -5.321363e+00) (   1.719963e+01   0.000000e+00 -1.165842e+00) (   2.293283e+01   0.000000e+00 -1.661705e+00) 
37.1	(   1.146642e+00   0.000000e+00 -4.854549e+00) (   5.733208e+00   0.000000e+00 -4.990291e+00) (   1.146642e+01   0.000000e+00 -5.346063e+00) (   1.719963e+01   0.000000e+00 -1.159897e+00) (   2.293283e+01   0.000000e+00 -1.662375e+00) 
37.2	(   1.146642e+00   0.000000e+00 -4.872413e+00) (   5.733208e+00   0.000000e+00 -4.975679e+00) (   1.146642e+01   0.000000e+00 -5.364492e+00) (   1.719963e+01   0.000000e+00 -1.156972e+00) (   2.293283e+01   0.000000e+00 -1.662354e+00) 
37.3	(   1.146642e+00   0.000000e+00 -4.887540e+00) (   5.733208e+00   0.000000e+00 -4.969352e+00) (   1.146642e+01   0.000000e+00 -5.375700e+00) (   1.719963e+01   0.000000e+00 -1.156891e+00) (   2.293283e+01   0.000000e+00 -1.661640e+00) 
37.4	(   1.146642e+00   0.000000e+00 -4.898734e+00) (   5.733208e+00   0.000000e+00 -4.971379e+00) (   1.146642e+01   0.000000e+00 -5.378291e+00) (   1.719963e+01   0.000000e+00 -1.159369e+00) (   2.293283e+01   0.000000e+00 -1.660344e+00) 
37.5	(   1.146642e+00   0.000000e+00 -4.903935e+00) (   5.733208e+00   0.000000e+00 -4.981712e+00) (   1.146642e+01   0.000000e+00 -5.371634e+00) (   1.719963e+01   0.000000e+00 -1.164134e+00) (   2.293283e+01   0.000000e+00 -1.658642e+00) 
37.6	(   1.146642e+00   0.000000e+00 -4.902221e+00) (   5.733208e+00   0.000000e+00 -5.000497e+00) (   1.146642e+01   0.000000e+00 -5.357352e+00) (   1.719963e+01   0.000000e+00 -1.170987e+00) (   2.293283e+01   0.000000e+00 -1.656758e+00) 
37.7	(   1.146642e+00   0.000000e+00 -4.893798e+00) (   5.733208e+00   0.000000e+00 -5.026614e+00) (   1.146642e+01   0.000000e+00 -5.335801e+00) (   1.719963e+01   0.000000e+00 -1.179770e+00) (   2.293283e+01   0.000000e+00 -1.654905e+00) 
37.8	(   1.146642e+00   0.000000e+00 -4.880010e+00) (   5.733208e+00   0.000000e+00 -5.058757e+00) (   1.146642e+01   0.000000e+00 -5.308466e+00) (   1.719963e+01   0.000000e+00 -1.190373e+00) (   2.293283e+01   0.000000e+00 -1.653253e+00) 
37.9	(   1.146642e+00   0.000000e+00 -4.864189e+00) (   5.733208e+00   0.000000e+00 -5.095494e+00) (   1.146642e+01   0.000000e+00 -5.277310e+00) (   1.719963e+01   0.000000e+00 -1.202580e+00) (   2.293283e+01   0.000000e+00 -1.651919e+00) 
38	(   1.146642e+00   0.000000e+00 -4.845841e+00) (   5.733208e+00   0.000000e+00 -5.135003e+00) (   1.146642e+01   0.000000e+00 -5.244321e+00) (   1.719963e+01   0.000000e+00 -1.215938e+00) (   2.293283e+01   0.000000e+00 -1.650959e+00) 
38.1	(   1.146642e+00   0.000000e+00 -4.825696e+00) (   5.733208e+00   0.000000e+00 -5.175066e+00) (   1.146642e+01   0.000000e+00 -5.211467e+00) (   1.719963e+01   0.000000e+00 -1.229864e+00) (   2.293283e+01   0.000000e+00 -1.650363e+00) 
38.2	(   1.146642e+00   0.000000e+00 -4.804822e+00) (   5.733208e+00   0.000000e+00 -5.213665e+00) (   1.146642e+01   0.000000e+00 -5.180666e+00) (   1.719963e+01   0.000000e+00 -1.243730e+00) (   2.293283e+01   0.000000e+00 -1.650068e+00) 
38.3	(   1.146642e+00   0.000000e+00 -4.784286e+00) (   5.733208e+00   0.000000e+00 -5.248421e+00) (   1.146642e+01   0.000000e+00 -5.153406e+00) (   1.719963e+01   0.000000e+00 -1.256671e+00) (   2.293283e+01   0.000000e+00 -1.649974e+00) 
38.4	(   1.146642e+00   0.000000e+00 -4.764952e+00) (   5.733208e+00   0.000000e+00 -5.277504e+00) (   1.146642e+01   0.000000e+00 -5.130829e+00) (   1.719963e+01   0.000000e+00 -1.267748e+00) (   2.293283e+01   0.000000e+00 -1.649977e+00) 
38.5	(   1.146642e+00   0.000000e+00 -4.747774e+00) (   5.733208e+00   0.000000e+00 -5.300624e+00) (   1.146642e+01   0.000000e+00 -5.113788e+00) (   1.719963e+01   0.000000e+00 -1.276112e+00) (   2.293283e+01   0.000000e+00 -1.649992e+00) 
38.6	(   1.146642e+00   0.000000e+00 -4.733767e+00) (   5.733208e+00   0.000000e+00 -5.314956e+00) (   1.146642e+01   0.000000e+00 -5.102783e+00) (   1.719963e+01   0.000000e+00 -1.281036e+00) (   2.293283e+01   0.000000e+00 -1.649982e+00) 
38.7	(   1.146642e+00   0.000000e+00 -4.723506e+00) (   5.733208e+00   0.000000e+00 -5.318023e+00) (   1.146642e+01   0.000000e+00 -5.098066e+00) (   1.719963e+01   0.000000e+00 -1.282051e+00) (   2.293283e+01   0.000000e+00 -1.649970e+00) 
38.8	(   1.146642e+00   0.000000e+00 -4.717279e+00) (   5.733208e+00   0.000000e+00 -5.309208e+00) (   1.146642e+01   0.000000e+00 -5.099697e+00) (   1.719963e+01   0.000000e+00 -1.278978e+00) (   2.293283e+01   0.000000e+00 -1.650035e+00) 
38.9	(   1.146642e+00   0.000000e+00 -4.715354e+00) (   5.733208e+00   0.000000e+00 -5.289787e+00) (   1.146642e+01   0.000000e+00 -5.107577e+00) (   1.719963e+01   0.000000e+00 -1.271970e+00) (   2.293283e+01   0.000000e+00 -1.650283e+00) 
39	(   1.146642e+00   0.000000e+00 -4.717929e+00) (   5.733208e+00   0.000000e+00 -5.263932e+00) (   1.146642e+01   0.000000e+00 -5.121448e+00) (   1.719963e+01   0.000000e+00 -1.261453e+00) (   2.293283e+01   0.000000e+00 -1.650817e+00) 
39.1	(   1.146642e+00   0.000000e+00 -4.725019e+00) (   5.733208e+00   0.000000e+00 -5.231872e+00) (   1.146642e+01   0.000000e+00 -5.140844e+00) (   1.719963e+01   0.000000e+00 -1.248138e+00) (   2.293283e+01   0.000000e+00 -1.651706e+00) 
39.2	(   1.146642e+00   0.000000e+00 -4.736291e+00) (   5.733208e+00   0.000000e+00 -5.194876e+00) (   1.146642e+01   0.000000e+00 -5.165051e+00) (   1.719963e+01   0.000000e+00 -1.233022e+00) (   2.293283e+01   0.000000e+00 -1.652969e+00) 
39.3	(   1.146642e+00   0.000000e+00 -4.751366e+00) (   5.733208e+00   0.000000e+00 -5.155251e+00) (   1.146642e+01   0.000000e+00 -5.193288e+00) (   1.719963e+01   0.000000e+00 -1.217156e+00) (   2.293283e+01   0.000000e+00 -1.654568e+00) 
39.4	(   1.146642e+00   0.000000e+00 -4.769657e+00) (   5.733208e+00   0.000000e+00 -5.115106e+00) (   1.146642e+01   0.000000e+00 -5.224238e+00) (   1.719963e+01   0.000000e+00 -1.201644e+00) (   2.293283e+01   0.000000e+00 -1.656391e+00) 
39.5	(   1.146642e+00   0.000000e+00 -4.790323e+00) (   5.733208e+00   0.000000e+00 -5.076715e+00) (   1.146642e+01   0.000000e+00 -5.256299e+00) (   1.719963e+01   0.000000e+00 -1.187539e+00) (   2.293283e+01   0.000000e+00 -1.658265e+00) 
39.6	(   1.146642e+00   0.000000e+00 -4.812089e+00) (   5.733208e+00   0.000000e+00 -5.041919e+00) (   1.146642e+01   0.000000e+00 -5.287838e+00) (   1.719963e+01   0.000000e+00 -1.175601e+00) (   2.293283e+01   0.000000e+00 -1.659984e+00) 
39.7	(   1.146642e+00   0.000000e+00 -4.833900e+00) (   5.733208e+00   0.000000e+00 -5.012472e+00) (   1.146642e+01   0.000000e+00 -5.316941e+00) (   1.719963e+01   0.000000e+00 -1.166408e+00) (   2.293283e+01   0.000000e+00 -1.661334e+00) 
39.8	(   1.146642e+00   0.000000e+00 -4.854292e+00) (   5.733208e+00   0.000000e+00 -4.989842e+00) (   1.146642e+01   0.000000e+00 -5.341627e+00) (   1.719963e+01   0.000000e+00 -1.160250e+00) (   2.293283e+01   0.000000e+00 -1.662125e+00) 
39.9	(   1.146642e+00   0.000000e+00 -4.871660e+00) (   5.733208e+00   0.000000e+00 -4.975170e+00) (   1.146642e+01   0.000000e+00 -5.360249e+00) (   1.719963e+01   0.000000e+00 -1.157156e+00) (   2.293283e+01   0.000000e+00 -1.662248e+00) 
40	(   1.146642e+00   0.000000e+00 -4.886038e+00) (   5.733208e+00   0.000000e+00 -4.968859e+00) (   1.146642e+01   0.000000e+00 -5.371766e+00) (   1.719963e+01   0.000000e+00 -1.156981e+00) (   2.293283e+01   0.000000e+00 -1.661689e+00) 
