*************************Generated by extractForces.sh*************************
*      Wed Oct 15 15:28:07 MDT 2025 - Case: surge/T3.75/
* Note: Data was extracted from log.overInterDyMFoam using extractForces.sh
*       Can be visualized with plotForces.py
*******************************************************************************
Time X(x3) Force(x3) Moment(x3)
0.01              -273615 -8.98255 -177339              -5.04596 -1.03561e+06 11.0586
0.02              -14381.6 -4.81728 1485.66              4.71491 12120.8 21.0086
0.03              -7939.5 5.1636 4291.68              4.02805 27879 -34.834
0.04              -6169.17 3.27965 5227.88              3.67501 33075.7 -23.8372
0.05              -4729.71 9.48198 6069.32              2.84817 37730.1 -54.5625
0.06              -3335.49 -1.90119 6827.32              3.01224 41909.5 8.24156
0.07              -1847.53 4.32648 7681.82              2.59243 46641.8 -26.9969
0.08              -252.759 -3.81123 8613.62              3.12015 51824.1 19.3779
0.09              1386.35 6.2627 9457.26              1.85562 56472.1 -33.8863
0.1              2975.65 8.75093 10310.9              0.602513 61218.2 -48.1688
0.11              4531.43 3.4928 11094.5              0.714371 65524 -21.5505
0.12              6164.1 -0.619493 11948.7              1.71129 70241.6 4.09907
0.13              7479.73 -8.7875 12446.9              1.96632 72912.5 48.472
0.14              9057.01 3.00137 13175.3              0.517769 76900.4 -14.858
0.15              10412.4 11.1911 13783.6              0.546389 80223.3 -59.3311
0.16              11763.4 2.76742 14380.4              1.73571 83482 -12.4231
0.17              13094.7 -0.197835 15055.4              -0.884528 87200.5 1.83322
0.18              14225.3 7.15054 15532.5              -0.211717 89801.5 -39.0821
0.19              15307 0.515925 16048.6              0.549053 92636 -0.391949
0.2              16347.5 1.13814 16607.7              0.552295 95722.4 -3.6847
0.21              17064.9 2.48766 16830.6              0.581934 96917.9 -10.8682
0.22              17753.3 1.03734 17133.1              0.941684 98579.6 -2.77579
0.23              18251.1 -3.52572 17265.3              1.46564 99282.2 22.1981
0.24              18648.2 0.132537 17318.5              1.01979 99547 3.08465
0.25              18892.8 1.0969 17177.9              0.799747 98714.4 -1.71654
0.26              19103 2.18445 16942.3              0.542709 97333.2 -7.47148
0.27              19202.1 4.16785 16513.2              0.156796 94853.1 -18.5558
0.28              19497.7 1.64945 16459.9              1.38928 94446.9 -2.93436
0.29              19542.8 1.11256 16007.9              1.36836 91804.9 0.182441
0.3              19478.1 2.94306 15463.8              1.47292 88621.2 -9.87355
0.31              19354 2.73473 14868.5              1.72209 85145.8 -7.86533
0.32              19163 5.16675 14227.3              1.82394 81406.7 -20.0194
0.33              18960 0.595469 13585.7              3.38447 77690.7 4.82162
0.34              18575.4 4.77315 12667.4              2.73309 72311.1 -17.2542
0.35              18285.6 -7.07172 11992.5              4.24662 68372.9 46.1595
0.36              17688.4 12.5024 10945.8              2.3025 62286 -57.7934
0.37              17234.1 5.13888 10238.1              3.91762 58150.2 -18.4546
0.38              16684 6.05964 9383.78              3.6942 53164.7 -22.5028
0.39              16201.7 1.65967 8585.75              5.67025 48504.9 1.80761
0.4              15533.6 -11.8994 7611.53              5.65922 42760.2 72.5237
0.41              15023.1 15.8578 7016.09              4.35464 39257.8 -73.3632
0.42              14220.6 6.44969 6297.09              5.55186 35048.2 -25.1621
0.43              13608 -3.77589 5826.61              8.17424 32315.7 32.9444
0.44              12726.7 8.01991 4964.9              5.19987 27204.4 -32.9419
0.45              12108 20.0885 4480.21              6.15805 24353.4 -102.415
0.46              10958 8.64553 3996.54              7.46551 21555.2 -41.6007
0.47              10143.2 -4.6704 3705.44              10.1665 19890.4 34.9512
0.48              8689.2 10.4898 2638.16              4.91642 13565.5 -55.1169
0.49              8418.97 24.8694 2905.49              8.02891 15246.8 -134.184
0.5              6631.75 13.3521 2107.18              7.85095 10601.2 -75.5882
0.51              5754.5 -3.72764 2085.62              10.2333 10613.4 24.5547
0.52              4506.43 12.394 1530.72              4.10509 7389.85 -75.013
0.53              3705.78 31.8241 1360              6.11382 6499.39 -180.676
0.54              2052.81 15.5893 878.431              6.63952 3771.94 -93.4101
0.55              1059.32 6.71423 852.422              7.42844 3797.15 -41.2005
0.56              52.4243 10.5011 669.726              4.03887 2838.41 -61.9565
0.57              -554.898 10.0464 833.079              4.28218 4004.25 -59.2399
0.58              -1374.06 4.95963 1109.3              3.60391 5868.23 -26.9263
0.59              -2568.82 6.41861 888.609              1.80868 4706.29 -35.7874
0.6              -3042.33 -2.21772 1331.78              3.06916 7605.75 15.6165
0.61              -4120.2 -2.04519 1094.27              1.06452 6327.85 15.0185
0.62              -4598.73 -5.4827 1323.48              2.04657 7896.63 33.1084
0.63              -5373.69 4.5529 1424.14              0.934933 8697.19 -20.4666
0.64              -6548.87 -2.94009 1077.51              0.685413 6736.26 18.0854
0.65              -7175.91 -3.92144 1143.07              0.284015 7296.39 23.6838
0.66              -7701.23 -4.68002 1220.49              0.907694 7919.57 28.8155
0.67              -8269.66 -8.96725 1141.39              -0.260369 7549.54 52.55
0.68              -8893.35 -6.67676 915.239              -0.727968 6252.08 40.1002
0.69              -9308.97 -7.81549 751.324              -0.490595 5316.89 47.1617
0.7              -9882.66 -10.5034 383.665              -0.940995 3119.22 60.4657
0.71              -10291.6 -9.444 163.32              -1.25414 1823.26 55.7376
0.72              -10821.4 -5.16185 -177.59              -2.23879 -200.978 32.7921
0.73              -11441.9 -3.13712 -624.014              -2.49967 -2852.06 19.5015
0.74              -11934.1 -7.31395 -936.829              -1.8935 -4672.96 39.5862
0.75              -12504.7 -9.19665 -1262.4              -1.52014 -6557.31 48.8326
0.76              -13188.5 3.32009 -1609.26              -1.73123 -8562.87 -18.8579
0.77              -13836.4 -2.19953 -2049.52              -1.40861 -11117.2 5.83049
0.78              -14511.7 -14.5844 -2378.92              0.247761 -12992.4 80.4056
0.79              -15162 -5.83878 -2587.31              0.26027 -14106.3 24.134
0.8              -15890.4 -8.08425 -2876.93              2.02387 -15716.2 35.0589
0.81              -16596.4 8.97836 -3126.58              0.734402 -17092.2 -70.447
0.82              -17236.7 -0.782873 -3264.55              1.66169 -17787.4 -12.0318
0.83              -17929.8 -3.33348 -3450.43              2.40666 -18780.9 0.625617
0.84              -18334.9 -12.0045 -3499.07              3.0503 -18944.7 44.4423
0.85              -19061.2 -0.596184 -3612.43              1.98014 -19506.7 -13.8701
0.86              -19508.7 -8.36041 -3508.49              2.59088 -18768.5 33.5505
0.87              -19850.9 4.70298 -3311.74              1.83307 -17483.6 -46.384
0.88              -19752.2 -2.04848 -2624.36              2.021 -13256.1 -4.33607
0.89              -19707.8 -12.5419 -2351.48              2.60932 -11597.2 51.2428
0.9              -19711.3 -5.3426 -2045.79              0.719476 -9769.9 18.8688
0.91              -19223 3.28677 -1273.17              0.968626 -5144.54 -34.6811
0.92              -18554.9 -3.82145 -525.516              0.875752 -704.093 9.10827
0.93              -17784.7 -1.74977 122.013              0.249154 3102.05 -1.55452
0.94              -16916.2 1.23505 792.48              -0.628696 7022.71 -13.9813
0.95              -15659.9 -8.39354 1801.31              1.21848 12962.9 36.8179
0.96              -14347.5 0.580958 2733.72              0.0417254 18430.2 -15.0927
0.97              -12920.7 -4.8066 3654.06              0.346248 23794.8 17.0704
0.98              -11513.5 -2.02942 4411.82              -0.411943 28156.4 5.7409
0.99              -10064.7 2.62922 5220.16              -0.167401 32855.8 -24.835
1              -8548 -1.28447 5956.23              -0.0482911 37079 -0.385613
1.01              -6662.82 -5.19486 6963.39              0.103996 42853.2 21.9316
1.02              -5226.85 2.02525 7512.01              -1.37071 45939.2 -15.822
1.03              -3544.77 -1.18266 8338.15              -1.09824 50643.5 -0.26959
1.04              -2005.32 4.82961 9093.87              -3.08205 54897.5 -36.6698
1.05              -54.2442 -2.72301 10738.1              -3.0945 64283.2 7.20192
1.06              1146.89 0.488835 11573.6              -2.7904 68936.2 -9.62158
1.07              2488.3 2.40618 12470              -1.35636 74021.1 -16.0139
1.08              4090.06 1.30923 13368.9              -0.971138 79149.6 -9.72888
1.09              6338.17 -4.36859 14647.8              0.501065 86471.9 24.768
1.1              7922.32 -0.836364 14782.3              -0.324925 87140.6 4.57527
1.11              9768.71 -0.887188 15132.4              0.760145 89009.3 6.386
1.12              11458.8 1.2831 15366.1              0.375342 90197.5 -4.59624
1.13              12974.8 2.23837 15452              -0.578758 90519 -10.3733
1.14              14804 -1.42315 16100.2              0.136431 94069.2 12.8323
1.15              16043.7 -0.774195 16188.9              -0.261381 94412.4 9.79393
1.16              16942.4 1.05482 16065.4              -0.97148 93560.9 0.389078
1.17              17899.9 2.4312 16175.5              -1.51755 94064.5 -6.43183
1.18              18643.6 1.69477 16197.8              -1.35012 94079.5 -3.11921
1.19              19222.8 4.25557 16146.8              -2.53221 93688.8 -16.3241
1.2              19708.3 2.26496 16105.4              -2.11441 93370.8 -3.24481
1.21              20033 4.02405 15970.1              -4.55365 92526.9 -11.6016
1.22              20454.4 3.42577 15897.9              -2.99935 92021 -7.25324
1.23              20808.6 1.58761 15697.1              3.99893 90722 -0.225833
1.24              21220.9 -2.73723 15395.7              9.92764 88758.9 21.4766
1.25              21820.4 -1.41727 14930.4              10.1685 85702.5 15.195
1.26              22452.9 1.4797 14206              7.06679 81050 -0.276364
1.27              22851.5 3.30963 13363.7              4.75775 75766.2 -10.1372
1.28              22950.7 14.8737 12320.3              -0.762964 69394.2 -75.4222
1.29              22711.3 11.5469 11666.6              -0.398637 65438.1 -56.0579
1.3              21248 7.42276 11624.6              1.77567 65507.7 -32.1401
1.31              19763.2 11.1101 11156.2              1.0425 63015.8 -49.0561
1.32              18974.2 1.57286 10966              3.50104 61961.8 -0.0432912
1.33              18281.2 2.96158 10450.2              1.9022 58936 -3.45181
1.34              17703.6 3.08722 9618.06              -0.398276 53992.3 -2.20035
1.35              17090.3 10.8931 8902.93              -0.0833018 49732.2 -41.4165
1.36              16549.2 -0.298504 8442.17              2.38613 46967 24.5222
1.37              15903.2 0.336087 7680.85              5.15087 42409.7 14.2913
1.38              15117.1 3.09899 6942.96              6.4465 38053.5 -0.124132
1.39              14108.5 7.19799 6170.56              7.34293 33502.6 -27.9625
1.4              13272.3 8.13687 5771.85              9.33639 31137.1 -37.6557
1.41              12372 -1.99053 4946.25              11.3142 26207.1 20.6595
1.42              11379.4 7.12507 4489.62              13.0277 23559.4 -33.6075
1.43              10047.7 7.56664 3898.35              12.6498 20182 -38.6629
1.44              9096.28 9.31066 3713.16              14.3422 19185.8 -52.9478
1.45              7745.06 3.81077 2873.89              14.907 14304.5 -27.8621
1.46              6340.65 27.9862 2329.1              13.8531 11242.4 -168.805
1.47              5008.93 27.2243 2055.31              15.5607 9801.39 -172.505
1.48              3783.25 40.0613 1811.47              16.9479 8526.86 -255.915
1.49              2103.06 32.1426 859.104              18.5252 2978.63 -214.807
1.5              779.302 41.2339 477.136              19.2884 878.507 -275.009
1.51              -188.143 39.6687 738.894              20.8795 2662.39 -267.129
1.52              -1678.59 47.6246 338.509              21.377 452.751 -318.614
1.53              -3069.79 30.6051 -70.205              25.8302 -1794.15 -207.911
1.54              -3865.68 9.71183 -10.4694              27.8328 -1241.08 -102.507
1.55              -4937.14 13.6306 112.185              26.3804 -254.546 -115.309
1.56              -5950.43 21.2579 -6.80549              23.3206 -795.565 -160.726
1.57              -6570.14 9.93996 327.067              23.4058 1421.06 -88.109
1.58              -7949.86 -4.34256 -360.838              20.6582 -2570.57 9.32577
1.59              -8638.78 -17.4194 -400.877              17.8406 -2631.63 88.236
1.6              -9639.05 -25.3711 -669.351              15.0716 -4082.46 145.363
1.61              -10439.2 -39.7468 -893.64              12.5327 -5290.04 239.925
1.62              -10991.3 -46.8935 -993.703              10.1592 -5765.16 289.297
1.63              -11497.3 -51.5153 -1129.29              5.99961 -6480.06 319.086
1.64              -11871.7 -43.357 -1255.65              2.75223 -7168.85 276.707
1.65              -12515.7 -31.8607 -1781.86              -2.55057 -10306.8 204.43
1.66              -13015.6 -28.7635 -2246.26              -7.3704 -13095 187.944
1.67              -13311.1 -24.6518 -2459              -10.8591 -14341.2 158.948
1.68              -13665.9 -15.4915 -2645.15              -13.0474 -15411.6 105.783
1.69              -14314.2 -0.66787 -3066.46              -16.8554 -17876.7 16.7908
1.7              -14901.1 11.3184 -3325.67              -16.3777 -19327.2 -63.0873
1.71              -15591.2 3.25842 -3475.05              -12.833 -20047.9 -19.2614
1.72              -16694.5 -1.6124 -3563.39              -12.0947 -20243.2 9.89924
1.73              -17641.3 -0.134685 -3651.06              -12.8622 -20496.5 0.264246
1.74              -18998.2 0.108291 -3700.98              -8.98186 -20371.5 -4.1656
1.75              -20261.6 8.23382 -3601.12              -8.12701 -19320.9 -55.6677
1.76              -21478.2 3.28132 -3640.41              -4.92413 -19175.2 -28.822
1.77              -22613.5 -8.26529 -3580.49              -2.61586 -18429.7 41.6383
1.78              -23409.1 -24.4525 -3515.04              -0.0651299 -17781 145.906
1.79              -23781.9 -24.3532 -3585.94              -6.69721 -18151 150.795
1.8              -24093.5 -6.31717 -3971.66              -12.5113 -20537 49.4594
1.81              -24991.8 2.57714 -3785.69              -19.7982 -19168.5 -2.49453
1.82              -26301 3.71367 -3445.51              -17.962 -16725.2 -4.43531
1.83              -27045.5 -1.40294 -3120.74              -4.39352 -14535.1 11.0507
1.84              -26972.1 -9.06799 -2695.04              3.18796 -12013.6 48.167
1.85              -26804.7 -0.373565 -2297.31              1.62815 -9672.85 -6.80905
1.86              -26357.9 -10.9734 -1971.89              6.98692 -7821.26 39.4202
1.87              -25747.2 -7.36686 -1468.47              7.85075 -4826.03 16.8667
1.88              -24142 -0.194342 -1052.32              6.08788 -2687.02 -24.9883
1.89              -22895.8 -4.00878 -188.445              6.67554 2421.34 0.762003
1.9              -21987.9 0.289956 387.231              5.42361 5804.89 -30.1115
1.91              -20744.9 3.50804 1043.95              4.32824 9606.92 -40.7201
1.92              -19323.6 -3.11374 1816.08              6.94032 14022.7 -3.3802
1.93              -17323.4 -10.4942 2469.64              6.4972 17545.5 49.3247
1.94              -15614.3 -16.7774 3073.2              6.27092 20848.5 87.6942
1.95              -14004.5 2.71824 3822.89              0.986241 25139.9 -18.5073
1.96              -12238.4 3.77955 4601.98              1.34988 29520.1 -28.8385
1.97              -10391.1 0.52307 5588.99              -0.649873 35139.9 -11.0384
1.98              -8617.85 -1.72338 6347.99              -4.93045 39333.8 -5.51213
1.99              -6962.03 8.85754 7162.37              -13.9772 43984 -66.8059
2              -5272.4 3.89305 8076.7              -17.8741 49211.2 -43.0951
2.01              -3129.67 -0.840834 9366.1              -15.2566 56560.9 -13.6995
2.02              -1110.43 0.134784 10226.9              -11.9762 61331.6 -18.2995
2.03              567.795 8.09666 10659.4              -9.51563 63669.3 -60.2341
2.04              2663.67 5.75525 11247.1              -8.72998 66861.2 -50.1847
2.05              4704.35 0.818662 11987.1              -6.68305 70910 -22.1261
2.06              6838.19 -1.32912 12807              -5.1682 75396.9 -1.2327
2.07              8547.9 -1.40533 13118.5              -4.04384 76977.8 1.60866
2.08              10175.7 8.77799 13466.5              -2.76405 78799.8 -45.8319
2.09              11800.4 7.17883 13820.1              -1.41644 80701.4 -34.4072
2.1              13255.7 7.52535 14142.8              -0.192656 82399.5 -33.9338
2.11              14716.4 4.87923 14650.7              0.621724 85175.4 -20.9219
2.12              16046.1 1.10742 15207.9              2.11716 88231.9 -1.26319
2.13              16808.1 2.53688 15140.5              1.14331 87772.2 -12.4879
2.14              17866 -1.65155 15626.4              2.35871 90435.6 7.97132
2.15              18586.1 -3.61562 15714.5              2.34064 90843.8 15.7693
2.16              19362.1 -2.21635 15815.8              1.87729 91280.5 9.01905
2.17              20213.5 -4.93478 15763.8              0.930778 90735.7 20.7866
2.18              21119.5 -3.0335 15241.2              -0.562542 87364.4 11.9669
2.19              22323 -12.5663 14950.8              -0.359916 85216.4 55.6096
2.2              22677.4 0.214688 14305.2              -0.548271 81276.9 -11.7867
2.21              23001 -0.31966 13797.9              1.82896 78143.6 -12.0795
2.22              23071.9 0.335909 13504.2              4.61066 76350.9 -15.0922
2.23              22618.5 9.20723 13404.4              7.77463 75899.6 -62.2712
2.24              22554.4 7.80934 12850.8              8.03445 72597 -53.1104
2.25              22728.5 17.4041 12127.1              5.50432 68202.4 -104.102
2.26              22892.6 12.8549 11387.7              7.76973 63692 -75.4814
2.27              23101.3 2.36694 10587.1              7.56459 58769.7 -7.18504
2.28              23061.6 0.696988 9668.88              9.43746 53182.9 9.95446
2.29              22848.6 -12.7997 8979.36              12.7587 49059.3 80.2561
2.3              22480.6 -4.496 8227.56              12.5945 44570.9 38.2227
2.31              22100.5 -2.29784 7771.98              13.576 41827.8 26.4086
2.32              21271.6 -7.91764 7172.07              15.4509 38391.4 61.2834
2.33              20455.4 -8.73514 6474.46              12.582 34328.9 67.152
2.34              19682.9 -14.862 5829.24              13.2146 30563 100.447
2.35              18891.8 2.19373 5447.08              11.3747 28380.2 16.1214
2.36              17809.1 -0.355194 4832.04              11.0719 24841.1 33.234
2.37              16993.3 0.19295 4462.02              15.034 22745.3 35.2756
2.38              15717.5 -16.1074 3622.92              13.7099 17867.3 123.973
2.39              14617.6 17.654 3494.01              12.2548 17280.1 -54.6992
2.4              13126.3 14.3937 3223.58              10.4263 15896.1 -38.4354
2.41              11596.1 25.0883 2772.86              8.55039 13450.1 -93.3192
2.42              10042.7 9.88987 2134.49              5.1025 9813.42 -7.61533
2.43              8727.97 44.2116 2169.47              1.21193 10276.5 -187.05
2.44              7301.46 22.8885 1909.19              -0.3344 8899.32 -65.4846
2.45              6111.71 15.7651 1785.3              -1.1953 8350.76 -19.4283
2.46              4623.54 -25.1639 1030.15              0.934671 3927.44 215.483
2.47              3399.07 -4.36583 898.581              0.774252 3334.14 108.724
2.48              2281.68 -34.236 952              8.6234 3835.94 267.64
2.49              830.876 -40.7867 796.18              16.2025 3165.67 290.294
2.5              -464.011 -31.1684 145.222              14.7357 -699.466 215.84
2.51              -1333.52 -5.27102 467.523              13.4114 1495.53 67.8502
2.52              -2723 -4.56083 339.588              8.10858 949.149 63.0292
2.53              -3520.22 7.98399 533.799              -1.13984 2335.39 0.359887
2.54              -4373.58 7.18225 659.397              -9.84936 3312.93 11.1682
2.55              -5570.5 19.781 335.448              -21.2476 1519.11 -58.4332
2.56              -6079.22 41.8483 592.411              -31.8145 3278.8 -193.255
2.57              -6857.46 67.3805 667.124              -42.451 3921.81 -354.056
2.58              -8073.95 93.089 270.119              -51.049 1667.16 -521.662
2.59              -8075.97 110.493 792.288              -57.4597 5016.41 -634.545
2.6              -8960.41 115.933 515.985              -62.0715 3465.16 -674.524
2.61              -9345.62 117.44 552.252              -67.1458 3805.63 -691.941
2.62              -9791.52 104.91 437.517              -68.7299 3187.48 -612.956
2.63              -10373.4 66.0349 48.3945              -64.39 859.693 -369.899
2.64              -10831.2 24.2007 -226.219              -60.0999 -751.972 -111.233
2.65              -11315.1 -16.8961 -498.903              -52.5492 -2336.31 150.463
2.66              -11726.2 -80.1559 -646.027              -33.5803 -3117.33 544.743
2.67              -12063.4 -137.177 -771.134              -8.3422 -3762.27 884.577
2.68              -12638.6 -181.133 -1062.12              23.7212 -5391.78 1128.16
2.69              -13418.7 -206.485 -1459.85              56.9601 -7633.7 1252.74
2.7              -14474.1 -208.272 -1790.25              91.785 -9387.18 1236.32
2.71              -15567.9 -208.244 -2205.75              115.719 -11667.4 1206.58
2.72              -16812.1 -190.366 -2656.55              126.851 -14151.3 1073.55
2.73              -18053.4 -161.875 -3120.74              144.476 -16763 863.706
2.74              -19311.7 -131.35 -3792.85              149.351 -20727.7 648.204
2.75              -20175.1 -111.175 -4069.39              125.223 -22300.6 532.438
2.76              -21080.9 -70.7921 -4227.13              81.5735 -23107.7 319.403
2.77              -22052.9 -20.8313 -4487.28              23.252 -24527.1 67.9687
2.78              -22363.3 15.1158 -4451.89              -16.315 -24227.8 -113.012
2.79              -22647.8 20.4903 -4459.86              -17.2784 -24225.2 -152.283
2.8              -23085 45.492 -4067.34              -30.9686 -21618.1 -291.585
2.81              -23133.3 83.8745 -3469.77              -52.7662 -17820.6 -506.335
2.82              -23190.1 107.419 -2876.14              -71.4799 -14035.6 -641.012
2.83              -23570.5 124.436 -2130.37              -76.4165 -9182.88 -751.067
2.84              -24356.8 119.767 -1328.12              -75.739 -3867.44 -736.536
2.85              -24486 117.899 -221.908              -63.9323 3128.36 -738.444
2.86              -24142.8 107.266 704.559              -60.9485 8841.88 -672.401
2.87              -23223.5 81.7726 1499.24              -55.1096 13529.8 -524.166
2.88              -21880.6 91.6446 2108.13              -52.1885 16934.7 -568.223
2.89              -20152.9 69.0578 2886.1              -40.0103 21257.1 -438.822
2.9              -18433.6 41.0153 3881.17              -31.2926 26933.4 -270.924
2.91              -16792.3 6.80418 4545.98              -19.7103 30582.8 -83.1293
2.92              -14854.5 5.67539 5370.47              -14.9347 35167.8 -67.8839
2.93              -13027 4.00272 6417.27              -9.17899 41112.6 -57.5059
2.94              -11112 3.03689 7477.26              -2.95319 47106.5 -40.0998
2.95              -9313.79 5.81581 8363.88              4.85342 52066.1 -50.7606
2.96              -7458.41 38.3035 9277.4              14.0156 57266.9 -220.926
2.97              -5467.65 59.9021 10175.9              27.2811 62320.1 -340.722
2.98              -3331.1 70.149 11187              40.9459 67979.4 -384.66
2.99              -1383.82 74.7133 11919.3              52.6936 71971.2 -405.765
3              482.495 97.7792 12582.7              55.5572 75575.1 -524.382
3.01              2515.22 85.6862 13297.1              54.9908 79472.7 -459.566
3.02              4374.35 81.2978 13943.5              51.1835 83004.4 -441.599
3.03              6435.71 55.1431 14359.7              47.1537 85124.2 -308.141
3.04              8308.11 14.7268 14685.4              42.8539 86760.8 -99.0376
3.05              10259 -4.75847 15005.9              36.3166 88355 1.68237
3.06              12322.5 -33.67 15320.8              30.0524 89881.8 155.033
3.07              13990.6 -47.199 15403.1              22.8204 90097.8 229.262
3.08              15729.9 -58.2715 15629.9              19.1595 91119.6 295.959
3.09              17213.1 -67.5402 15792.6              18.1188 91843 352.723
3.1              18367.8 -69.1845 15754              19.4443 91445 367.336
3.11              19589.8 -71.1364 15742.7              23.8816 91142 380.312
3.12              20558.6 -69.9234 15756.3              29.6805 91050.6 376.524
3.13              21259.8 -65.2989 15775.1              34.4201 91049.4 355.89
3.14              21841.4 -67.0128 15701              38.2871 90492.6 364.945
3.15              22458.7 -63.5744 15518              42.1896 89224.1 344.417
3.16              23065.7 -59.0365 15301.3              44.853 87732.3 319.409
3.17              23537.6 -60.8065 14965.4              49.3101 85537.4 328.445
3.18              23775.1 -56.91 14559.2              50.9698 83004.9 303.665
3.19              24047.2 -51.807 14116              55.9783 80216.3 271.486
3.2              24303 -45.6221 13741.9              58.0037 77808.5 226.112
3.21              24398.4 -42.3404 13077.4              59.4434 73731.1 201.538
3.22              24430.4 -28.892 12530.9              59.7285 70345.4 120.602
3.23              24487.3 -23.1135 11739.2              63.1109 65516.7 81.8015
3.24              24247 -23.4402 11040.5              60.3208 61293.3 78.0779
3.25              23668.5 -11.8926 10396.2              56.2662 57458.2 11.499
3.26              23322.9 -0.601868 10046.6              47.5539 55335.2 -58.4899
3.27              22479 18.517 9465.1              39.1862 51947.4 -165.231
3.28              21529.4 26.2821 9131.61              30.9238 50052.9 -209.408
3.29              20652.2 36.2428 8503.23              19.1117 46378.4 -269.134
3.3              19643.3 41.4963 7869.66              12.4049 42670.3 -290.888
3.31              18877.1 25.9325 7753.86              8.54333 42045.3 -211.082
3.32              17615.7 18.2966 7073.14              1.784 38161.4 -161.987
3.33              16382.7 23.8451 6507.21              -5.04263 34932.8 -185.816
3.34              15277.4 17.6494 6213.89              -6.51792 33335.1 -145.049
3.35              14194.4 26.3538 5702.44              -6.99431 30381.8 -189.083
3.36              12689.4 40.6056 5262.11              -12.1778 28011.8 -259.263
3.37              11219.8 62.0283 4820.93              -20.5948 25602 -374.158
3.38              9934.89 58.4732 4514.61              -22.7835 23980 -340.599
3.39              8677.21 55.3751 4043.31              -24.767 21338.9 -309.46
3.4              7364.44 61.7589 3940.72              -31.2686 20970.1 -331.743
3.41              5870.2 72.3521 3434.54              -40.3631 18166.7 -375.165
3.42              4764.47 61.8527 3257.68              -42.4882 17299 -293.902
3.43              3558.04 54.7231 2832.49              -47.1698 14934.9 -236.139
3.44              2446.74 42.2616 2792.99              -53.1999 14915.1 -151.141
3.45              1065.68 28.8252 2410.95              -57.6056 12848.3 -54.9586
3.46              30.4685 9.52433 2297.09              -54.6739 12370.6 67.1834
3.47              -1363.02 -8.22882 1616.93              -57.489 8450.08 179.78
3.48              -2094.23 17.7217 1773.55              -62.5771 9604.17 21.6179
3.49              -3632.22 25.783 1152.18              -65.286 6056.84 -38.1379
3.5              -4538.84 10.9821 1098.9              -60.9352 5933.86 46.6765
3.51              -5725.67 27.1753 650.109              -59.1265 3393.28 -51.7971
3.52              -6662.12 45.0264 287.311              -54.3009 1334.62 -162.514
3.53              -7412.88 83.0849 169.71              -46.163 781.369 -391.108
3.54              -8418.96 97.3112 -161.909              -38.2852 -1083.07 -481.404
3.55              -9132.05 87.8637 -331.109              -25.5388 -1980.75 -424.763
3.56              -9664.54 53.4321 -424.872              -4.61577 -2444.6 -210.599
3.57              -10256 0.832291 -685.126              15.1052 -3949.02 132.622
3.58              -10689.9 -75.8875 -892.726              32.0424 -5136.14 642.461
3.59              -11380.2 -147.299 -1454.24              42.1328 -8507.19 1127.91
3.6              -11625.6 -202.948 -1630.25              50.3444 -9533.05 1511.85
3.61              -11871.1 -237.58 -1686.02              53.6582 -9791.79 1761.58
3.62              -12363.7 -268.031 -1860.91              52.0602 -10730.6 1982.72
3.63              -12953.3 -284.053 -1914.26              64.5768 -10857.5 2080.14
3.64              -13899.3 -268.43 -1988.68              88.6234 -11006.7 1935.84
3.65              -15094.2 -246.423 -1927.49              120.452 -10224.9 1726.29
3.66              -16621 -230.576 -1806.95              140.866 -8979.76 1562.22
3.67              -18306.2 -224.535 -1715.21              146.474 -7870.59 1469.48
3.68              -19826.8 -232.639 -1416.28              143.621 -5519.53 1479.28
3.69              -21296.2 -207.292 -1175.67              124.498 -3546.63 1292.94
3.7              -22895.4 -185.512 -816.668              96.9234 -784.566 1150.82
3.71              -24121.2 -165.764 -622.278              56.5119 786.053 1046.92
3.72              -24565.9 -129.22 -280.552              -7.74924 3020.37 862.344
3.73              -25010.5 -92.302 -143.15              -71.0214 3981.14 683.539
3.74              -25252.1 -46.9137 -153.462              -117.841 3974.13 457.433
3.75              -25516.2 -49.2066 -113.675              -144.391 4255.36 504.691
3.76              -25322.4 -45.6922 -157.595              -150.252 3884.79 508.928
3.77              -24691.7 -44.8442 -320.661              -150.378 2639.22 501.894
3.78              -23711 -56.5459 -197.311              -146.219 3121 554.665
3.79              -22933.3 -47.6252 -240.014              -129.304 2664.9 461.682
3.8              -22331 -29.6336 163.877              -116.128 5069.88 307.485
3.81              -21795.3 15.676 584.647              -105.206 7605.69 -7.08319
3.82              -20945.6 40.4194 1059.24              -83.1677 10351.6 -208.091
3.83              -20035.1 61.6483 1681.28              -71.3378 13975.6 -374.529
3.84              -18844 79.0701 2113.03              -56.3763 16304.8 -512.511
3.85              -17625.1 88.536 2558.3              -42.6934 18744.1 -601.358
3.86              -16576.3 84.1203 3277.57              -26.9554 22932.7 -611.256
3.87              -15594.3 80.2696 4165.07              -16.0907 28198.5 -614.521
3.88              -14301.6 75.9054 4811.3              -10.4874 31851.3 -599.046
3.89              -12842.7 70.2656 5661.57              -11.6062 36733.2 -561.556
3.9              -11355.4 61.3977 6471.82              -14.3698 41328 -504.071
3.91              -9863.72 48.708 7413.1              -21.1104 46697.6 -423.854
3.92              -8053.5 50.146 8052.66              -34.44 50117.5 -419.099
3.93              -6277.85 44.9991 8700.52              -50.9591 53672 -381.265
3.94              -4267.24 31.7125 9504.66              -63.184 58063.4 -296.214
3.95              -2241.79 15.1199 10336.4              -71.7881 62612.2 -187.337
3.96              -336.355 -9.85736 11027.9              -70.4752 66324.3 -35.0513
3.97              1581.62 -13.8001 11647.6              -61.9701 69662.9 6.35544
3.98              3307.33 -38.3553 12164.6              -44.5209 72378.9 162.005
3.99              5211.73 -50.028 12743.4              -24.8587 75406.6 245.531
4              7117.76 -65.6305 13414.1              -4.76618 78954.8 352.722
4.01              8776.97 -81.8184 13778.8              15.3272 80719.9 457.951
4.02              10210.7 -81.5681 14104              31.6661 82342.9 473.64
4.03              11603.2 -90.3124 14516.4              48.2081 84507.5 532.484
4.04              12831.1 -100.188 14875.8              62.8199 86349.5 596.771
4.05              13905.4 -99.4946 15247.5              72.9879 88291.8 598.666
4.06              14867 -95.2415 15647.9              81.0683 90427 575.412
4.07              15447 -87.9655 15710.5              85.3679 90663.3 532.144
4.08              16333.1 -77.5457 16228.9              87.5623 93469.4 469.899
4.09              16801 -66.1394 16183.2              88.4032 93071.9 401.092
4.1              17317.3 -43.0804 16235.3              84.3765 93220.6 267.791
4.11              17726.2 -11.8599 16099.3              75.9306 92284.6 87.5031
4.12              17980.7 20.5175 15732.2              66.7759 90037.7 -99.19
4.13              18396.9 61.2168 15530.4              51.2871 88694.3 -333.538
4.14              18468.4 102.819 15016.9              36.4 85642.9 -567.097
4.15              18631.2 121.131 14810.7              29.1061 84379.4 -671.08
4.16              18768.1 128.259 14568.5              21.3536 82920.1 -711.167
4.17              18974.5 130.199 14244.5              16.0155 80975.4 -731
4.18              19114.6 134.599 13593.1              16.133 77127 -776.446
4.19              19324.4 139.244 12936.8              17.0845 73225.6 -822.106
4.2              19565.8 140.735 12475.5              20.633 70459.8 -848.293
4.21              19644.3 169.467 11902.8              18.1655 67026.2 -1024.73
4.22              19834.8 169.357 11172.1              20.9646 62614.3 -1047.29
4.23              19992.2 184.297 10879.1              16.0679 60840 -1140.69
4.24              19883.1 219.567 10360              3.85852 57754.5 -1350.95
4.25              19709 255.845 9937.64              -16.988 55282.6 -1558.95
4.26              19328 307.178 9427.38              -39.8217 52378.4 -1854.39
4.27              18910.5 378.511 8793.3              -81.841 48660.2 -2248.63
4.28              18872.9 448.042 8672.03              -118.917 47971.9 -2647.57
4.29              18358.7 493.597 8147.6              -151.745 44943.6 -2898.55
4.3              17952.6 555.887 7570.5              -192.064 41585 -3243.48
4.31              17196.4 564.339 6904.9              -213.447 37752.8 -3282.74
4.32              16839 570.198 6569.57              -223.049 35783.3 -3307.07
4.33              15604 566.753 5852.72              -220.979 31682.2 -3283.75
4.34              14635 555.802 5402.46              -211.63 29129.2 -3223.21
4.35              13535.4 546.451 4790.11              -193.535 25607.5 -3186.83
4.36              12546.8 521.677 4344.24              -161.78 23056 -3058.47
4.37              10999.3 489.331 3908.34              -127.605 20664.6 -2881.93
4.38              9546.92 438.47 3584.74              -95.7995 18977.1 -2587.46
4.39              8027.22 446.989 2858.65              -78.6916 14796.7 -2653.58
4.4              6830.76 471.369 2555.22              -60.8168 13172 -2818.62
4.41              5321.65 479.027 2160.91              -45.5117 10978.1 -2877.7
4.42              3950.08 478.306 2010.77              -23.9804 10317.9 -2892.02
4.43              3124.19 454.678 2151.32              5.62114 11344.4 -2777.14
4.44              1576.72 415.557 1436.8              44.0094 7206.84 -2579.94
4.45              677.427 386.786 1690.13              84.5739 8964.44 -2431.65
4.46              -584.527 335.338 1619.4              130.231 8776.43 -2163.78
4.47              -1326.85 260.333 1780.23              171.441 9956.88 -1733.79
4.48              -2371.48 186.429 1722.4              199.593 9820.29 -1294.02
4.49              -3626.58 113.246 1300.58              217.116 7422.26 -856.012
4.5              -4447.29 53.6564 1339.95              230.607 7874.27 -482.249
4.51              -5499.97 -41.4654 1212.55              238.541 7297.36 106.19
4.52              -6487.84 -118.63 1049.96              233.961 6499.05 598.817
4.53              -6724.11 -215.196 1469.34              223.424 9237.41 1225.09
4.54              -7757.57 -333.572 1076.73              206.961 6991.82 2002.58
4.55              -8361.55 -450.595 1055.45              188.634 6991.72 2785.44
4.56              -9005.58 -567.517 829.209              163.211 5718.08 3570.54
4.57              -9634.85 -674.586 516.656              127.544 3903.94 4295.41
4.58              -10051 -753.239 447.548              88.3304 3598.41 4840.86
4.59              -10505.3 -808.656 414.713              45.9946 3549.93 5231.49
4.6              -11066.1 -839.926 477.707              14.4642 4164.55 5453.18
4.61              -11855.7 -859.853 525.772              -3.71485 4780.43 5581.77
4.62              -12584.3 -869.26 598.39              -3.19714 5551.66 5633.6
4.63              -13177.3 -869.64 555.309              21.678 5523.92 5612.57
4.64              -14075.5 -847.124 430.491              80.2983 5026.66 5425.47
4.65              -15304.5 -841.805 421.498              158.692 5375.07 5310.58
4.66              -16825.6 -812.453 489.68              247.221 6275.47 5024.48
4.67              -18484.2 -773.349 706.1              320.572 8144.16 4676.74
4.68              -20211.5 -705.404 738.126              392.133 8845.77 4142.92
4.69              -21330.5 -656.223 943.027              423.794 10438.2 3752.68
4.7              -21584.9 -617.817 1095.39              399.356 11425.3 3487.24
4.71              -21694.2 -599.395 804.901              321.356 9606.26 3402.03
4.72              -21320.8 -590.71 486.981              208.823 7418.75 3412.4
4.73              -21147.1 -584.113 80.0606              91.0958 4738.13 3442.83
4.74              -20908.3 -547.124 -198.544              -40.8005 2850.46 3297.63
4.75              -21179.6 -480.25 -286.192              -162.961 2330.08 2968.32
4.76              -21632.8 -399.275 -571.466              -255.073 639.099 2547.45
4.77              -21880.8 -300.267 -510.188              -317.383 1046.64 2010.47
4.78              -21847.3 -226.741 -423.324              -345.603 1547.08 1597.82
4.79              -21428.2 -135.657 76.7076              -326.964 4519.47 1056.55
4.8              -20481.3 -83.4485 602.98              -281.063 7500.52 731.622
4.81              -19391.9 -33.1411 1062.68              -223.025 10062.7 404.548
4.82              -18160.5 -23.4558 1819.83              -159.989 14443.9 303.129
4.83              -16927 -7.66544 2873.31              -101.474 20654.7 168.027
4.84              -15551.4 -13.3565 3752.06              -54.417 25742.5 166.673
4.85              -14026.1 -6.44568 4699.57              -21.7621 31210.4 100.026
4.86              -12425.9 -13.9634 5678.98              -3.13173 36888.1 119.883
4.87              -10619.5 -7.67741 6774.91              5.36386 43190.2 65.8701
4.88              -8965.1 -15.9154 7526.98              9.328 47429.1 103.559
4.89              -7318.64 -11.34 8259.3              8.34469 51537.9 74.8997
4.9              -5400.89 -16.4627 9177.12              6.69743 56718.9 101.789
4.91              -3767.26 -21.5712 10193.4              4.39106 62538.8 130.995
4.92              -1664.1 -34.6664 11318.8              2.88429 68845.8 209.134
4.93              26.0736 -37.224 11861.4              0.125211 71738.4 226.699
4.94              2017.4 -41.0826 12560.2              -1.31569 75495.8 251.002
4.95              3989.53 -47.9246 13169.5              1.62209 78678.1 290.455
4.96              5988.27 -50.7406 13870.3              2.04799 82372.5 307.467
4.97              7777.85 -51.5 14566.9              5.10206 86094.4 310.558
4.98              9353.15 -47.5986 15051.9              5.65845 88605.6 286.862
4.99              10689.7 -53.0719 15289              9.37526 89703 313.417
5              12290.3 -47.5338 15986              6.93338 93470.5 280.55
5.01              13433.7 -54.1602 16214.2              12.5228 94537.4 316.381
5.02              14469.3 -69.6844 16503.6              14.4687 95979.7 399.157
5.03              15402.7 -74.3136 16784.2              15.9234 97383.4 420.908
5.04              16215.9 -79.9566 17054.3              15.6333 98751.4 447.818
5.05              16914.6 -86.1306 17341.1              15.2131 100247 478.418
5.06              17675.7 -96.3933 17813.9              17.9715 102805 532.809
5.07              17945 -97.6139 17636.6              17.7547 101680 537.551
5.08              18589.9 -115.748 17996.7              21.7258 103586 633.585
5.09              18863.2 -129.515 17721.9              23.4219 101886 709.09
5.1              19373.4 -156.274 17496.2              26.7575 100401 858.037
5.11              20052.6 -197.973 16904.8              29.7318 96739.4 1090.6
5.12              21032.7 -268.079 16034.8              36.6058 91401.6 1478.71
5.13              22828.8 -347.11 15330.7              43.9052 86772.2 1915.88
5.14              24825.2 -421.081 14432.7              50.3375 80863.9 2336.7
5.15              26827.8 -503.254 13157              53.2419 72671.3 2824.85
5.16              28889.5 -502.875 12038.3              58.2718 65325.9 2829.23
5.17              29930.6 -422.513 11062.2              70.4261 59157.3 2362.26
5.18              29888 -450.415 10144.8              70.8693 53660.6 2546.05
5.19              28394.9 -346.432 9925.27              77.1268 52779.7 1943.87
5.2              27432.6 -259.05 10016.1              86.5845 53503.6 1435.65
5.21              24048.2 -180.304 10492.9              88.2754 57358.1 975.238
5.22              23429.5 -50.7138 10048.4              100.533 54792.6 188.878
5.23              21463.9 -38.9734 9914.15              101.105 54534.9 106.914
5.24              19729.8 32.3086 9439.99              99.6374 52134.3 -331.949
5.25              18030.3 104.697 9603.69              100.44 53578.6 -775.874
5.26              15975.7 126.492 9529.93              101.374 53717.4 -910.891
5.27              15600 215.292 8914.65              109.334 50065.1 -1484
5.28              14081.7 262.479 8394.78              117.938 47310.9 -1781.72
5.29              13170.2 319.026 8204.28              136.139 46366.2 -2180.23
5.3              12075.2 322.007 7729.58              170.145 43717 -2244.09
5.31              10429.4 351.379 7160.71              210.03 40670 -2479.67
5.32              9604.27 362.591 6158.14              258.506 34701.9 -2598.85
5.33              8400.75 370.685 5603.47              308.183 31621.7 -2696.93
5.34              7402.34 521.369 5487.73              326.866 31141 -3654.59
5.35              6429.25 682.841 4683.57              346.343 26481.4 -4701.37
5.36              5435.19 886.685 3998.12              342.365 22523.1 -6011.23
5.37              4925.82 1032.51 3739.47              345.059 21066.5 -6975.74
5.38              3870.54 1129.47 3273.65              355.455 18400.7 -7598.05
5.39              2641.28 1189.93 2511.3              366.642 13937.3 -7977.04
5.4              1467.78 1261.58 1758.17              374.73 9487.7 -8409.14
5.41              639.499 1312.53 1414.06              381.949 7490.32 -8718.27
5.42              -311.008 1398.5 1213.21              373.832 6415.28 -9236.21
5.43              -1901.38 1514.91 331.496              329.23 1227.06 -9954.62
5.44              -2652.63 1611.15 451.585              256.462 2113.69 -10539
5.45              -4441.72 1684.82 -610.916              144.826 -4203.51 -10955.6
5.46              -5290.16 1662.68 -719.717              14.9836 -4720.66 -10754.4
5.47              -6159.81 1557.17 -673.56              -131.081 -4279.13 -9992.18
5.48              -7399.55 1339.97 -1064.59              -290.259 -6503.84 -8503.56
5.49              -8194.58 1082.53 -1088.53              -457.218 -6511.4 -6734.18
5.5              -8938.39 799.557 -1136.04              -621.199 -6675.77 -4800.49
5.51              -9721.58 546.804 -1311.5              -768.631 -7637.17 -3064.53
5.52              -10258.9 337.705 -1339.15              -898.873 -7714.45 -1615.7
5.53              -11265.7 165.465 -1958.58              -1000.53 -11417.1 -417.402
5.54              -11676.1 7.66311 -1904.07              -1074.42 -10990.5 664.103
5.55              -12450.5 -123.207 -2208              -1121.67 -12750.9 1555.54
5.56              -13215.5 -212.067 -2389.49              -1150.83 -13743.1 2165.74
5.57              -14058.5 -279.011 -2551.08              -1169.93 -14582.7 2633.41
5.58              -14829.7 -305.305 -2549.3              -1175 -14402.4 2819.04
5.59              -15823.4 -270.246 -2607.31              -1164.57 -14542.5 2602.62
5.6              -17064.8 -196.421 -2695.09              -1139.29 -14805.3 2136.35
5.61              -18339.8 -95.3406 -2715.01              -1099.03 -14641.6 1486.53
5.62              -19795.6 55.3847 -2488.33              -1059.53 -12899.2 526.528
5.63              -21700.7 218.197 -2394.05              -1014.88 -11865.2 -502.478
5.64              -23189.1 345.391 -2145.3              -944.17 -9996.61 -1298.85
5.65              -24144.8 423.71 -1643.48              -852.658 -6717.38 -1804.53
5.66              -25430.7 427.538 -1213.84              -748.445 -3744.42 -1857.01
5.67              -26526.3 380.096 -717.532              -633.004 -352.251 -1616.33
5.68              -27482.3 289.153 -171.396              -512.103 3420.56 -1143.92
5.69              -28054.1 184.628 126.125              -388.656 5469.28 -615.421
5.7              -28438.3 100.729 487.659              -273.826 7918.97 -216.822
5.71              -29402.2 21.6275 1483.22              -163.146 14540.1 149.724
5.72              -30919.7 -40.9219 2700.85              -61.7857 22732.5 418.96
5.73              -32410.4 -91.431 3685.42              29.8754 29462.9 626.656
5.74              -33042.8 -126.575 4359.8              116.931 33921.8 758.687
5.75              -31692.1 -146.848 4632.72              197.517 35264.6 801.418
5.76              -30778.4 -140.193 5212.91              257.108 38664.9 704.181
5.77              -29201.8 -114.727 5565.3              316.191 40428.3 501.197
5.78              -27655.4 -90.9363 5711.28              360.489 40922.3 342.802
5.79              -26678.3 -91.3754 6244.61              389.056 44078.6 343.132
5.8              -25563.2 -83.158 7058.6              398.625 48882.3 313.107
5.81              -24874.9 -87.1078 8093.82              392.252 55153.8 353.653
5.82              -23820.4 -81.7923 8851.27              371.844 59629.2 348.217
5.83              -22178.3 -79.1218 9535.3              348.024 63523.1 342.837
5.84              -20184.1 -87.8208 10321.2              313.745 67848.4 415.583
5.85              -16835.5 -83.3377 10573.9              268.497 68437 404.96
5.86              -14243.4 -63.964 10782.3              214.496 69077.8 315.798
5.87              -11262.8 -55.3013 11027.8              164.416 69898.3 279.054
5.88              -8013.14 -40.8995 11444.8              116.386 71571.7 209.669
5.89              -4098.13 -37.9096 11722.5              72.041 72157.8 202.058
5.9              -802.63 -19.7298 11933.6              28.8851 72538.3 112.525
5.91              2167.07 -16.4261 12166              -8.92418 73279.1 106.955
5.92              4902.61 -7.89145 12430.9              -33.1854 74185.5 71.5196
5.93              7397.61 -7.92719 13138.3              -57.0423 77760 84.2192
5.94              9550.85 -3.60317 13731.2              -73.4229 80756.3 73.157
5.95              11423.1 3.77947 14167.5              -84.0166 82889.5 50.0184
5.96              12953.2 10.869 14531.6              -89.1881 84751.6 31.3755
5.97              14516.8 14.7208 15085.9              -94.5083 87731 27.7882
5.98              15955.3 21.4018 15310              -90.041 88723.2 10.3118
5.99              17549.7 13.4177 15568.1              -88.2697 89832.4 72.4991
6              19050.6 5.84631 15509.8              -86.3747 89127.3 134.163
6.01              20155.8 -16.4045 15866.9              -86.4166 90972.7 276.24
6.02              21342.2 -34.6841 16004.5              -95.1264 91499.2 393.723
6.03              22355.7 -61.6273 16185.6              -107.571 92311.2 556.021
6.04              23656.6 -94.5832 16154.1              -115.451 91791.5 758.142
6.05              23756.6 -121.856 16416.5              -132.192 93274.2 916.079
6.06              23736.9 -161.701 16353              -132.527 92921 1158.44
6.07              23491.4 -204.184 16057.9              -120.248 91268.1 1425.06
6.08              23510.8 -270.817 15941.7              -119.134 90567.5 1823.71
6.09              23861.3 -349.712 15556.8              -81.643 88233.5 2315.6
6.1              23605.8 -425.393 15453.8              -67.3822 87622.3 2761.46
6.11              23017.9 -520.38 15010              -39.7532 85141.6 3328.85
6.12              22669.7 -627.629 14476.8              -1.75962 82101.8 3979.41
6.13              21906.9 -758.995 13916.2              25.2871 78966.1 4764.31
6.14              22087.5 -939.743 13295.6              70.7824 75197.4 5846.78
6.15              21172.6 -1013 12414              93.9619 70215.5 6296.55
6.16              20763 -1074.62 11967.8              87.4396 67532.1 6643.62
6.17              20039 -1206.38 11293.2              109.927 63680.4 7440.74
6.18              19929.8 -1342.33 10621.4              112.298 59533.5 8226.11
6.19              19191.2 -1481.63 9921.6              135.803 55549.9 9045.01
6.2              19004.9 -1566.42 9047.11              129.903 50244.3 9497.69
6.21              18254.3 -1636.29 8143.74              158.43 44959.4 9852.63
6.22              18620.2 -1610.22 7570.91              187.075 41312 9642.12
6.23              16501 -1516.8 7380.4              213.367 40734.5 9015.4
6.24              16209.4 -1396.48 6819.47              267.978 37345.9 8226.24
6.25              14340.9 -1307.7 6259.6              328.128 34401.3 7642.48
6.26              15170.6 -1203.68 5576.14              398.49 29892.2 6952.47
6.27              12830.2 -1121.64 5523.32              446.309 30128.4 6422.68
6.28              13421.4 -1025.99 4803.15              513.244 25435.4 5800.73
6.29              10700.8 -928.389 4400.25              546.702 23629.9 5198.33
6.3              12743.4 -884.806 3766.34              594 19034.5 4923.81
6.31              8968.36 -776.875 3995.23              625.843 21431.4 4268.32
6.32              9789.94 -708.539 3329.3              642.703 17020.1 3871.52
6.33              6886.33 -564.114 3060.02              622.435 16097.9 3014.48
6.34              7712.93 -421.96 2859.2              612.618 14575.1 2180.53
6.35              4748.59 -308.951 2602.82              584.58 13718.1 1503.51
6.36              5135 -217.844 2313.92              572.537 11749.5 948.96
6.37              2867.69 -90.1406 2381.65              540.403 12748.2 168.917
6.38              2539.11 19.1967 1916.1              522.028 9884.66 -496.779
6.39              734.048 118.369 2063.27              497.944 11226.5 -1115.17
6.4              -163.694 218.069 1644.35              473.859 8769.99 -1730.95
6.41              -1291.56 312.2 2024.06              456.13 11474.8 -2322.51
6.42              -2161.99 408.28 1714.47              453.573 9705.52 -2933.41
6.43              -3391.28 504.186 1494.32              452.276 8620.99 -3544.17
6.44              -4014.98 607.503 1856.5              447.256 11072.7 -4191.02
6.45              -5209.64 711.467 1641.56              440.802 9987.88 -4846.99
6.46              -6050.71 813.156 1656.3              432.812 10288.1 -5473.95
6.47              -6620.81 886.024 1816.83              429.65 11467.3 -5920.15
6.48              -7409.9 928.475 1643.52              430.335 10571.5 -6171.38
6.49              -7998.61 946.772 1560.72              434.14 10201.4 -6263.23
6.5              -8395.66 960.775 1536.71              448.925 10178.7 -6332.71
6.51              -9034.43 952.258 1237.65              469.184 8463.2 -6271.84
6.52              -9574 940.528 1112.11              485.155 7825.98 -6185.22
6.53              -10398.9 917.904 827.24              490.322 6266.22 -6012.51
6.54              -11235.8 853.269 697.649              491.031 5727.12 -5570.4
6.55              -12356.8 789.46 320.228              475.063 3733.5 -5123.3
6.56              -13342.6 714.78 539.637              451.714 5507.05 -4602.29
6.57              -14921.1 663.142 386.466              422.294 5056.1 -4211.8
6.58              -16008.5 593.351 625.121              415.411 6954.17 -3763.37
6.59              -17328 536.865 675.414              415.836 7711.5 -3421.25
6.6              -18393.2 484.238 846.524              414.599 9151.32 -3117.62
6.61              -19177.3 428.28 785.563              417.93 9019.2 -2822.28
6.62              -20292.8 442.002 1133.82              407.146 11564.3 -2971.82
6.63              -21413.7 442.89 1621.62              381.196 14976.4 -3034.43
6.64              -22501.3 476.776 1753.19              343.234 16108.3 -3285.54
6.65              -22882 521.89 2077.68              301.818 18271.6 -3578.96
6.66              -23159.8 593.923 2023.27              254.356 17902.1 -3996.76
6.67              -22818.1 601.794 2111.29              221.469 18266.2 -3999.96
6.68              -22287 600.654 2101.67              204.482 17962.8 -3943.45
6.69              -21507.3 562.369 2257.7              209.805 18634.2 -3666.98
6.7              -20811.1 504.121 2278.28              227.11 18514 -3290.88
6.71              -20337 462.52 2376.62              235.918 18926.8 -2995.12
6.72              -19489.5 414.216 2729.17              244.075 20815.8 -2681.4
6.73              -19236.4 353.323 3318.84              249.975 24390.5 -2302.19
6.74              -18408.3 304.653 3798.28              258.172 27109.5 -1999.88
6.75              -18067.9 267.379 4285.98              267.619 30038.9 -1759.48
6.76              -17466.9 210.007 5000.73              272.307 34297.1 -1407.54
6.77              -16557.7 147.342 5712.91              267.265 38449 -1019.23
6.78              -15557.7 80.1745 6463.92              257.988 42809.6 -614.467
6.79              -14761.6 12.6113 7011.62              240.153 45993.1 -195.298
6.8              -13413.6 -47.9685 7699.61              222.72 49835.3 166.706
6.81              -11802.5 -96.1631 8391.41              206.562 53639.8 452.064
6.82              -10257.6 -146.673 9310.01              195.571 58818.7 744.275
6.83              -8960.9 -159.945 9782.49              177.376 61382.5 824.738
6.84              -7554.54 -168.644 10613.5              158.883 66053.8 874.644
6.85              -6059.45 -180.858 11643              140.535 71907.9 950.501
6.86              -4289.27 -189.03 12624.4              127.971 77348.4 1002.02
6.87              -2416.02 -180.74 12944.1              116.312 78759.7 970.916
6.88              -158.741 -184.265 13501.1              104.503 81513.8 1000.99
6.89              2192.06 -187.704 13959.4              98.0742 83618.2 1026.62
6.9              4595.54 -186.031 14406.1              92.1007 85649.9 1026.18
6.91              6672.5 -185.162 14717.9              85.1696 86972.8 1023.14
6.92              8561.49 -160.22 15104              77.4684 88794.9 889.022
6.93              10147.5 -151.515 15403.8              72.0376 90201.6 846.737
6.94              11826.7 -156.549 15817.1              68.0876 92254.4 880.911
6.95              13178.3 -160.901 16062              65.4262 93369.7 913.008
6.96              14382.4 -158.069 16363.1              64.3909 94857.3 905.057
6.97              15323.3 -174.616 16458.4              67.8894 95195.8 1010.06
6.98              16138.6 -191.278 16584.2              73.6123 95727.6 1114.41
6.99              16946.3 -211.28 16746.7              80.9511 96458 1236.85
7              17930.5 -251.502 16894.5              94.2339 97008.2 1476.06
7.01              18931.6 -269.715 16568.2              106.493 94759.7 1587.11
7.02              20284.9 -250.915 16038.2              113.359 91190.6 1475.88
7.03              22065.4 -270.023 15410.4              123.054 86890 1593.18
7.04              24304.9 -353.384 14487.5              140.883 80720.2 2095.41
7.05              25455.6 -376.884 13501.9              145.946 74553.6 2250.79
7.06              26610.7 -354.651 13138.9              138.279 72025.2 2133.52
7.07              26645.7 -339.786 12877.6              128.564 70427.6 2064.31
7.08              26651 -318.015 12421.7              114.778 67671.6 1955.91
7.09              26219.8 -428.716 11907.5              105.7 64640.1 2648.76
7.1              25755.3 -496.791 11497.2              99.2011 62399.1 3071.89
7.11              25918.8 -636.176 10999              82.3702 59367.6 3897.25
7.12              24224 -442.636 10576.1              21.805 57318.1 2743.34
7.13              22656.8 -214.937 10778              -51.9488 58920 1351.88
7.14              22279.6 -81.9065 10348.2              -119.532 56504 535.091
7.15              21238.3 6.36844 10076.1              -172.113 55211.8 -31.3041
7.16              21076.6 289.963 9518.7              -244.16 52075.9 -1785.25
7.17              20134.1 366.482 9354.36              -255.764 51500 -2321.04
7.18              19730.1 460.706 8579.11              -225.245 47100.9 -2942.73
7.19              18945.8 565.66 8806.21              -186.554 48811.7 -3606.02
7.2              17868.4 631.784 8438.22              -134.463 47005.7 -4030.87
7.21              17142.4 591.642 8195.71              -59.987 45848.7 -3818.32
7.22              16049.3 529.628 7605.57              6.15599 42560.4 -3476.21
7.23              15383.6 541.592 7776.98              49.7965 43755.3 -3559.63
7.24              13903.5 562.661 7264.24              76.5693 41022.7 -3717.9
7.25              13504.1 515.774 6987.93              113.626 39425.1 -3463.07
7.26              12063.3 585.242 6272.69              121.352 35399.4 -3927.33
7.27              11423.5 650.993 6405.84              139.546 36354.9 -4363.16
7.28              10311.5 690.886 6124.8              157.676 34854 -4644.63
7.29              9172.55 717.929 6056.88              186.31 34666.8 -4834.67
7.3              7944.44 738.973 5566.97              221.109 31861.1 -4982.71
7.31              7266.44 739.86 5657.84              269.517 32522.6 -4994.01
7.32              5673.63 745.579 5170.54              324.275 29836 -5040.19
7.33              4796.21 725.953 5104.41              384.76 29585.6 -4926.5
7.34              3146.64 732.372 4182.41              441.051 24189.4 -4962.95
7.35              2968.45 724.27 4812.61              498.392 28136 -4924.57
7.36              1228.75 708.291 3918.04              556.868 22926.4 -4835.05
7.37              151.343 674.46 3668.84              628.706 21592.7 -4653.78
7.38              -968.06 660.761 3303.06              702.288 19557 -4617.07
7.39              -2675.59 660.027 2201.59              768.514 13002.6 -4674.41
7.4              -3108.31 656.409 2419.13              819.233 14464.9 -4696.85
7.41              -4595.48 644.291 1728.16              853.638 10432.5 -4654.24
7.42              -5756.63 630.652 1191.92              880.268 7300.93 -4597.95
7.43              -6827.25 591.264 657.15              893.1 4158.08 -4367
7.44              -7694.56 518.493 335.962              898.885 2309.96 -3929.41
7.45              -8493.42 432.795 48.8871              880.35 664.671 -3394.16
7.46              -9535.95 320.385 -560.944              846.036 -2969.01 -2675.89
7.47              -10400.1 240.387 -963.044              805.524 -5311.83 -2152.86
7.48              -11283.4 202.372 -1184.01              746.896 -6493.32 -1868.24
7.49              -12432.8 173.31 -1542.93              682.07 -8456.22 -1617.38
7.5              -13514.2 152.843 -1645.19              596.385 -8813.62 -1394.81
7.51              -14800.5 131.247 -1766.24              509.741 -9220.48 -1158.61
7.52              -16277.9 145.25 -1717.25              421.012 -8499.12 -1144.89
7.53              -18415.3 199.365 -1412.45              326.266 -5953.06 -1384.97
7.54              -20713.3 234.103 -1070.17              225.888 -3129.63 -1503.25
7.55              -23000.8 306.538 -711.686              136.41 -217.139 -1885.19
7.56              -24677.5 304.422 -287.235              40.7174 2899.31 -1783.19
7.57              -26067.7 319.622 -216.905              -59.576 3689.73 -1779.97
7.58              -29002.8 299.763 611.571              -163.028 9753.67 -1549.95
7.59              -30750.8 260.52 1213.23              -258.008 13971.6 -1227.91
7.6              -30240.1 229.168 1436.16              -355.924 15065.4 -975.495
7.61              -28870.9 199.266 1227.11              -468.102 13183.5 -713.643
7.62              -27881.3 137.515 1046              -576.864 11616.1 -270.121
7.63              -27762.1 52.2147 1078.05              -675.515 11652.6 336.914
7.64              -27906.2 -49.7254 1607.15              -758.12 14894.2 1030
7.65              -27892.7 -191.358 2264.36              -808.618 18935.3 1947.18
7.66              -27067.3 -365.803 2850.4              -835.698 22314.8 3043.08
7.67              -26016.1 -533.548 3127.8              -828.515 23735.8 4062.23
7.68              -24502.8 -703.058 3215.63              -792.842 23847 5047.36
7.69              -23717.5 -832.238 3647.92              -720.18 26337.8 5750.63
7.7              -22874.5 -932.652 4155.82              -614.724 29269.4 6262.88
7.71              -22402.4 -990.755 4696.3              -491.812 32517.9 6487.94
7.72              -22120.3 -1004.86 5056.56              -370.673 34710.4 6445.24
7.73              -21954.8 -1004.84 5922.84              -251.821 40014.7 6286.09
7.74              -21267.8 -995.913 6674.59              -158.292 44455.7 6081.2
7.75              -20192.2 -971.132 7209.01              -85.9178 47403.6 5789.67
7.76              -19620.6 -908.015 7946.12              -18.6888 51824.4 5300
7.77              -18279.3 -861.429 8828.05              47.9323 56867.4 4925.15
7.78              -16257 -814.702 9440.66              93.9127 60127.3 4594.55
7.79              -13835.1 -750.418 10056.1              119.819 63263 4181.85
7.8              -12014.9 -657.451 10544.6              124.556 65936.4 3632.07
7.81              -9381.88 -597.6 11239              119.327 69563.8 3293.54
7.82              -7845.5 -529.199 12177.2              102.781 75029.7 2924.11
7.83              -6265.25 -477.866 13416.3              88.0884 82232.6 2654.65
7.84              -4276.92 -409.602 13721.1              70.0388 83703.2 2288.87
7.85              -2175.42 -366.696 14403.3              58.5908 87419.7 2062.7
7.86              323.527 -315.36 14762.3              51.364 88977.4 1790.71
7.87              3003.51 -259.826 15149.9              44.5423 90619.9 1494.46
7.88              5906.18 -209.14 15647.7              41.4021 92788.1 1224.52
7.89              8545.29 -134.654 15515.2              32.1225 91337.7 827.418
7.9              10941.9 -93.4376 15566.4              25.3432 91119.2 614.637
7.91              13065.7 -32.8108 15866.4              12.2384 92362.7 302.242
7.92              14905.2 22.6221 15906.4              -0.0592001 92212.6 15.2455
7.93              17235.3 72.5472 15918.8              -12.9091 91681.4 -231.639
7.94              20683.4 124.982 15262.9              -32.4717 86818.7 -483.954
7.95              26067.2 172.942 14363.8              -48.2264 79821.9 -705.02
7.96              30387.6 217.771 13060.5              -62.9473 70773.2 -910.005
7.97              34183.1 255.437 12872              -68.8395 68370.1 -1077.98
7.98              34855.5 306.504 11449.8              -80.467 59768.7 -1339.79
7.99              36161.8 377.84 11385.6              -93.312 58847.2 -1721.9
8              35873.7 438.168 11049              -113.456 56845 -2050.7
8.01              34956.3 497.939 11240.7              -143.286 58156.5 -2391.92
8.02              33715.2 611.876 10796.1              -197.545 55912.7 -3056.73
8.03              32107.3 693.467 11075              -244.412 58042.9 -3530.99
8.04              29946.7 691.477 11256.3              -268.773 59857.6 -3505.22
8.05              28142.4 591.992 11098.7              -263.992 59621.3 -2887.9
8.06              25863.2 512.124 11412.9              -251.576 62353.6 -2371.15
8.07              25065.7 421.64 11132.5              -226.645 61202.1 -1771.15
8.08              24438.5 331.549 10830.4              -210.465 59897.2 -1201.53
8.09              24526.9 382.995 10030.4              -232.328 55366.5 -1483.79
8.1              24812.2 366.071 10071.1              -251.047 55729.1 -1423.93
8.11              24863 303.82 9656.13              -259.224 53395.2 -1145.37
8.12              24081.5 275.168 9404.14              -244.059 52221.5 -1098.15
8.13              23094.2 225.769 9248.11              -210.031 51694 -928.734
8.14              22147.4 230.493 8751.11              -164.679 48953.9 -1069.83
8.15              21792.8 159.304 8821.8              -92.7885 49394.5 -759.625
8.16              20884.5 127.249 8599.05              -25.4693 48307.1 -651.852
8.17              19964 34.9664 8274.17              62.1172 46531.8 -196.815
8.18              18921.5 -75.159 8021.3              156.818 45285.4 384.119
8.19              17964.5 -94.2947 7661.99              238.542 43213.7 412.3
8.2              16667.8 -117.065 7883.91              326.639 44856.6 501.673
8.21              15702.6 -170.434 7459.25              414.63 42443 766.045
8.22              14831.1 -188.02 7861.4              498.15 45110.2 828.189
8.23              12945.3 -181.194 6817.47              563.269 39094.4 732.541
8.24              12016.2 -135.607 6880.15              633.694 39650.9 447.805
8.25              10598 -122.951 6532.02              698.893 37754.8 306.3
8.26              9761.77 -67.2961 6485.83              751.029 37648.3 -65.8727
8.27              8223.44 -46.2219 5388.91              792.616 31120.1 -226.731
8.28              6995.82 -3.93912 5006.25              828.145 28972.9 -452.753
8.29              5704.01 -87.1802 4708.64              863.663 27299 31.0606
8.3              4464.8 -186.19 4442.5              898.733 25897.1 619.507
8.31              2758.03 -339.083 3322.43              941.435 19197.1 1494.59
8.32              1258.97 -419.568 2742.68              981.046 15845.9 1987.3
8.33              -391.7 -564.962 2263.69              1030.56 13102.8 2810.17
8.34              -1968.85 -701.42 1648.56              1084.65 9552.85 3609.94
8.35              -3426.27 -805.31 1141.91              1127.04 6629.89 4202.37
8.36              -5001.39 -915.541 227.644              1172.6 1157.59 4830.97
8.37              -6219.13 -997.61 -150.021              1208.2 -999.96 5318.16
8.38              -7881.14 -1089.76 -786.079              1232.62 -4738.67 5823.4
8.39              -9299.89 -1178.5 -1315.84              1250.06 -7852.39 6305.87
8.4              -10105.6 -1211.54 -1335.02              1256.18 -7860.12 6436.53
8.41              -11407.9 -1173.87 -1932.64              1243.8 -11419.8 6158.2
8.42              -12341.5 -1147.07 -2203.84              1211.57 -12998 5959.64
8.43              -13064.2 -1088.06 -2260.41              1148.26 -13273.1 5618.99
8.44              -14357.7 -1008.41 -2909.79              1058.52 -17142.9 5188
8.45              -15328.2 -941.453 -3033.5              948.263 -17720.4 4865.93
8.46              -16426.2 -873.345 -3025.75              817.526 -17404.7 4557.2
8.47              -17772.4 -799.399 -2784.19              670.742 -15514.7 4240.3
8.48              -19274.3 -715.519 -2161.25              514.349 -11130.7 3861.42
8.49              -21792.1 -607.498 -1974.97              343.26 -9189.41 3355.73
8.5              -23550.7 -469.478 -1785.69              171.453 -7463.72 2671.7
8.51              -26103.9 -277.133 -1344.19              5.85478 -3921.48 1646.35
8.52              -29234.3 -66.9926 -537.103              -137.54 2132.31 435.699
8.53              -31464.8 155.83 -325.958              -278.147 4069.22 -857.163
8.54              -32565.7 483.124 -148.876              -412.046 5366.97 -2816.44
8.55              -32153.9 830.734 -797.655              -531.438 908.982 -4924.73
8.56              -30350.8 1111.75 -1554.5              -641.165 -4682.39 -6606.5
8.57              -29267.7 1305.76 -1800.45              -725.861 -6809.92 -7720.97
8.58              -29328.7 1386.96 -2030.15              -771.387 -8429.73 -8141.35
8.59              -28915.8 1412.67 -2145.64              -801.577 -9462.88 -8208.41
8.6              -28500 1358.18 -2394.81              -843.918 -11224.2 -7810.5
8.61              -28601.6 1277.28 -1864.64              -897.169 -7878.12 -7254.6
8.62              -28669.4 1161.83 -1266.05              -943.777 -4049 -6502.05
8.63              -28353.6 985.806 -673.176              -973.2 -364.696 -5397.3
8.64              -28164.8 845.422 -87.1649              -984.555 3344.04 -4504.92
8.65              -27747.1 689.551 576.908              -959.836 7516.91 -3544.62
8.66              -27189.9 583.172 1495.29              -899.856 13191.6 -2879.98
8.67              -26832.9 465.702 2526.11              -806.752 19615.4 -2155.32
8.68              -26208.6 347.585 3356.4              -688.323 24717.9 -1449.66
8.69              -26163.4 280.375 4397.74              -552.378 31386.3 -1038.88
8.7              -24973 240.122 5556.28              -411.442 38392.6 -807.801
8.71              -23291.6 195.676 6415.66              -281.34 43381.8 -554.904
8.72              -22484.2 180.092 7565.32              -190.715 50406.5 -487.542
8.73              -22256 155.867 8884.56              -133.151 58756.2 -400.268
8.74              -22531.3 164.645 10520.3              -103.935 69119.7 -527.699
8.75              -22380.7 161.488 12150              -93.3569 79258.4 -579.961
8.76              -22963.7 147.137 13784.3              -88.4206 89613.5 -556.418
8.77              -24371.1 108.013 15523.1              -88.2566 100993 -392.421
8.78              -23975.9 82.8521 16862.6              -87.8158 109279 -296.882
8.79              -21868.6 65.6634 17612.4              -87.7649 113415 -239.998
8.8              -15973.4 56.3384 17312.2              -86.2892 109938 -225.105
8.81              -6222.43 73.4706 15648.7              -105.256 97134.2 -340.463
8.82              3065.71 59.4789 14205.4              -125.696 85910.8 -281.634
8.83              10680.5 73.9589 13100              -143.525 77150.7 -375.306
8.84              16364.6 86.0768 12472.5              -159.575 71871.7 -455.915
8.85              20328.2 88.9556 12622.7              -174.021 71663.9 -483.739
8.86              23096.6 117.955 12497.1              -186.481 70255.3 -651.009
8.87              25425.5 113.592 12445              -191.06 69425 -637.992
8.88              27376.9 132.687 12703.1              -194.936 70360 -745.235
8.89              28983.4 137.767 12706.2              -188.903 69909.4 -768.851
8.9              30431 142.182 12806.8              -173.076 70034.7 -785.756
8.91              31514.4 149.185 12856.4              -148.761 69936.1 -813.185
8.92              32334.1 159.933 12852              -120.871 69596.6 -867.08
8.93              32832.1 197.453 13006.6              -97.2022 70281.4 -1085.45
8.94              32970.1 290.587 13143.4              -88.6805 70977.4 -1650.61
8.95              32908.4 492.436 13276.1              -101.633 71726.2 -2885.87
8.96              32103.2 869.812 13157.4              -147.682 71305.6 -5175.25
8.97              30946.2 1389.58 12893.1              -211.171 70161.1 -8313.68
8.98              29352.9 1863.11 13064.4              -261.921 71693.8 -11168.1
8.99              28375.3 2157.2 12821.2              -270.94 70690.3 -12947.2
9              26934.9 1854.66 12869.4              -184.513 71475.2 -11154.6
9.01              25704.3 1052.27 12808.2              5.75035 71568.6 -6371.75
9.02              24674 277.331 12433.6              191.394 69807.4 -1723.1
9.03              23792.3 -365.321 12091              353.53 68185.8 2138.04
9.04              23320.7 -606.495 11749.1              422.54 66517.4 3612.91
9.05              22826.2 -691.165 11412.4              430.572 64697 4157.99
9.06              22598.8 -801.364 10917.1              418.099 61842.1 4812.49
9.07              22647.4 -830.762 10669              397.911 60387.7 4963.28
9.08              22073 -954.992 10161.3              396.443 57514.7 5679.42
9.09              21504.1 -1109.46 9778.48              415.556 55303.1 6581.51
9.1              20650.9 -1393.19 9366.72              477.359 53029.4 8272.48
9.11              19834.3 -1592.39 8860.29              526.596 49987.3 9514.5
9.12              19377.7 -1777.91 9062.71              583.561 51139.8 10684.9
9.13              18145.4 -1874.91 8227.05              616.822 46348.7 11337.7
9.14              17365.7 -1844.46 7912.91              619.57 44508.7 11216.4
9.15              16254 -1833.89 7515.83              616.648 42287 11215.1
9.16              15296.6 -1651.72 6895.43              561.941 38530.2 10164.3
9.17              14262.5 -1409.7 6654.01              499.952 37167.6 8771.97
9.18              13092.8 -1113.11 6240.63              412.549 34765.8 7020.59
9.19              12063.3 -750.305 5831.27              309.383 32415 4868.19
9.2              11003.9 -321.282 5229.22              180.236 28790.3 2298.59
9.21              9677.21 124.914 4575.01              53.103 25023.3 -372.707
9.22              8623.41 415.416 4234.79              -55.9821 23109.8 -2142.59
9.23              7555.3 600.567 3737.72              -147.649 20311.6 -3277.78
9.24              6805.95 683.165 3535.66              -227.491 19162 -3795.64
9.25              5742.75 693.25 3410.25              -295.118 18623.8 -3840.79
9.26              4061.89 587.096 2664.5              -348.349 14344.8 -3192.03
9.27              2916.8 430.797 2426.63              -400.407 13127.7 -2201.73
9.28              1312.91 271.04 1580.21              -460.414 8149.45 -1191.19
9.29              507.298 137.367 1764.67              -534.977 9461.24 -296.165
9.3              -1235.29 0.558455 1146.07              -599.584 5931.03 588.087
9.31              -2597.16 -126.475 770.728              -658.386 3864.73 1426.03
9.32              -4033.73 -217.145 281.981              -723.314 1092.35 2040.36
9.33              -4977.69 -287.524 103.279              -784.143 142.04 2543.98
9.34              -5866.76 -322.344 91.6691              -837.102 245.664 2828.26
9.35              -7514.09 -364.107 -583.758              -867.227 -3685.85 3110.17
9.36              -8735.68 -389.967 -925.579              -878.405 -5600.55 3276.66
9.37              -9558.72 -417.672 -960.929              -872.03 -5657.57 3435.92
9.38              -10585.2 -450.487 -1324.95              -859.119 -7727.56 3613.91
9.39              -11236.3 -459.109 -1333.37              -848.381 -7663.88 3640.69
9.4              -12167.5 -469.149 -1767.07              -838.7 -10214.7 3670.78
9.41              -12950.3 -489.351 -2105.15              -833.666 -12188.6 3764.07
9.42              -13816.1 -482.354 -2407.99              -833.166 -13918.6 3694.46
9.43              -14521.6 -476.227 -2392.41              -833.582 -13663.1 3632.12
9.44              -15390.7 -478.505 -2588.71              -831.71 -14717.1 3620.37
9.45              -16002.3 -509.488 -2543.66              -817.806 -14311.7 3776.86
9.46              -16926.2 -575.814 -2553.4              -792.504 -14196.8 4150.14
9.47              -18095.5 -637.883 -2404.58              -752.498 -13033.9 4483.98
9.48              -19558.1 -715.17 -2280.57              -697.117 -11990.8 4899.45
9.49              -21130.6 -838.715 -2198.91              -625.129 -11163.1 5588.58
9.5              -22786.2 -983.836 -2135.1              -546.394 -10430.7 6419.2
9.51              -24494.9 -1008.39 -1755.56              -483.113 -7656.16 6491.7
9.52              -26482.3 -1048.9 -1411.52              -419.103 -5005.49 6673.32
9.53              -27355.2 -1014.82 -1053.61              -380.825 -2563.45 6397.17
9.54              -28172.4 -943.905 -477.021              -338.144 1282.88 5898.95
9.55              -28357 -772.229 -304.62              -317.896 2429.73 4793.22
9.56              -28407.7 -552.732 -224.597              -295.419 2959.78 3406.57
9.57              -28298.2 -329.829 -118.025              -264.56 3640.4 2008.55
9.58              -27749 -83.9226 63.1246              -227.05 4661.92 481.707
9.59              -27396.3 141.168 612.3              -192.282 8066.42 -887.329
9.6              -26837 388.409 818.542              -180.007 9263.03 -2372.33
9.61              -26906.5 590.823 1202.8              -158.613 11732.4 -3566.79
9.62              -26707.3 782.203 1616.25              -157.699 14319 -4669.89
9.63              -26214.4 951.002 2202.38              -172.232 17894.6 -5620.94
9.64              -25844.2 1054.84 3061.88              -194.691 23225.3 -6186.3
9.65              -24726.7 1140.94 3304.84              -238.048 24506.5 -6636.42
9.66              -23145.7 1172.49 3863.99              -276.134 27616 -6757.38
9.67              -21672.5 1182.27 4703.64              -293.87 32466.7 -6755.29
9.68              -20408.8 1139.12 5651.88              -295.703 38042.6 -6448.58
9.69              -19121 1085.48 6600.14              -283.842 43601.2 -6089.79
