# Force       
# CofR        : (2.293280e+01 0.000000e+00 -2.860000e-01)
#
# Time        	total_x total_y total_z	pressure_x pressure_y pressure_z	viscous_x viscous_y viscous_z
0.1            -1.729660e+00 7.658724e-02 5.960662e+03 -1.789072e+00 7.659215e-02 5.960673e+03 5.941113e-02 -4.911039e-06 -1.134319e-02
0.2            7.721028e+01 3.922161e-02 5.952210e+03 7.712552e+01 3.922631e-02 5.952251e+03 8.475858e-02 -4.697233e-06 -4.027042e-02
0.3            1.382830e+02 8.931542e-01 5.860420e+03 1.381823e+02 8.931573e-01 5.860502e+03 1.006260e-01 -3.144620e-06 -8.163586e-02
0.4            -5.858857e+00 6.415584e-02 5.923203e+03 -5.971150e+00 6.415648e-02 5.923306e+03 1.122936e-01 -6.398990e-07 -1.035531e-01
0.5            5.600507e+01 -6.729412e-01 5.794503e+03 5.588332e+01 -6.729417e-01 5.794612e+03 1.217539e-01 4.890517e-07 -1.081091e-01
0.6            6.824346e+01 -7.621215e-02 5.906987e+03 6.811496e+01 -7.621089e-02 5.907091e+03 1.285021e-01 -1.263901e-06 -1.038237e-01
0.7            -1.104807e+01 -7.594723e-02 5.840190e+03 -1.117529e+01 -7.594894e-02 5.840284e+03 1.272158e-01 1.708657e-06 -9.430698e-02
0.8            6.360542e+00 5.133977e-03 5.887669e+03 6.237902e+00 5.130358e-03 5.887752e+03 1.226406e-01 3.619443e-06 -8.254374e-02
0.9            1.096802e+01 4.946137e-01 5.796238e+03 1.085466e+01 4.946075e-01 5.796307e+03 1.133604e-01 6.156642e-06 -6.953263e-02
1              4.583645e+01 2.972244e-03 5.802813e+03 4.573352e+01 2.964961e-03 5.802870e+03 1.029330e-01 7.283616e-06 -5.756822e-02
1.1            1.928317e+01 -1.724451e-02 5.829874e+03 1.919124e+01 -1.725398e-02 5.829920e+03 9.193056e-02 9.464775e-06 -4.586720e-02
1.2            -1.481778e+01 2.536291e-01 5.841565e+03 -1.489786e+01 2.536172e-01 5.841598e+03 8.007986e-02 1.188213e-05 -3.309576e-02
1.3            -5.586187e+01 2.363736e-02 5.871462e+03 -5.592992e+01 2.362349e-02 5.871482e+03 6.804529e-02 1.387060e-05 -2.006978e-02
1.4            3.068678e+01 1.006237e-01 5.841444e+03 3.063221e+01 1.006090e-01 5.841452e+03 5.456926e-02 1.473313e-05 -8.312205e-03
1.5            -1.118864e+01 6.823781e-02 5.874427e+03 -1.123131e+01 6.822363e-02 5.874426e+03 4.267277e-02 1.418902e-05 8.934566e-04
1.6            -7.395691e+00 7.203893e-02 5.887238e+03 -7.427254e+00 7.202440e-02 5.887230e+03 3.156305e-02 1.452758e-05 8.077064e-03
1.7            3.422397e+01 2.584141e-01 5.995265e+03 3.420141e+01 2.583974e-01 5.995254e+03 2.255933e-02 1.664300e-05 1.159654e-02
1.8            2.034873e+01 1.568157e-01 5.986360e+03 2.033125e+01 1.567989e-01 5.986352e+03 1.748153e-02 1.687114e-05 8.640613e-03
1.9            3.025566e+01 2.003148e-01 5.935613e+03 3.024162e+01 2.002988e-01 5.935611e+03 1.404100e-02 1.596750e-05 2.290837e-03
2              -4.121948e+01 4.227053e-02 5.620434e+03 -4.123318e+01 4.225414e-02 5.620441e+03 1.370242e-02 1.639454e-05 -6.747500e-03
2.1            5.261209e+00 3.131481e-01 5.910083e+03 5.245995e+00 3.131293e-01 5.910101e+03 1.521426e-02 1.879434e-05 -1.809089e-02
2.2            1.603007e+01 2.492392e-01 5.924858e+03 1.601186e+01 2.492211e-01 5.924888e+03 1.820930e-02 1.812275e-05 -2.977347e-02
2.3            5.971035e+01 2.052635e-01 5.934832e+03 5.968768e+01 2.052453e-01 5.934874e+03 2.266938e-02 1.820106e-05 -4.192763e-02
2.4            4.227746e+01 9.762755e-02 5.938318e+03 4.225056e+01 9.760921e-02 5.938372e+03 2.689860e-02 1.834008e-05 -5.322002e-02
2.5            5.069617e+01 3.013007e-01 5.925978e+03 5.066072e+01 3.012839e-01 5.926043e+03 3.544781e-02 1.678995e-05 -6.500479e-02
2.6            2.861857e+01 -1.027164e-01 5.943705e+03 2.857531e+01 -1.027316e-01 5.943779e+03 4.326666e-02 1.520907e-05 -7.459642e-02
2.7            1.695517e+01 -8.963482e-02 5.912988e+03 1.690371e+01 -8.964846e-02 5.913070e+03 5.146017e-02 1.363752e-05 -8.149152e-02
2.8            4.644154e+01 -7.804862e-02 5.893471e+03 4.638193e+01 -7.805997e-02 5.893556e+03 5.960952e-02 1.134774e-05 -8.535290e-02
2.9            4.988916e+01 -1.882357e-01 5.932206e+03 4.982205e+01 -1.882436e-01 5.932292e+03 6.711115e-02 7.862807e-06 -8.615764e-02
3              4.276520e+01 -9.253062e-02 5.853436e+03 4.269342e+01 -9.253670e-02 5.853520e+03 7.177713e-02 6.084231e-06 -8.341852e-02
3.1            2.848382e+00 -1.066016e-01 5.857916e+03 2.773986e+00 -1.066054e-01 5.857994e+03 7.439569e-02 3.824132e-06 -7.748854e-02
3.2            -1.631934e+00 -8.134634e-02 5.829965e+03 -1.708033e+00 -8.134870e-02 5.830034e+03 7.609914e-02 2.357113e-06 -6.878161e-02
3.3            1.729928e+01 -1.666583e-02 5.833639e+03 1.722285e+01 -1.666663e-02 5.833697e+03 7.643561e-02 8.024941e-07 -5.756200e-02
3.4            1.005422e+01 2.871901e-02 5.832530e+03 9.979946e+00 2.871756e-02 5.832574e+03 7.427429e-02 1.447554e-06 -4.464399e-02
3.5            6.359613e+00 7.018905e-02 5.831157e+03 6.291828e+00 7.018818e-02 5.831187e+03 6.778450e-02 8.693921e-07 -2.996908e-02
3.6            -4.388312e+00 9.449799e-02 5.828108e+03 -4.449673e+00 9.449674e-02 5.828124e+03 6.136081e-02 1.242595e-06 -1.623692e-02
3.7            4.264970e+01 3.666396e-01 5.819757e+03 4.259499e+01 3.666390e-01 5.819760e+03 5.471087e-02 5.986990e-07 -2.971628e-03
3.8            3.752419e+01 2.218130e-01 5.821310e+03 3.747719e+01 2.218115e-01 5.821301e+03 4.700371e-02 1.493167e-06 8.903694e-03
3.9            9.806838e+00 1.666502e-01 5.859496e+03 9.766027e+00 1.666501e-01 5.859479e+03 4.081179e-02 1.225980e-07 1.731442e-02
4              2.589689e+01 2.068646e-01 5.862202e+03 2.586303e+01 2.068667e-01 5.862179e+03 3.385322e-02 -2.004233e-06 2.304546e-02
4.1            2.041780e+01 1.888625e-01 5.881931e+03 2.039020e+01 1.888668e-01 5.881905e+03 2.760032e-02 -4.279414e-06 2.591422e-02
4.2            3.036831e+01 1.566075e-01 5.902715e+03 3.034617e+01 1.566116e-01 5.902689e+03 2.214682e-02 -4.109011e-06 2.553150e-02
4.3            -1.257013e+02 -2.789769e-01 5.380929e+03 -1.257199e+02 -2.789734e-01 5.380907e+03 1.855248e-02 -3.510359e-06 2.156485e-02
4.4            8.014007e+00 7.867649e-02 5.960983e+03 7.998434e+00 7.868168e-02 5.960968e+03 1.557226e-02 -5.187855e-06 1.499776e-02
4.5            3.357742e+01 2.481997e-02 5.927685e+03 3.356361e+01 2.482336e-02 5.927678e+03 1.381448e-02 -3.395370e-06 6.434546e-03
4.6            3.445661e+00 1.921262e-02 5.921809e+03 3.432138e+00 1.921585e-02 5.921813e+03 1.352236e-02 -3.236032e-06 -4.121969e-03
4.7            3.085929e+01 -1.252066e-01 5.929615e+03 3.084460e+01 -1.252022e-01 5.929631e+03 1.468353e-02 -4.367875e-06 -1.648838e-02
4.8            3.658163e+01 -1.644589e-01 5.939721e+03 3.656513e+01 -1.644543e-01 5.939750e+03 1.649915e-02 -4.627694e-06 -2.926221e-02
4.9            2.575755e+01 -1.560736e-01 5.948308e+03 2.573814e+01 -1.560682e-01 5.948349e+03 1.941658e-02 -5.374865e-06 -4.151661e-02
5              2.909339e+01 -8.970344e-02 5.958591e+03 2.907090e+01 -8.969959e-02 5.958643e+03 2.248601e-02 -3.845784e-06 -5.223639e-02
5.1            3.712180e+01 -2.617410e-01 5.926597e+03 3.709561e+01 -2.617342e-01 5.926657e+03 2.618815e-02 -6.781320e-06 -6.066859e-02
5.2            3.085827e+01 -2.043759e-01 5.922804e+03 3.082874e+01 -2.043640e-01 5.922870e+03 2.952999e-02 -1.199423e-05 -6.645980e-02
5.3            8.315648e+01 -1.947424e-01 5.880416e+03 8.312187e+01 -1.947273e-01 5.880486e+03 3.460766e-02 -1.506004e-05 -7.070188e-02
5.4            -4.706200e+00 -1.833165e-01 5.893298e+03 -4.744696e+00 -1.832988e-01 5.893370e+03 3.849631e-02 -1.767914e-05 -7.192983e-02
5.5            2.820559e+01 -1.351066e-01 5.865967e+03 2.816356e+01 -1.350869e-01 5.866038e+03 4.203577e-02 -1.967708e-05 -7.106497e-02
5.6            1.501043e+01 -9.027818e-02 5.879105e+03 1.496657e+01 -9.025507e-02 5.879172e+03 4.386983e-02 -2.311110e-05 -6.684515e-02
5.7            -7.846672e+00 -1.813382e-01 5.867598e+03 -7.891400e+00 -1.813139e-01 5.867658e+03 4.472843e-02 -2.424360e-05 -6.021823e-02
5.8            3.185584e+01 -7.283255e-03 5.863166e+03 3.181265e+01 -7.258594e-03 5.863217e+03 4.318904e-02 -2.466086e-05 -5.104610e-02
5.9            4.227011e+01 -7.306925e-02 5.919210e+03 4.222868e+01 -7.304426e-02 5.919250e+03 4.142421e-02 -2.499219e-05 -4.026622e-02
6              4.923786e+01 6.311659e-02 5.835120e+03 4.919968e+01 6.313740e-02 5.835149e+03 3.817573e-02 -2.081134e-05 -2.881288e-02
6.1            3.598129e+01 4.711615e-02 5.847207e+03 3.594661e+01 4.713759e-02 5.847224e+03 3.467994e-02 -2.143168e-05 -1.708172e-02
6.2            -4.825897e+01 4.264151e-02 5.885214e+03 -4.829015e+01 4.266628e-02 5.885221e+03 3.118302e-02 -2.477305e-05 -6.443128e-03
6.3            2.289201e+01 3.458001e-02 5.853156e+03 2.286436e+01 3.460413e-02 5.853154e+03 2.764914e-02 -2.411874e-05 2.414709e-03
6.4            1.319417e+01 5.089586e-02 5.862722e+03 1.317043e+01 5.091534e-02 5.862713e+03 2.374852e-02 -1.947481e-05 9.143312e-03
6.5            2.289649e+01 6.038723e-02 5.881154e+03 2.287375e+01 6.040985e-02 5.881142e+03 2.273921e-02 -2.261384e-05 1.217347e-02
6.6            2.229433e+00 1.604861e-01 5.918217e+03 2.209118e+00 1.605148e-01 5.918203e+03 2.031443e-02 -2.869281e-05 1.381071e-02
6.7            3.996958e+01 1.570759e-01 5.875505e+03 3.994986e+01 1.571022e-01 5.875492e+03 1.972292e-02 -2.625616e-05 1.271445e-02
6.8            7.955622e+00 1.819230e-01 5.900043e+03 7.936602e+00 1.819372e-01 5.900033e+03 1.902071e-02 -1.416265e-05 1.027693e-02
6.9            6.307709e+00 7.513921e-02 5.904371e+03 6.289129e+00 7.514996e-02 5.904365e+03 1.858017e-02 -1.075474e-05 6.049438e-03
7              1.163871e+01 1.025855e-01 5.912243e+03 1.161984e+01 1.025993e-01 5.912242e+03 1.887136e-02 -1.386827e-05 8.450376e-05
7.1            4.892319e+01 9.035676e-02 5.904829e+03 4.890326e+01 9.036856e-02 5.904836e+03 1.992835e-02 -1.179790e-05 -6.966388e-03
7.2            -1.247860e+01 -7.878848e-02 5.936468e+03 -1.249940e+01 -7.877707e-02 5.936482e+03 2.079662e-02 -1.140570e-05 -1.376981e-02
7.3            -1.372007e+01 1.415824e-01 5.926976e+03 -1.374223e+01 1.415910e-01 5.926997e+03 2.215534e-02 -8.673442e-06 -2.028008e-02
7.4            -1.272885e+01 4.715631e-02 5.926734e+03 -1.275259e+01 4.716217e-02 5.926760e+03 2.374430e-02 -5.867059e-06 -2.619960e-02
7.5            -2.838694e+01 9.110576e-02 5.929450e+03 -2.841363e+01 9.111297e-02 5.929482e+03 2.668786e-02 -7.201226e-06 -3.166079e-02
7.6            -2.097924e+00 1.268445e-02 5.888081e+03 -2.127393e+00 1.269395e-02 5.888117e+03 2.946864e-02 -9.503141e-06 -3.566865e-02
7.7            -2.445614e+01 -3.476590e-02 5.922860e+03 -2.448824e+01 -3.476174e-02 5.922899e+03 3.209832e-02 -4.155966e-06 -3.804771e-02
7.8            2.368426e+00 -5.339916e-02 5.904475e+03 2.335112e+00 -5.340730e-02 5.904513e+03 3.331381e-02 8.140300e-06 -3.869652e-02
7.9            -6.542155e+00 -1.223524e-01 5.903631e+03 -6.576463e+00 -1.223602e-01 5.903669e+03 3.430800e-02 7.805277e-06 -3.808634e-02
8              1.800818e+01 -2.915997e-01 5.912279e+03 1.797480e+01 -2.915895e-01 5.912315e+03 3.337556e-02 -1.021521e-05 -3.588717e-02
8.1            3.360381e+01 -2.492182e-01 5.886248e+03 3.357137e+01 -2.492070e-01 5.886281e+03 3.244359e-02 -1.117850e-05 -3.346463e-02
8.2            -1.646959e+01 -3.118829e-01 5.904097e+03 -1.650028e+01 -3.118755e-01 5.904127e+03 3.069014e-02 -7.425554e-06 -3.026409e-02
8.3            8.733691e+00 -3.082618e-01 5.894611e+03 8.705372e+00 -3.082499e-01 5.894638e+03 2.831915e-02 -1.188179e-05 -2.656577e-02
8.4            2.059996e+01 -2.586894e-01 5.878266e+03 2.057453e+01 -2.586874e-01 5.878288e+03 2.542970e-02 -2.044214e-06 -2.281715e-02
8.5            -1.478353e+01 -1.234891e-01 5.894615e+03 -1.480616e+01 -1.234889e-01 5.894634e+03 2.262480e-02 -1.249485e-07 -1.882358e-02
8.6            3.199434e+01 -2.664018e-02 5.886241e+03 3.197400e+01 -2.661917e-02 5.886256e+03 2.034217e-02 -2.101217e-05 -1.550432e-02
8.7            2.331826e+00 -1.599858e-02 5.903476e+03 2.313167e+00 -1.597851e-02 5.903489e+03 1.865935e-02 -2.007260e-05 -1.314116e-02
8.8            3.910251e+01 1.041049e-01 5.893950e+03 3.908464e+01 1.040967e-01 5.893962e+03 1.787471e-02 8.212832e-06 -1.216609e-02
8.9            6.268304e+01 5.292212e-02 5.889159e+03 6.266534e+01 5.290520e-02 5.889172e+03 1.770227e-02 1.692107e-05 -1.266253e-02
9              2.021641e+01 3.409494e-02 5.917897e+03 2.019807e+01 3.409647e-02 5.917911e+03 1.834118e-02 -1.530029e-06 -1.460900e-02
9.1            2.231087e+01 3.959997e-02 5.907948e+03 2.229357e+01 3.961492e-02 5.907965e+03 1.730025e-02 -1.494896e-05 -1.670917e-02
9.2            9.805485e+00 3.680651e-02 5.912437e+03 9.787248e+00 3.681439e-02 5.912458e+03 1.823780e-02 -7.878709e-06 -2.023100e-02
9.3            -3.073154e+00 4.954679e-02 5.938159e+03 -3.092295e+00 4.954008e-02 5.938183e+03 1.914021e-02 6.705023e-06 -2.340372e-02
9.4            5.120880e+01 -1.494716e-01 5.895545e+03 5.118814e+01 -1.494823e-01 5.895571e+03 2.065932e-02 1.064509e-05 -2.640240e-02
9.5            7.479102e+01 -1.866302e-01 5.884355e+03 7.476949e+01 -1.866356e-01 5.884383e+03 2.153273e-02 5.394368e-06 -2.843352e-02
9.6            2.539692e+01 -1.063870e-01 5.901558e+03 2.537304e+01 -1.063942e-01 5.901589e+03 2.387284e-02 7.139874e-06 -3.059312e-02
9.7            -3.658132e+01 1.316516e-01 5.896973e+03 -3.660778e+01 1.316441e-01 5.897006e+03 2.646202e-02 7.520886e-06 -3.207696e-02
9.8            1.303732e+01 -2.679170e-01 5.862141e+03 1.300840e+01 -2.679234e-01 5.862174e+03 2.892442e-02 6.426512e-06 -3.272497e-02
9.9            -1.804983e+01 -3.537804e-01 5.875876e+03 -1.807966e+01 -3.537872e-01 5.875908e+03 2.982450e-02 6.792788e-06 -3.185590e-02
10             1.128443e+01 -3.514167e-01 5.848750e+03 1.125204e+01 -3.514204e-01 5.848781e+03 3.239384e-02 3.719651e-06 -3.080223e-02
10.1           -3.664684e+01 -2.433970e-01 5.871821e+03 -3.668027e+01 -2.433926e-01 5.871850e+03 3.343100e-02 -4.422804e-06 -2.839262e-02
10.2           -6.122011e+01 -1.612916e-01 5.879732e+03 -6.125358e+01 -1.612817e-01 5.879758e+03 3.346860e-02 -9.847924e-06 -2.517089e-02
10.3           3.906157e+01 -5.834444e-02 5.827946e+03 3.902886e+01 -5.833312e-02 5.827967e+03 3.270404e-02 -1.132731e-05 -2.116745e-02
10.4           -2.613099e+00 -4.053563e-02 5.844699e+03 -2.645047e+00 -4.052720e-02 5.844716e+03 3.194795e-02 -8.436339e-06 -1.676288e-02
10.5           2.002821e+00 2.990938e-02 5.854863e+03 1.972232e+00 2.991631e-02 5.854874e+03 3.058879e-02 -6.925368e-06 -1.145701e-02
10.6           -4.637342e+01 1.123484e-01 5.902899e+03 -4.640300e+01 1.123552e-01 5.902904e+03 2.958017e-02 -6.817288e-06 -5.713228e-03
10.7           -5.902000e+01 1.430574e-01 5.873625e+03 -5.904843e+01 1.430671e-01 5.873626e+03 2.842521e-02 -9.713120e-06 -6.584020e-04
10.8           -6.274174e+01 1.406753e-01 5.887200e+03 -6.276822e+01 1.406893e-01 5.887196e+03 2.648726e-02 -1.400111e-05 4.837517e-03
10.9           -2.082458e+01 1.420676e+00 5.917901e+03 -2.084906e+01 1.420684e+00 5.917892e+03 2.447775e-02 -8.071630e-06 9.746390e-03
11             -2.877265e+00 3.353746e-01 6.034673e+03 -2.899229e+00 3.353631e-01 6.034659e+03 2.196445e-02 1.143369e-05 1.344973e-02
11.1           3.802726e+00 1.841458e-01 5.924299e+03 3.781271e+00 1.841398e-01 5.924284e+03 2.145498e-02 5.970255e-06 1.546316e-02
11.2           -1.172440e+01 6.580117e-02 5.927195e+03 -1.174438e+01 6.580747e-02 5.927179e+03 1.998180e-02 -6.300515e-06 1.645656e-02
11.3           -2.898652e+01 6.567870e-02 5.932712e+03 -2.900574e+01 6.568173e-02 5.932696e+03 1.921341e-02 -3.026649e-06 1.588893e-02
11.4           3.177848e+01 -1.995962e-01 5.920484e+03 3.175903e+01 -1.996093e-01 5.920471e+03 1.945016e-02 1.310068e-05 1.355624e-02
11.5           -2.254841e+00 4.740860e-02 5.957352e+03 -2.275025e+00 4.738632e-02 5.957342e+03 2.018415e-02 2.228164e-05 9.566187e-03
11.6           2.263428e+01 -1.858610e-02 5.966969e+03 2.261246e+01 -1.860854e-02 5.966965e+03 2.182533e-02 2.243969e-05 3.635004e-03
11.7           3.507508e+01 2.239765e-02 5.986062e+03 3.505091e+01 2.237741e-02 5.986066e+03 2.417398e-02 2.024403e-05 -3.965407e-03
11.8           7.024043e+01 -4.711488e-02 5.962460e+03 7.021375e+01 -4.713040e-02 5.962472e+03 2.668197e-02 1.552116e-05 -1.254284e-02
11.9           -4.398385e+00 1.723549e-02 5.829235e+03 -4.428994e+00 1.722667e-02 5.829258e+03 3.060963e-02 8.815316e-06 -2.304412e-02
12             1.981554e+02 -5.450177e-02 6.239351e+03 1.981219e+02 -5.451785e-02 6.239383e+03 3.352559e-02 1.607955e-05 -3.146061e-02
12.1           7.208045e+01 -1.440310e-01 6.011039e+03 7.204612e+01 -1.440459e-01 6.011078e+03 3.433193e-02 1.491377e-05 -3.965494e-02
12.2           1.236885e+02 -1.402060e-01 5.936807e+03 1.236537e+02 -1.402215e-01 5.936854e+03 3.479889e-02 1.551184e-05 -4.786267e-02
12.3           -9.383422e+01 -5.785812e-02 5.600552e+03 -9.387123e+01 -5.787635e-02 5.600611e+03 3.701383e-02 1.822235e-05 -5.856696e-02
12.4           1.309925e+02 7.176046e-02 6.005029e+03 1.309584e+02 7.174173e-02 6.005094e+03 3.418717e-02 1.872208e-05 -6.473570e-02
12.5           1.471229e+02 1.092327e+00 6.151788e+03 1.470897e+02 1.092310e+00 6.151857e+03 3.320361e-02 1.751881e-05 -6.817000e-02
12.6           6.284315e+01 9.155104e-02 5.913206e+03 6.281229e+01 9.154375e-02 5.913276e+03 3.085284e-02 7.284957e-06 -6.960350e-02
12.7           6.842938e+01 2.032725e-01 5.912834e+03 6.839902e+01 2.032684e-01 5.912904e+03 3.035896e-02 4.128188e-06 -7.023853e-02
12.8           -4.445785e+00 2.422722e-01 5.865833e+03 -4.472457e+00 2.422562e-01 5.865900e+03 2.667245e-02 1.599511e-05 -6.666772e-02
12.9           -1.757479e+01 -1.846816e-01 5.848205e+03 -1.759831e+01 -1.846975e-01 5.848266e+03 2.351629e-02 1.584904e-05 -6.106992e-02
13             -3.888185e+01 1.173479e-01 5.805807e+03 -3.890275e+01 1.173417e-01 5.805860e+03 2.090264e-02 6.260699e-06 -5.338879e-02
13.1           -5.012319e+01 1.358403e-01 5.821207e+03 -5.014229e+01 1.358344e-01 5.821250e+03 1.909969e-02 5.906769e-06 -4.305065e-02
13.2           -7.868897e+01 1.023705e-01 5.779906e+03 -7.870792e+01 1.023529e-01 5.779937e+03 1.894521e-02 1.761242e-05 -3.147577e-02
13.3           -4.994177e+01 2.241417e-01 5.830409e+03 -4.995934e+01 2.241186e-01 5.830428e+03 1.757441e-02 2.307688e-05 -1.864848e-02
13.4           -2.116762e+01 1.193865e-01 5.880855e+03 -2.118629e+01 1.193790e-01 5.880861e+03 1.867603e-02 7.438433e-06 -6.350818e-03
13.5           -5.849847e+01 1.534444e-01 5.805915e+03 -5.851619e+01 1.534592e-01 5.805908e+03 1.772565e-02 -1.473919e-05 7.085212e-03
13.6           -6.110186e+01 -4.137247e-02 5.791422e+03 -6.111947e+01 -4.136547e-02 5.791403e+03 1.760981e-02 -6.998055e-06 1.903088e-02
13.7           2.968242e+00 5.090979e-02 5.796678e+03 2.952085e+00 5.090052e-02 5.796647e+03 1.615670e-02 9.267975e-06 3.096659e-02
13.8           -7.393631e+01 1.273859e+00 5.781112e+03 -7.395401e+01 1.273863e+00 5.781073e+03 1.769065e-02 -4.091867e-06 3.927372e-02
13.9           -3.541933e+01 -1.468401e-01 5.878997e+03 -3.543734e+01 -1.468040e-01 5.878951e+03 1.800481e-02 -3.609129e-05 4.660020e-02
14             -5.764729e+00 -3.206199e-01 5.894688e+03 -5.782656e+00 -3.205870e-01 5.894636e+03 1.792685e-02 -3.291228e-05 5.135148e-02
14.1           -2.518327e+01 -2.249677e-01 5.974893e+03 -2.520079e+01 -2.249586e-01 5.974840e+03 1.752811e-02 -9.159375e-06 5.377153e-02
14.2           -6.425921e+00 -6.285805e-02 5.933464e+03 -6.446311e+00 -6.284336e-02 5.933413e+03 2.038990e-02 -1.469409e-05 5.162900e-02
14.3           6.054981e+01 5.751727e-02 5.936912e+03 6.052585e+01 5.756955e-02 5.936867e+03 2.395886e-02 -5.227999e-05 4.515969e-02
14.4           5.855003e+01 -2.511601e-01 6.014566e+03 5.852176e+01 -2.510775e-01 6.014531e+03 2.827424e-02 -8.268083e-05 3.527745e-02
14.5           1.162610e+02 4.225683e-02 6.060685e+03 1.162281e+02 4.234293e-02 6.060663e+03 3.291454e-02 -8.609896e-05 2.186289e-02
14.6           9.002905e+01 -2.941496e-01 6.055391e+03 8.999087e+01 -2.940763e-01 6.055386e+03 3.818086e-02 -7.334475e-05 5.474781e-03
14.7           1.007868e+02 -3.059862e-01 6.032107e+03 1.007420e+02 -3.059188e-01 6.032121e+03 4.483636e-02 -6.740777e-05 -1.439917e-02
14.8           7.510946e+01 -3.131488e-01 6.005168e+03 7.505905e+01 -3.130765e-01 6.005204e+03 5.040424e-02 -7.230890e-05 -3.601275e-02
14.9           5.251687e+01 -2.272480e-01 6.025310e+03 5.246285e+01 -2.271647e-01 6.025367e+03 5.402331e-02 -8.335146e-05 -5.706937e-02
15             1.411154e+02 -2.362866e-02 6.115751e+03 1.410606e+02 -2.355841e-02 6.115828e+03 5.477042e-02 -7.024205e-05 -7.706345e-02
15.1           2.395718e+02 -2.005893e-01 6.489865e+03 2.395185e+02 -2.005306e-01 6.489963e+03 5.328632e-02 -5.868342e-05 -9.770546e-02
15.2           1.160627e+02 -1.269822e-01 6.111797e+03 1.160163e+02 -1.269266e-01 6.111912e+03 4.638646e-02 -5.558735e-05 -1.157192e-01
15.3           3.298819e+01 2.428670e-01 5.918903e+03 3.294593e+01 2.429205e-01 5.919032e+03 4.225570e-02 -5.346331e-05 -1.289554e-01
15.4           7.459709e+01 1.871577e-01 6.124409e+03 7.456023e+01 1.872032e-01 6.124543e+03 3.685870e-02 -4.552546e-05 -1.344733e-01
15.5           -5.000068e+01 2.747846e-02 5.746512e+03 -5.003080e+01 2.752451e-02 5.746649e+03 3.012512e-02 -4.605550e-05 -1.370453e-01
15.6           -5.611801e+01 3.562484e-01 5.836415e+03 -5.614109e+01 3.562901e-01 5.836547e+03 2.307667e-02 -4.169900e-05 -1.319601e-01
15.7           -5.578064e+01 2.805664e-01 5.947238e+03 -5.579883e+01 2.805912e-01 5.947360e+03 1.818611e-02 -2.482482e-05 -1.212858e-01
15.8           -1.966597e+02 3.697599e-01 5.718932e+03 -1.966731e+02 3.697735e-01 5.719039e+03 1.341549e-02 -1.361664e-05 -1.061341e-01
15.9           -2.353400e+02 5.552530e-01 5.547528e+03 -2.353517e+02 5.552599e-01 5.547615e+03 1.167799e-02 -6.941707e-06 -8.695347e-02
16             -1.579317e+02 4.810123e-01 5.686487e+03 -1.579429e+02 4.810189e-01 5.686550e+03 1.118938e-02 -6.564657e-06 -6.325641e-02
16.1           -2.378731e+02 2.919079e-01 5.670148e+03 -2.378843e+02 2.919275e-01 5.670186e+03 1.119327e-02 -1.961154e-05 -3.792026e-02
16.2           -2.009601e+02 6.809270e-01 5.448121e+03 -2.009721e+02 6.809474e-01 5.448135e+03 1.197570e-02 -2.041192e-05 -1.405085e-02
16.3           -3.569656e+01 1.921681e+00 5.982055e+03 -3.570766e+01 1.921698e+00 5.982043e+03 1.110884e-02 -1.687895e-05 1.210712e-02
16.4           -8.704441e+01 1.151250e+00 5.887354e+03 -8.705543e+01 1.151272e+00 5.887317e+03 1.102158e-02 -2.250770e-05 3.667145e-02
16.5           -1.593103e+01 -1.550660e-01 5.745130e+03 -1.594222e+01 -1.550379e-01 5.745072e+03 1.118996e-02 -2.814593e-05 5.814778e-02
16.6           -1.480157e+01 6.617067e-01 5.815008e+03 -1.481407e+01 6.617389e-01 5.814936e+03 1.250689e-02 -3.222135e-05 7.200939e-02
16.7           -8.571352e+00 -5.111365e-01 5.822827e+03 -8.583848e+00 -5.110912e-01 5.822745e+03 1.249668e-02 -4.530884e-05 8.245924e-02
16.8           -5.898045e+01 -4.860230e-01 5.910717e+03 -5.899454e+01 -4.859671e-01 5.910632e+03 1.408913e-02 -5.592716e-05 8.502330e-02
16.9           1.005147e+02 -4.727497e-01 5.960473e+03 1.004957e+02 -4.726850e-01 5.960397e+03 1.904206e-02 -6.475526e-05 7.639906e-02
17             1.250310e+02 -7.628566e-01 6.021345e+03 1.250053e+02 -7.627830e-01 6.021284e+03 2.569440e-02 -7.360323e-05 6.053448e-02
17.1           1.587102e+02 -7.855947e-01 6.073314e+03 1.586782e+02 -7.855185e-01 6.073277e+03 3.202131e-02 -7.615309e-05 3.778392e-02
17.2           1.421997e+02 -8.626893e-01 6.121289e+03 1.421612e+02 -8.626166e-01 6.121279e+03 3.850836e-02 -7.275678e-05 9.730753e-03
17.3           1.823090e+02 -9.599628e-01 6.090463e+03 1.822622e+02 -9.598943e-01 6.090482e+03 4.684467e-02 -6.845168e-05 -1.966813e-02
17.4           1.121987e+02 -4.900756e-01 6.087403e+03 1.121425e+02 -4.900089e-01 6.087452e+03 5.618155e-02 -6.665517e-05 -4.933778e-02
17.5           1.115593e+02 -6.626124e-01 6.148830e+03 1.114924e+02 -6.625424e-01 6.148910e+03 6.685199e-02 -7.001569e-05 -8.046077e-02
17.6           1.162313e+02 -4.119297e-01 6.111479e+03 1.161543e+02 -4.118635e-01 6.111592e+03 7.697514e-02 -6.621579e-05 -1.124454e-01
17.7           3.220221e+02 -2.835362e-01 6.572366e+03 3.219382e+02 -2.834719e-01 6.572507e+03 8.394914e-02 -6.427214e-05 -1.408643e-01
17.8           7.381418e+01 1.146529e-01 6.084934e+03 7.372925e+01 1.147114e-01 6.085098e+03 8.493217e-02 -5.847160e-05 -1.646803e-01
17.9           5.653885e+01 1.173535e-01 6.123196e+03 5.645800e+01 1.174125e-01 6.123378e+03 8.085534e-02 -5.906163e-05 -1.824277e-01
18             2.685177e+02 -8.525457e-01 6.424501e+03 2.684437e+02 -8.524907e-01 6.424697e+03 7.400792e-02 -5.493497e-05 -1.958431e-01
18.1           -2.216720e+01 3.213226e-01 5.994575e+03 -2.222704e+01 3.213775e-01 5.994777e+03 5.984528e-02 -5.480082e-05 -2.019776e-01
18.2           -9.102801e+01 6.193524e-01 5.785545e+03 -9.107441e+01 6.193959e-01 5.785743e+03 4.639194e-02 -4.350008e-05 -1.978913e-01
18.3           -5.366406e+00 -6.612695e-02 5.847809e+03 -5.400849e+00 -6.608540e-02 5.847995e+03 3.444264e-02 -4.154741e-05 -1.853569e-01
18.4           -1.669207e+01 3.220394e-01 5.758306e+03 -1.671274e+01 3.220667e-01 5.758469e+03 2.067005e-02 -2.727388e-05 -1.621391e-01
18.5           -9.062986e+01 7.713647e-01 5.828464e+03 -9.063983e+01 7.713735e-01 5.828598e+03 9.970315e-03 -8.820919e-06 -1.342447e-01
18.6           -2.350288e+02 -2.987568e-01 5.288276e+03 -2.350326e+02 -2.987622e-01 5.288382e+03 3.835076e-03 5.386140e-06 -1.054102e-01
18.7           -1.930087e+02 8.962871e-02 5.721823e+03 -1.930114e+02 8.961737e-02 5.721897e+03 2.674168e-03 1.134186e-05 -7.408408e-02
18.8           -2.038520e+02 -2.990304e-01 5.637020e+03 -2.038558e+02 -2.990440e-01 5.637060e+03 3.789718e-03 1.365551e-05 -4.072718e-02
18.9           4.521918e+02 2.587936e-01 8.485934e+03 4.521870e+02 2.587817e-01 8.485936e+03 4.836737e-03 1.190451e-05 -2.556695e-03
19             -1.110639e+02 2.917519e-01 5.710323e+03 -1.110712e+02 2.917455e-01 5.710296e+03 7.247514e-03 6.410714e-06 2.787327e-02
19.1           -1.565733e+02 -1.746397e-01 5.648288e+03 -1.565841e+02 -1.746378e-01 5.648236e+03 1.088469e-02 -1.864718e-06 5.267650e-02
19.2           -4.185489e+01 -1.934956e-01 5.902733e+03 -4.186816e+01 -1.934907e-01 5.902660e+03 1.327933e-02 -4.867667e-06 7.244442e-02
19.3           -4.929643e+00 -2.148931e-01 5.846865e+03 -4.942150e+00 -2.148871e-01 5.846780e+03 1.250755e-02 -5.995681e-06 8.482150e-02
19.4           -3.862778e+00 -3.773007e-01 5.865996e+03 -3.875774e+00 -3.772867e-01 5.865909e+03 1.299514e-02 -1.405736e-05 8.735757e-02
19.5           1.132709e+02 -5.740363e-01 5.992181e+03 1.132528e+02 -5.740157e-01 5.992105e+03 1.809287e-02 -2.062552e-05 7.635010e-02
19.6           1.548751e+02 -3.123159e-01 6.046603e+03 1.548498e+02 -3.122914e-01 6.046548e+03 2.529930e-02 -2.451508e-05 5.493750e-02
19.7           1.267708e+02 -3.584025e-01 5.991001e+03 1.267378e+02 -3.583747e-01 5.990974e+03 3.300435e-02 -2.776376e-05 2.721085e-02
19.8           1.898647e+02 -4.528646e-01 6.205825e+03 1.898222e+02 -4.528303e-01 6.205832e+03 4.254197e-02 -3.431285e-05 -6.667231e-03
19.9           1.767587e+02 -9.778792e-01 6.301007e+03 1.767064e+02 -9.778321e-01 6.301048e+03 5.228635e-02 -4.710159e-05 -4.103623e-02
20             1.926438e+02 -5.583877e-01 6.220508e+03 1.925815e+02 -5.583396e-01 6.220585e+03 6.230895e-02 -4.803834e-05 -7.603573e-02
20.1           1.655449e+02 -4.389624e-01 6.166248e+03 1.654694e+02 -4.389131e-01 6.166359e+03 7.549063e-02 -4.938050e-05 -1.104144e-01
20.2           1.430437e+02 -8.551307e-01 6.051444e+03 1.429566e+02 -8.550792e-01 6.051586e+03 8.702375e-02 -5.151306e-05 -1.417749e-01
20.3           1.320292e+02 -4.819567e-01 6.248898e+03 1.319304e+02 -4.819016e-01 6.249069e+03 9.881620e-02 -5.509743e-05 -1.710711e-01
20.4           2.305953e+02 2.962239e-01 6.290346e+03 2.304895e+02 2.962716e-01 6.290540e+03 1.057612e-01 -4.773293e-05 -1.936468e-01
20.5           1.532950e+01 5.667647e-01 5.902712e+03 1.522290e+01 5.668068e-01 5.902921e+03 1.065964e-01 -4.208834e-05 -2.095225e-01
20.6           6.404891e+01 6.519399e-01 5.978371e+03 6.394782e+01 6.519815e-01 5.978592e+03 1.010854e-01 -4.167876e-05 -2.208030e-01
20.7           -5.727662e+01 7.033258e-01 5.781210e+03 -5.736427e+01 7.033689e-01 5.781433e+03 8.765305e-02 -4.309842e-05 -2.229864e-01
20.8           -9.320519e+01 4.718271e-01 5.748811e+03 -9.327461e+01 4.718793e-01 5.749027e+03 6.941486e-02 -5.218030e-05 -2.167894e-01
20.9           -9.886356e+01 9.193473e-01 5.650465e+03 -9.891402e+01 9.193915e-01 5.650669e+03 5.045561e-02 -4.417833e-05 -2.036648e-01
21             -1.040469e+02 3.988951e-01 5.766542e+03 -1.040781e+02 3.989529e-01 5.766720e+03 3.122744e-02 -5.778661e-05 -1.783801e-01
21.1           -2.324444e+01 -1.820549e+00 5.953719e+03 -2.325884e+01 -1.820495e+00 5.953866e+03 1.440159e-02 -5.426935e-05 -1.467452e-01
21.2           -1.471953e+02 2.175073e-01 5.574097e+03 -1.471981e+02 2.175604e-01 5.574212e+03 2.782370e-03 -5.306887e-05 -1.150555e-01
21.3           -1.943906e+02 -4.366199e-03 5.692530e+03 -1.943907e+02 -4.311638e-03 5.692614e+03 1.293289e-04 -5.456021e-05 -8.379609e-02
21.4           -1.686869e+02 -2.474365e-01 5.832789e+03 -1.686864e+02 -2.473788e-01 5.832840e+03 -4.814694e-04 -5.761296e-05 -5.081799e-02
21.5           -1.705432e+02 -2.786958e-01 5.722792e+03 -1.705472e+02 -2.786304e-01 5.722812e+03 3.997595e-03 -6.542645e-05 -1.985964e-02
21.6           -1.187884e+02 -1.152327e+00 5.729259e+03 -1.187954e+02 -1.152245e+00 5.729250e+03 7.041734e-03 -8.184772e-05 9.650022e-03
21.7           -1.467426e+02 -7.041506e-01 5.663803e+03 -1.467510e+02 -7.040547e-01 5.663765e+03 8.411352e-03 -9.595837e-05 3.822817e-02
21.8           -1.273834e+02 -6.625312e-01 5.816169e+03 -1.273948e+02 -6.624210e-01 5.816111e+03 1.138198e-02 -1.101644e-04 5.889654e-02
21.9           -2.555364e+01 -6.811037e-01 5.766766e+03 -2.556697e+01 -6.809879e-01 5.766696e+03 1.332358e-02 -1.158068e-04 7.034701e-02
22             4.595446e+01 -6.957062e-01 5.847040e+03 4.593884e+01 -6.955875e-01 5.846967e+03 1.561809e-02 -1.187568e-04 7.343868e-02
22.1           5.626033e+01 -6.376352e-01 5.943567e+03 5.624418e+01 -6.375123e-01 5.943497e+03 1.614298e-02 -1.228987e-04 6.966166e-02
22.2           5.091938e+01 -6.909967e-01 6.046137e+03 5.089555e+01 -6.908763e-01 6.046085e+03 2.383222e-02 -1.204351e-04 5.120851e-02
22.3           9.339124e+01 1.432286e-02 6.013270e+03 9.336079e+01 1.443890e-02 6.013244e+03 3.044436e-02 -1.160454e-04 2.599284e-02
22.4           9.690397e+01 -3.905084e-01 6.132739e+03 9.686573e+01 -3.904009e-01 6.132744e+03 3.824684e-02 -1.074885e-04 -4.351623e-03
22.5           1.827833e+02 -7.822401e-02 6.182681e+03 1.827348e+02 -7.812764e-02 6.182721e+03 4.848761e-02 -9.636393e-05 -4.001138e-02
22.6           1.728720e+02 2.474507e-01 6.179242e+03 1.728136e+02 2.475367e-01 6.179315e+03 5.847245e-02 -8.600536e-05 -7.335398e-02
22.7           1.142511e+02 4.806913e-01 6.260391e+03 1.141812e+02 4.807644e-01 6.260498e+03 6.987459e-02 -7.303770e-05 -1.068840e-01
22.8           1.245272e+02 1.153606e+00 6.274205e+03 1.244455e+02 1.153676e+00 6.274343e+03 8.165775e-02 -6.904724e-05 -1.382248e-01
22.9           -5.826916e+01 5.913150e-01 5.998355e+03 -5.836239e+01 5.913850e-01 5.998522e+03 9.323180e-02 -7.003980e-05 -1.665303e-01
23             1.219489e+02 6.428644e-01 6.032227e+03 1.218462e+02 6.429314e-01 6.032417e+03 1.026769e-01 -6.695711e-05 -1.905830e-01
23.1           1.992193e+01 6.040587e-01 5.880219e+03 1.981358e+01 6.041261e-01 5.880430e+03 1.083460e-01 -6.741260e-05 -2.102626e-01
23.2           8.651121e+01 -1.186381e+00 5.923573e+03 8.640293e+01 -1.186308e+00 5.923796e+03 1.082811e-01 -7.279575e-05 -2.224838e-01
23.3           -1.644015e+02 1.647897e-01 5.722977e+03 -1.644988e+02 1.648594e-01 5.723198e+03 9.728022e-02 -6.966395e-05 -2.210706e-01
23.4           -9.390598e+01 5.117454e-01 5.533415e+03 -9.398726e+01 5.118141e-01 5.533637e+03 8.128288e-02 -6.867339e-05 -2.220999e-01
23.5           -2.070437e+02 5.166948e-01 5.567702e+03 -2.071029e+02 5.167704e-01 5.567912e+03 5.925482e-02 -7.560285e-05 -2.107152e-01
23.6           -6.593582e+01 2.346848e-01 5.725022e+03 -6.597700e+01 2.347543e-01 5.725217e+03 4.117985e-02 -6.946097e-05 -1.952962e-01
23.7           -1.203647e+02 2.009390e-01 5.697421e+03 -1.203874e+02 2.010020e-01 5.697592e+03 2.261720e-02 -6.308565e-05 -1.710311e-01
23.8           -1.702056e+02 -1.572081e-01 5.700374e+03 -1.702130e+02 -1.571506e-01 5.700516e+03 7.415525e-03 -5.751407e-05 -1.419871e-01
23.9           -7.127594e+01 -7.558056e-01 5.952510e+03 -7.127630e+01 -7.557425e-01 5.952622e+03 3.608508e-04 -6.308657e-05 -1.116852e-01
24             -1.084886e+02 -3.211005e-01 5.838113e+03 -1.084865e+02 -3.210354e-01 5.838195e+03 -2.045248e-03 -6.512001e-05 -8.256770e-02
24.1           -8.465615e+01 -4.401825e-01 5.918231e+03 -8.465656e+01 -4.401165e-01 5.918283e+03 4.098350e-04 -6.604123e-05 -5.215233e-02
24.2           -5.892619e+01 -6.781707e-01 6.068533e+03 -5.892830e+01 -6.780841e-01 6.068552e+03 2.109600e-03 -8.657972e-05 -1.952750e-02
24.3           -1.593606e+02 -5.550149e-02 5.656170e+03 -1.593678e+02 -5.541769e-02 5.656162e+03 7.140836e-03 -8.379587e-05 7.449012e-03
24.4           -1.165973e+02 1.939590e-01 5.906206e+03 -1.166084e+02 1.940539e-01 5.906173e+03 1.113802e-02 -9.489425e-05 3.274403e-02
24.5           -1.567880e+02 -5.994969e-02 5.388872e+03 -1.568025e+02 -5.983892e-02 5.388823e+03 1.458786e-02 -1.107654e-04 4.866883e-02
24.6           -9.013358e+01 -2.382866e-01 5.862715e+03 -9.014839e+01 -2.381696e-01 5.862655e+03 1.480492e-02 -1.170626e-04 5.988473e-02
24.7           -3.475594e+00 -1.500927e-01 5.758563e+03 -3.490341e+00 -1.499779e-01 5.758500e+03 1.474692e-02 -1.148223e-04 6.359548e-02
24.8           7.776582e+00 -6.538853e-02 6.104630e+03 7.759620e+00 -6.527830e-02 6.104573e+03 1.696210e-02 -1.102312e-04 5.711535e-02
24.9           9.223379e+01 1.627903e-02 6.104149e+03 9.221035e+01 1.637734e-02 6.104110e+03 2.343794e-02 -9.831593e-05 3.903787e-02
25             9.495754e+01 6.282969e-01 5.998664e+03 9.492719e+01 6.283786e-01 5.998648e+03 3.034076e-02 -8.176288e-05 1.607987e-02
25.1           1.024656e+02 6.527126e-01 6.114404e+03 1.024257e+02 6.527818e-01 6.114417e+03 3.992445e-02 -6.919636e-05 -1.323074e-02
25.2           1.784246e+02 2.965214e-01 6.126409e+03 1.783730e+02 2.965801e-01 6.126457e+03 5.155771e-02 -5.866689e-05 -4.721136e-02
25.3           6.571032e+01 5.917342e-01 6.225937e+03 6.564894e+01 5.917745e-01 6.226016e+03 6.137573e-02 -4.033138e-05 -7.830499e-02
25.4           1.636688e+02 5.843844e-01 6.149044e+03 1.635988e+02 5.844145e-01 6.149152e+03 7.008062e-02 -3.004985e-05 -1.087637e-01
25.5           4.698098e+01 6.166573e-01 6.171016e+03 4.689834e+01 6.166796e-01 6.171155e+03 8.263668e-02 -2.234408e-05 -1.390000e-01
25.6           7.724203e+01 4.032827e-01 6.112567e+03 7.714974e+01 4.033017e-01 6.112733e+03 9.229217e-02 -1.900938e-05 -1.657854e-01
25.7           1.207662e+02 -2.588135e-01 6.076826e+03 1.206666e+02 -2.587924e-01 6.077015e+03 9.961427e-02 -2.110683e-05 -1.893699e-01
25.8           1.049937e+02 6.252923e-01 6.087703e+03 1.048905e+02 6.253106e-01 6.087910e+03 1.031905e-01 -1.831952e-05 -2.069711e-01
25.9           1.365821e+02 -1.440586e+00 6.034376e+03 1.364845e+02 -1.440562e+00 6.034590e+03 9.756150e-02 -2.354163e-05 -2.142988e-01
26             9.660221e+01 1.379292e-01 6.023103e+03 9.651425e+01 1.379492e-01 6.023326e+03 8.795955e-02 -1.999445e-05 -2.222952e-01
26.1           -4.767522e+01 2.744173e-02 5.769510e+03 -4.774557e+01 2.746618e-02 5.769734e+03 7.034282e-02 -2.445300e-05 -2.236556e-01
26.2           -2.954497e+01 -5.358390e-02 5.932521e+03 -2.959604e+01 -5.355498e-02 5.932738e+03 5.107287e-02 -2.891431e-05 -2.162514e-01
26.3           -4.644732e+02 -4.459129e-01 4.727146e+03 -4.645030e+02 -4.458763e-01 4.727355e+03 2.982811e-02 -3.659118e-05 -2.086074e-01
26.4           -2.010501e+01 -5.305120e-01 5.890343e+03 -2.011861e+01 -5.304791e-01 5.890527e+03 1.360241e-02 -3.290391e-05 -1.842219e-01
26.5           -1.903742e+02 -4.489503e-01 5.634192e+03 -1.903732e+02 -4.489161e-01 5.634346e+03 -9.583206e-04 -3.416864e-05 -1.544194e-01
26.6           -2.152332e+02 -1.581264e+00 5.869593e+03 -2.152267e+02 -1.581231e+00 5.869717e+03 -6.521316e-03 -3.278903e-05 -1.240504e-01
26.7           8.797806e+01 4.466296e-01 6.266293e+03 8.798643e+01 4.466602e-01 6.266385e+03 -8.374276e-03 -3.063345e-05 -9.166531e-02
26.8           -1.790791e+02 -2.264822e+00 5.804206e+03 -1.790731e+02 -2.264784e+00 5.804268e+03 -5.968115e-03 -3.762879e-05 -6.208252e-02
26.9           -1.364484e+02 -8.318366e-01 5.838114e+03 -1.364488e+02 -8.317805e-01 5.838144e+03 3.950310e-04 -5.607424e-05 -2.996151e-02
27             -8.832917e+01 -3.628649e-01 5.567246e+03 -8.833354e+01 -3.628146e-01 5.567246e+03 4.373696e-03 -5.024675e-05 -1.378927e-04
27.1           -6.235862e+01 2.813060e-01 5.501113e+03 -6.236789e+01 2.813745e-01 5.501086e+03 9.263747e-03 -6.851845e-05 2.665733e-02
27.2           -1.705630e+01 4.116267e-01 5.807230e+03 -1.706776e+01 4.117067e-01 5.807184e+03 1.145971e-02 -7.994817e-05 4.515439e-02
27.3           -2.272575e+01 4.435650e-01 5.877712e+03 -2.273623e+01 4.436474e-01 5.877653e+03 1.047961e-02 -8.238327e-05 5.893009e-02
27.4           -5.284836e+01 1.436550e-01 5.810556e+03 -5.286101e+01 1.437318e-01 5.810494e+03 1.264988e-02 -7.679579e-05 6.231340e-02
27.5           4.764429e+01 6.681390e-01 6.073757e+03 4.763040e+01 6.682118e-01 6.073697e+03 1.389230e-02 -7.279420e-05 5.927031e-02
27.6           8.261803e+01 5.757351e-01 5.957105e+03 8.259652e+01 5.757970e-01 5.957062e+03 2.151666e-02 -6.193519e-05 4.299153e-02
27.7           3.535114e+01 1.013739e+00 5.964779e+03 3.532429e+01 1.013790e+00 5.964757e+03 2.685493e-02 -5.106620e-05 2.197496e-02
27.8           1.459281e+02 2.633495e-01 6.144454e+03 1.458922e+02 2.633920e-01 6.144461e+03 3.592426e-02 -4.247719e-05 -6.915566e-03
27.9           1.488816e+02 3.064251e-01 6.171666e+03 1.488348e+02 3.064587e-01 6.171708e+03 4.686734e-02 -3.364029e-05 -4.185804e-02
28             1.770526e+02 1.359278e-01 6.199793e+03 1.769983e+02 1.359486e-01 6.199867e+03 5.432480e-02 -2.084990e-05 -7.393025e-02
28.1           9.985005e+01 6.805477e-02 6.190728e+03 9.978868e+01 6.807582e-02 6.190833e+03 6.136736e-02 -2.104465e-05 -1.049376e-01
28.2           1.443579e+02 4.144394e-03 6.165010e+03 1.442868e+02 4.166725e-03 6.165146e+03 7.105323e-02 -2.233138e-05 -1.367532e-01
28.3           9.071769e+01 -2.340362e-01 6.083240e+03 9.063695e+01 -2.340136e-01 6.083406e+03 8.074557e-02 -2.261775e-05 -1.655063e-01
28.4           1.577538e+02 -3.352905e-01 6.250971e+03 1.576648e+02 -3.352612e-01 6.251161e+03 8.899439e-02 -2.930493e-05 -1.902222e-01
28.5           3.753018e+02 -4.298242e-01 6.786031e+03 3.752098e+02 -4.297960e-01 6.786240e+03 9.200605e-02 -2.814363e-05 -2.094770e-01
28.6           6.822659e+01 -1.523921e-01 6.035789e+03 6.813822e+01 -1.523648e-01 6.036009e+03 8.837200e-02 -2.734726e-05 -2.198792e-01
28.7           5.877915e+01 -3.443999e-01 5.865758e+03 5.870071e+01 -3.443666e-01 5.865986e+03 7.843957e-02 -3.329094e-05 -2.286751e-01
28.8           1.239943e+02 -2.736652e-01 6.413802e+03 1.239335e+02 -2.736230e-01 6.414033e+03 6.086191e-02 -4.222252e-05 -2.312650e-01
28.9           -1.571270e+02 1.603614e-01 5.909516e+03 -1.571704e+02 1.604125e-01 5.909745e+03 4.337597e-02 -5.108955e-05 -2.282614e-01
29             -1.119852e+02 -3.234894e-01 5.358369e+03 -1.120099e+02 -3.234398e-01 5.358585e+03 2.473254e-02 -4.955574e-05 -2.162547e-01
29.1           -9.061847e+01 1.313902e+00 5.844738e+03 -9.062537e+01 1.313957e+00 5.844933e+03 6.896315e-03 -5.548068e-05 -1.944001e-01
29.2           -1.193117e+02 -4.309214e-01 5.883632e+03 -1.193038e+02 -4.308682e-01 5.883793e+03 -7.823503e-03 -5.318157e-05 -1.618866e-01
29.3           -2.293141e+02 -3.825050e-01 5.670607e+03 -2.292982e+02 -3.824583e-01 5.670740e+03 -1.594668e-02 -4.663578e-05 -1.328276e-01
29.4           -1.190957e+02 -6.680261e-02 5.774576e+03 -1.190788e+02 -6.676225e-02 5.774678e+03 -1.687853e-02 -4.035954e-05 -1.022518e-01
29.5           2.884441e+01 -1.397030e+00 6.653841e+03 2.886007e+01 -1.396998e+00 6.653909e+03 -1.565595e-02 -3.261354e-05 -6.768372e-02
29.6           -1.556254e+02 -1.894723e+00 5.760077e+03 -1.556150e+02 -1.894683e+00 5.760114e+03 -1.039144e-02 -3.997325e-05 -3.682146e-02
29.7           -2.843432e+02 5.913873e-01 5.531239e+03 -2.843373e+02 5.914138e-01 5.531246e+03 -5.924904e-03 -2.655628e-05 -7.155655e-03
29.8           -1.266595e+02 5.569674e-01 5.595265e+03 -1.266587e+02 5.570019e-01 5.595244e+03 -8.443957e-04 -3.446385e-05 2.061511e-02
29.9           -4.205379e+01 4.912463e-01 5.792511e+03 -4.205775e+01 4.912863e-01 5.792472e+03 3.958845e-03 -3.998376e-05 3.950067e-02
30             -1.399209e+02 4.602907e-01 5.871996e+03 -1.399249e+02 4.603309e-01 5.871943e+03 4.002731e-03 -4.023759e-05 5.356810e-02
30.1           3.916352e+01 4.519191e-01 5.886306e+03 3.915684e+01 4.519532e-01 5.886248e+03 6.677676e-03 -3.413793e-05 5.823368e-02
30.2           -1.272891e+01 2.557095e-01 5.915157e+03 -1.273555e+01 2.557435e-01 5.915101e+03 6.636674e-03 -3.399977e-05 5.607068e-02
30.3           6.180051e+01 1.546548e-01 6.101169e+03 6.178837e+01 1.546845e-01 6.101128e+03 1.214538e-02 -2.974017e-05 4.045005e-02
30.4           1.006133e+02 -1.718360e-01 5.965133e+03 1.005960e+02 -1.718109e-01 5.965114e+03 1.730789e-02 -2.514341e-05 1.914263e-02
30.5           1.051594e+02 3.274458e-01 6.047674e+03 1.051333e+02 3.274722e-01 6.047684e+03 2.605746e-02 -2.644921e-05 -9.537869e-03
30.6           1.292655e+02 -3.399930e-01 6.198102e+03 1.292286e+02 -3.399647e-01 6.198146e+03 3.692482e-02 -2.826731e-05 -4.456836e-02
30.7           1.506972e+02 1.813615e-01 6.149035e+03 1.506518e+02 1.813831e-01 6.149112e+03 4.536454e-02 -2.162446e-05 -7.745597e-02
30.8           1.503640e+02 -5.461913e-01 6.146590e+03 1.503105e+02 -5.461647e-01 6.146699e+03 5.350980e-02 -2.664922e-05 -1.085250e-01
30.9           1.223764e+02 -3.204205e-01 6.110273e+03 1.223126e+02 -3.203875e-01 6.110414e+03 6.371045e-02 -3.292385e-05 -1.404190e-01
31             1.090213e+02 4.276381e-01 6.101708e+03 1.089479e+02 4.276758e-01 6.101876e+03 7.342872e-02 -3.763624e-05 -1.684906e-01
31.1           2.470700e+01 -1.844176e+00 5.732604e+03 2.462491e+01 -1.844135e+00 5.732799e+03 8.208390e-02 -4.149034e-05 -1.944148e-01
31.2           -3.066928e+01 -2.410601e-01 5.762898e+03 -3.075402e+01 -2.410140e-01 5.763116e+03 8.473334e-02 -4.602927e-05 -2.178108e-01
31.3           3.225898e+01 -1.632717e-01 6.077545e+03 3.217774e+01 -1.632275e-01 6.077774e+03 8.123615e-02 -4.425785e-05 -2.288046e-01
31.4           -3.226428e+01 -9.840113e-02 5.822249e+03 -3.233458e+01 -9.835567e-02 5.822484e+03 7.029829e-02 -4.546150e-05 -2.356431e-01
31.5           -1.750200e+01 -2.666492e-02 5.903539e+03 -1.755561e+01 -2.660832e-02 5.903775e+03 5.360911e-02 -5.659467e-05 -2.358849e-01
31.6           2.988818e+02 9.370241e-02 6.682646e+03 2.988464e+02 9.375798e-02 6.682877e+03 3.536074e-02 -5.556397e-05 -2.311677e-01
31.7           -1.665600e+02 -1.312462e-02 5.320378e+03 -1.665765e+02 -1.307504e-02 5.320596e+03 1.646618e-02 -4.958426e-05 -2.177332e-01
31.8           -8.643931e+01 -8.609419e-01 5.780612e+03 -8.643693e+01 -8.608865e-01 5.780807e+03 -2.380077e-03 -5.533949e-05 -1.948186e-01
31.9           -1.538906e+02 -3.324405e-01 5.784909e+03 -1.538728e+02 -3.323888e-01 5.785074e+03 -1.781578e-02 -5.172003e-05 -1.650837e-01
32             -2.219228e+02 -1.216855e+00 5.377508e+03 -2.218962e+02 -1.216809e+00 5.377643e+03 -2.661117e-02 -4.633957e-05 -1.356415e-01
32.1           -1.720540e+02 -1.969799e-01 5.612421e+03 -1.720256e+02 -1.969366e-01 5.612526e+03 -2.834288e-02 -4.331893e-05 -1.048045e-01
32.2           -2.006225e+02 4.111206e-01 5.616249e+03 -2.005970e+02 4.111605e-01 5.616323e+03 -2.549565e-02 -3.993636e-05 -7.420749e-02
32.3           -3.176346e+02 1.214715e-01 5.569528e+03 -3.176104e+02 1.215125e-01 5.569569e+03 -2.415301e-02 -4.106040e-05 -4.117713e-02
32.4           -3.822984e+02 4.762125e-01 5.313733e+03 -3.822782e+02 4.762467e-01 5.313743e+03 -2.025753e-02 -3.418400e-05 -1.069977e-02
32.5           -1.759033e+02 2.635542e-01 5.609746e+03 -1.758887e+02 2.635958e-01 5.609729e+03 -1.464872e-02 -4.162152e-05 1.679996e-02
32.6           -1.511642e+02 2.698948e-01 5.665951e+03 -1.511547e+02 2.699401e-01 5.665915e+03 -9.461213e-03 -4.530243e-05 3.607986e-02
32.7           -2.822805e+01 1.602004e-01 5.759572e+03 -2.822122e+01 1.602488e-01 5.759524e+03 -6.837065e-03 -4.836296e-05 4.841117e-02
32.8           -1.621270e+01 1.545702e-01 5.837769e+03 -1.620782e+01 1.546161e-01 5.837716e+03 -4.884565e-03 -4.598138e-05 5.303040e-02
32.9           -1.206102e+01 -8.485388e-03 5.980869e+03 -1.205574e+01 -8.438400e-03 5.980817e+03 -5.275698e-03 -4.698821e-05 5.228293e-02
33             1.891530e+01 -2.309026e-01 6.059173e+03 1.891373e+01 -2.308558e-01 6.059137e+03 1.569285e-03 -4.688619e-05 3.596464e-02
33.1           9.986119e+01 -6.199424e-01 6.098860e+03 9.985257e+01 -6.198946e-01 6.098847e+03 8.618769e-03 -4.776058e-05 1.286830e-02
33.2           1.107497e+02 -2.155485e-01 6.104400e+03 1.107345e+02 -2.155042e-01 6.104414e+03 1.520036e-02 -4.422311e-05 -1.449288e-02
33.3           1.652234e+02 -2.159222e-01 6.150105e+03 1.651980e+02 -2.158795e-01 6.150154e+03 2.546651e-02 -4.269916e-05 -4.860403e-02
33.4           1.084587e+02 -1.576467e-01 6.286489e+03 1.084253e+02 -1.576059e-01 6.286570e+03 3.342915e-02 -4.080636e-05 -8.121224e-02
33.5           1.820639e+02 -4.182823e-01 6.234196e+03 1.820214e+02 -4.182426e-01 6.234309e+03 4.248918e-02 -3.969605e-05 -1.124330e-01
33.6           1.703383e+02 1.207537e-01 6.195347e+03 1.702852e+02 1.207910e-01 6.195491e+03 5.304376e-02 -3.727715e-05 -1.437681e-01
33.7           1.320318e+02 -4.380052e-01 6.190919e+03 1.319688e+02 -4.379648e-01 6.191090e+03 6.300754e-02 -4.036158e-05 -1.711795e-01
33.8           1.608845e+02 -7.482959e-04 6.108125e+03 1.608143e+02 -7.064853e-04 6.108321e+03 7.020838e-02 -4.181056e-05 -1.955971e-01
33.9           7.258984e+01 2.942335e-01 6.061164e+03 7.251530e+01 2.942756e-01 6.061380e+03 7.453655e-02 -4.208416e-05 -2.163719e-01
34             1.544467e+02 2.374643e-01 5.875849e+03 1.543724e+02 2.375096e-01 5.876078e+03 7.430554e-02 -4.532782e-05 -2.285248e-01
34.1           -2.672349e+01 8.049957e-01 5.800211e+03 -2.678549e+01 8.050364e-01 5.800445e+03 6.199352e-02 -4.071940e-05 -2.344480e-01
34.2           4.619191e+01 3.558753e-01 6.057250e+03 4.614718e+01 3.559125e-01 6.057487e+03 4.472383e-02 -3.711677e-05 -2.362019e-01
34.3           -1.175602e+01 4.892211e-03 5.867194e+03 -1.177991e+01 4.931702e-03 5.867424e+03 2.388973e-02 -3.949103e-05 -2.303687e-01
34.4           5.156228e+01 6.197867e-01 5.978262e+03 5.155778e+01 6.198112e-01 5.978480e+03 4.498384e-03 -2.441781e-05 -2.178859e-01
34.5           -5.914270e+01 1.019806e+00 6.024884e+03 -5.912902e+01 1.019817e+00 6.025082e+03 -1.368072e-02 -1.137118e-05 -1.977084e-01
34.6           1.875534e+02 3.176384e-01 6.004185e+03 1.875806e+02 3.176590e-01 6.004357e+03 -2.723764e-02 -2.059465e-05 -1.714460e-01
34.7           6.927338e+01 -2.350399e-01 6.376497e+03 6.931212e+01 -2.350271e-01 6.376637e+03 -3.873530e-02 -1.277314e-05 -1.408347e-01
34.8           -1.783782e+02 -1.830524e+00 5.749987e+03 -1.783368e+02 -1.830506e+00 5.750100e+03 -4.135993e-02 -1.799976e-05 -1.123241e-01
34.9           -1.743302e+02 -2.691460e-01 5.803118e+03 -1.742928e+02 -2.691349e-01 5.803201e+03 -3.740290e-02 -1.116620e-05 -8.278537e-02
35             -6.439664e+01 1.326998e-01 5.817883e+03 -6.436269e+01 1.327088e-01 5.817937e+03 -3.395133e-02 -8.975744e-06 -5.377263e-02
35.1           -1.889986e+02 3.661133e-01 5.740130e+03 -1.889711e+02 3.661338e-01 5.740154e+03 -2.745760e-02 -2.048356e-05 -2.465644e-02
35.2           -2.516508e+02 -4.715340e-01 5.727576e+03 -2.516282e+02 -4.714941e-01 5.727575e+03 -2.262592e-02 -3.994667e-05 8.810774e-04
35.3           -1.424172e+02 -9.979034e-01 5.663304e+03 -1.423988e+02 -9.978561e-01 5.663281e+03 -1.844872e-02 -4.733898e-05 2.354644e-02
35.4           -1.092681e+02 -3.491690e-01 5.843633e+03 -1.092513e+02 -3.491069e-01 5.843594e+03 -1.678354e-02 -6.208527e-05 3.915961e-02
35.5           -3.755738e+01 -5.095503e-01 5.857904e+03 -3.754318e+01 -5.094807e-01 5.857858e+03 -1.420641e-02 -6.962477e-05 4.550737e-02
35.6           3.292937e+01 -6.829084e-01 6.002626e+03 3.294133e+01 -6.828302e-01 6.002581e+03 -1.195746e-02 -7.818492e-05 4.519231e-02
35.7           5.088884e+01 -5.693669e-01 6.018989e+03 5.089580e+01 -5.692853e-01 6.018956e+03 -6.960184e-03 -8.155381e-05 3.309114e-02
35.8           8.511501e+00 -2.277760e-01 5.949630e+03 8.511775e+00 -2.277008e-01 5.949617e+03 -2.741800e-04 -7.528192e-05 1.254166e-02
35.9           8.424155e+01 1.474854e-01 5.793594e+03 8.423524e+01 1.475499e-01 5.793607e+03 6.307079e-03 -6.447367e-05 -1.320911e-02
36             1.234574e+02 -2.599419e-02 6.062047e+03 1.234404e+02 -2.593216e-02 6.062092e+03 1.700915e-02 -6.202530e-05 -4.500757e-02
36.1           1.715388e+02 2.316678e-01 6.158006e+03 1.715116e+02 2.317293e-01 6.158085e+03 2.719320e-02 -6.152027e-05 -7.806358e-02
36.2           1.481849e+02 4.203818e-01 6.188860e+03 1.481499e+02 4.204410e-01 6.188968e+03 3.495840e-02 -5.922146e-05 -1.083498e-01
36.3           1.322328e+02 4.481128e-01 6.137417e+03 1.321882e+02 4.481714e-01 6.137556e+03 4.464275e-02 -5.858094e-05 -1.387928e-01
36.4           6.889391e+01 5.708076e-01 6.001733e+03 6.884101e+01 5.708640e-01 6.001900e+03 5.289887e-02 -5.644060e-05 -1.662451e-01
36.5           -1.536328e+02 1.860517e+00 5.287390e+03 -1.536953e+02 1.860566e+00 5.287585e+03 6.248407e-02 -4.912584e-05 -1.951565e-01
36.6           4.767501e+01 9.963404e-01 6.058630e+03 4.761089e+01 9.963899e-01 6.058843e+03 6.411537e-02 -4.950987e-05 -2.128068e-01
36.7           2.117818e+02 6.768259e-01 6.582752e+03 2.117174e+02 6.768672e-01 6.582979e+03 6.444347e-02 -4.125520e-05 -2.270120e-01
36.8           1.545950e+01 4.214101e-02 5.818284e+03 1.540336e+01 4.218174e-02 5.818518e+03 5.613565e-02 -4.072339e-05 -2.344515e-01
36.9           -5.653030e+01 2.441338e-01 5.680717e+03 -5.656885e+01 2.441760e-01 5.680950e+03 3.855467e-02 -4.219459e-05 -2.330726e-01
37             -4.172085e+01 7.691189e-01 5.901944e+03 -4.174097e+01 7.691638e-01 5.902173e+03 2.011355e-02 -4.487417e-05 -2.289276e-01
37.1           1.464702e+02 3.384809e-01 6.164299e+03 1.464704e+02 3.385301e-01 6.164515e+03 -2.257446e-04 -4.914514e-05 -2.161299e-01
37.2           -7.355385e+01 -1.001313e-01 5.897168e+03 -7.353827e+01 -1.000826e-01 5.897371e+03 -1.557676e-02 -4.874016e-05 -2.028012e-01
37.3           -1.067187e+02 -3.194051e-01 5.523189e+03 -1.066873e+02 -3.193486e-01 5.523367e+03 -3.141693e-02 -5.650865e-05 -1.782332e-01
37.4           -1.446622e+02 -1.610774e+00 5.439311e+03 -1.446205e+02 -1.610733e+00 5.439461e+03 -4.167534e-02 -4.121853e-05 -1.499039e-01
37.5           -1.843005e+02 -5.251553e-01 5.691121e+03 -1.842518e+02 -5.251173e-01 5.691240e+03 -4.879160e-02 -3.802947e-05 -1.196039e-01
37.6           -1.438149e+02 1.596219e+00 5.785658e+03 -1.437704e+02 1.596249e+00 5.785748e+03 -4.453310e-02 -3.052372e-05 -8.955656e-02
37.7           -2.491073e+02 -4.861785e-01 5.103384e+03 -2.490694e+02 -4.861441e-01 5.103445e+03 -3.794889e-02 -3.438447e-05 -6.111586e-02
37.8           -1.255805e+02 1.682894e-01 5.721915e+03 -1.255447e+02 1.683304e-01 5.721944e+03 -3.582985e-02 -4.098911e-05 -2.880370e-02
37.9           -1.289068e+02 8.096515e-01 5.612457e+03 -1.288758e+02 8.096942e-01 5.612460e+03 -3.102596e-02 -4.265380e-05 -2.946803e-03
38             -6.644689e+01 -4.506800e-02 5.892478e+03 -6.642175e+01 -4.500961e-02 5.892459e+03 -2.513990e-02 -5.839080e-05 1.895495e-02
38.1           -4.300699e+01 1.458012e-01 5.816673e+03 -4.298478e+01 1.458699e-01 5.816641e+03 -2.221568e-02 -6.872203e-05 3.239468e-02
38.2           3.996402e+00 1.113686e-01 5.976250e+03 4.015159e+00 1.114359e-01 5.976211e+03 -1.875672e-02 -6.729378e-05 3.902587e-02
38.3           5.301825e+00 -7.236519e-02 5.494343e+03 5.318249e+00 -7.229766e-02 5.494302e+03 -1.642439e-02 -6.752945e-05 4.032854e-02
38.4           7.495148e+01 5.035169e-02 5.991372e+03 7.496475e+01 5.042076e-02 5.991341e+03 -1.327085e-02 -6.906410e-05 3.159114e-02
38.5           1.157580e+02 -3.704222e-02 6.065867e+03 1.157625e+02 -3.697682e-02 6.065855e+03 -4.483194e-03 -6.540617e-05 1.206299e-02
38.6           7.150212e+01 -1.219561e-01 6.127237e+03 7.149879e+01 -1.218899e-01 6.127248e+03 3.330655e-03 -6.623236e-05 -1.180740e-02
38.7           1.350534e+02 -2.800157e-01 6.175932e+03 1.350409e+02 -2.799487e-01 6.175974e+03 1.242621e-02 -6.701702e-05 -4.234262e-02
38.8           1.518761e+02 -1.112919e-01 6.127979e+03 1.518546e+02 -1.112172e-01 6.128054e+03 2.140629e-02 -7.473183e-05 -7.428505e-02
38.9           1.539125e+02 -4.242822e-01 6.161698e+03 1.538833e+02 -4.242014e-01 6.161801e+03 2.913124e-02 -8.085473e-05 -1.033792e-01
39             8.552793e+01 -2.384173e-01 6.237385e+03 8.549008e+01 -2.383266e-01 6.237517e+03 3.785317e-02 -9.065082e-05 -1.324740e-01
39.1           1.757202e+02 -1.106009e-01 6.120776e+03 1.756737e+02 -1.105051e-01 6.120935e+03 4.651661e-02 -9.583826e-05 -1.592223e-01
39.2           1.605883e+02 -2.116400e-01 6.071414e+03 1.605341e+02 -2.115397e-01 6.071599e+03 5.416629e-02 -1.002502e-04 -1.842193e-01
39.3           1.385042e+02 -1.733451e-01 6.054757e+03 1.384465e+02 -1.732442e-01 6.054962e+03 5.774083e-02 -1.009037e-04 -2.047717e-01
39.4           1.553749e+02 1.107817e-01 6.174094e+03 1.553166e+02 1.108779e-01 6.174313e+03 5.827616e-02 -9.620921e-05 -2.193395e-01
39.5           1.370731e+02 9.786966e-02 6.211122e+03 1.370223e+02 9.796442e-02 6.211349e+03 5.081595e-02 -9.476411e-05 -2.265449e-01
39.6           1.823377e+02 -1.674992e-01 6.264767e+03 1.823003e+02 -1.673960e-01 6.264996e+03 3.745047e-02 -1.031921e-04 -2.290361e-01
39.7           1.610758e+02 6.130074e-01 6.672402e+03 1.610561e+02 6.131220e-01 6.672625e+03 1.976865e-02 -1.146042e-04 -2.221150e-01
39.8           1.061181e+00 -1.343750e+00 5.932774e+03 1.060604e+00 -1.343612e+00 5.932987e+03 5.770072e-04 -1.389141e-04 -2.133459e-01
39.9           5.824988e+00 1.620901e-01 5.801435e+03 5.843195e+00 1.622278e-01 5.801636e+03 -1.820690e-02 -1.376156e-04 -2.010017e-01
40             -5.693701e+01 2.558174e-01 5.791873e+03 -5.690279e+01 2.559593e-01 5.792056e+03 -3.422030e-02 -1.419096e-04 -1.829610e-01
