# Moment      
# CofR        : (2.293280e+01 0.000000e+00 -2.860000e-01)
#
# Time        	total_x total_y total_z	pressure_x pressure_y pressure_z	viscous_x viscous_y viscous_z
0.1            2.615398e-02 2.130233e+02 4.342876e-02 2.615441e-02 2.131153e+02 4.342572e-02 -4.274102e-07 -9.195622e-02 3.043183e-06
0.2            1.598186e-02 1.552283e+02 2.262739e-02 1.598198e-02 1.553886e+02 2.262769e-02 -1.178329e-07 -1.602837e-01 -2.986466e-07
0.3            -3.928353e-01 7.449374e+01 -6.489938e-02 -3.928368e-01 7.471147e+01 -6.489620e-02 1.497763e-06 -2.177329e-01 -3.175476e-06
0.4            2.205935e-02 1.039403e+02 7.555214e-03 2.205811e-02 1.041931e+02 7.561528e-03 1.244219e-06 -2.527839e-01 -6.314096e-06
0.5            1.346938e-01 4.306181e+01 -8.700654e-02 1.346922e-01 4.333046e+01 -8.699966e-02 1.597237e-06 -2.686546e-01 -6.879558e-06
0.6            4.053635e-02 -6.364126e+01 2.295663e-02 4.053272e-02 -6.337167e+01 2.296423e-02 3.628426e-06 -2.695903e-01 -7.596408e-06
0.7            1.041073e-02 -5.781316e+01 1.160545e-02 1.040499e-02 -5.755776e+01 1.161278e-02 5.741522e-06 -2.553976e-01 -7.327161e-06
0.8            -1.715950e-02 -9.879192e+01 1.126881e-02 -1.716526e-02 -9.855879e+01 1.127521e-02 5.764363e-06 -2.331298e-01 -6.394203e-06
0.9            -3.063288e-01 -1.319245e+02 5.494271e-02 -3.063312e-01 -1.317207e+02 5.494884e-02 2.353741e-06 -2.037509e-01 -6.128455e-06
1              -9.576777e-03 -1.780552e+02 1.046019e-01 -9.575100e-03 -1.778851e+02 1.046090e-01 -1.677415e-06 -1.701102e-01 -7.149928e-06
1.1            -1.213509e-02 -1.759471e+02 1.166988e-01 -1.213122e-02 -1.758159e+02 1.167065e-01 -3.864657e-06 -1.311985e-01 -7.763164e-06
1.2            -6.175388e-02 -1.615499e+02 1.552594e-01 -6.174886e-02 -1.614626e+02 1.552678e-01 -5.023307e-06 -8.730177e-02 -8.359293e-06
1.3            -1.535807e-02 -1.363108e+02 8.775106e-02 -1.535199e-02 -1.362679e+02 8.775900e-02 -6.075499e-06 -4.292825e-02 -7.934721e-06
1.4            -2.894379e-02 -1.518885e+02 5.875001e-02 -2.893784e-02 -1.518881e+02 5.875706e-02 -5.955535e-06 -3.818656e-04 -7.047670e-06
1.5            -1.060740e-02 -9.757771e+01 1.093226e-02 -1.060326e-02 -9.761367e+01 1.093717e-02 -4.147649e-06 3.595399e-02 -4.907007e-06
1.6            -7.097796e-03 -6.031061e+01 -3.939346e-02 -7.097463e-03 -6.037528e+01 -3.939242e-02 -3.329600e-07 6.466622e-02 -1.040717e-06
1.7            -1.025084e-02 -2.105352e+01 -7.385284e-02 -1.025907e-02 -2.113903e+01 -7.385651e-02 8.231999e-06 8.551159e-02 3.669786e-06
1.8            -1.138988e-02 2.134253e+01 -1.600751e-01 -1.141089e-02 2.124706e+01 -1.600805e-01 2.101273e-05 9.546947e-02 5.401328e-06
1.9            -2.549066e-02 6.235690e+01 -2.167939e-01 -2.552470e-02 6.226017e+01 -2.168025e-01 3.403780e-05 9.673437e-02 8.555461e-06
2              -2.937648e-02 1.210446e+02 -2.246832e-01 -2.941756e-02 1.209548e+02 -2.246952e-01 4.108169e-05 8.982625e-02 1.190920e-05
2.1            1.221291e-02 1.628239e+02 -1.701624e-01 1.217000e-02 1.627475e+02 -1.701763e-01 4.291475e-05 7.644887e-02 1.399049e-05
2.2            7.582321e-03 2.057687e+02 -1.145893e-01 7.537913e-03 2.057110e+02 -1.146073e-01 4.440773e-05 5.770804e-02 1.801564e-05
2.3            1.965629e-02 2.167005e+02 -5.318439e-02 1.961143e-02 2.166664e+02 -5.320510e-02 4.486337e-05 3.407055e-02 2.071373e-05
2.4            1.417582e-02 2.523054e+02 -6.946604e-04 1.413267e-02 2.522968e+02 -7.167239e-04 4.315427e-05 8.611588e-03 2.206348e-05
2.5            2.435089e-02 2.666616e+02 4.686966e-03 2.431093e-02 2.666835e+02 4.663677e-03 3.995792e-05 -2.187428e-02 2.328981e-05
2.6            1.734827e-03 2.794123e+02 1.248770e-01 1.699442e-03 2.794639e+02 1.248543e-01 3.538544e-05 -5.156045e-02 2.264797e-05
2.7            6.257824e-03 2.791064e+02 1.147700e-01 6.226721e-03 2.791850e+02 1.147495e-01 3.110357e-05 -7.866235e-02 2.053551e-05
2.8            9.939175e-03 2.616494e+02 1.029113e-01 9.912002e-03 2.617517e+02 1.028925e-01 2.717229e-05 -1.022563e-01 1.879026e-05
2.9            -2.018320e-02 2.531165e+02 6.700746e-02 -2.020734e-02 2.532378e+02 6.698980e-02 2.414443e-05 -1.213162e-01 1.766533e-05
3              -3.024781e-02 2.268330e+02 6.537238e-02 -3.026887e-02 2.269669e+02 6.535677e-02 2.105463e-05 -1.339260e-01 1.561071e-05
3.1            -2.222158e-02 2.266531e+02 2.043320e-02 -2.223906e-02 2.267932e+02 2.041805e-02 1.747673e-05 -1.401052e-01 1.514611e-05
3.2            -1.621421e-02 1.987098e+02 -1.181400e-02 -1.622823e-02 1.988493e+02 -1.182826e-02 1.402803e-05 -1.394746e-01 1.425913e-05
3.3            -4.171673e-02 1.856110e+02 -5.783691e-02 -4.172979e-02 1.857429e+02 -5.785077e-02 1.306660e-05 -1.318965e-01 1.385658e-05
3.4            -5.789434e-02 1.784375e+02 -7.141841e-02 -5.790870e-02 1.785566e+02 -7.143218e-02 1.435894e-05 -1.190848e-01 1.376617e-05
3.5            -1.978944e-02 1.737861e+02 -1.032589e-01 -1.980727e-02 1.738876e+02 -1.032740e-01 1.783439e-05 -1.015858e-01 1.517712e-05
3.6            2.510235e-02 1.761089e+02 -1.010646e-01 2.507923e-02 1.761917e+02 -1.010801e-01 2.311510e-05 -8.280234e-02 1.550966e-05
3.7            -2.962960e-02 1.665127e+02 -5.725347e-02 -2.965960e-02 1.665751e+02 -5.726973e-02 3.000385e-05 -6.239566e-02 1.625780e-05
3.8            4.417371e-02 1.796931e+02 -6.120516e-02 4.413833e-02 1.797343e+02 -6.122192e-02 3.538296e-05 -4.121798e-02 1.675513e-05
3.9            4.717081e-02 2.063531e+02 -4.952773e-02 4.712959e-02 2.063754e+02 -4.954619e-02 4.122435e-05 -2.228952e-02 1.846427e-05
4              4.521409e-02 2.245377e+02 -1.835136e-02 4.516576e-02 2.245423e+02 -1.837201e-02 4.832509e-05 -4.652373e-03 2.064960e-05
4.1            3.802520e-02 2.433117e+02 -1.798027e-02 3.796873e-02 2.433022e+02 -1.800335e-02 5.646866e-05 9.412035e-03 2.307664e-05
4.2            3.685046e-02 2.641792e+02 -5.573455e-03 3.678863e-02 2.641602e+02 -5.599293e-03 6.183432e-05 1.901127e-02 2.583825e-05
4.3            1.099005e-01 2.967115e+02 -1.389910e-01 1.098360e-01 2.966881e+02 -1.390179e-01 6.453910e-05 2.335256e-02 2.685489e-05
4.4            3.984827e-02 3.257876e+02 1.455699e-02 3.977872e-02 3.257638e+02 1.453010e-02 6.955123e-05 2.377280e-02 2.688701e-05
4.5            3.006825e-02 3.341150e+02 2.053862e-02 2.999738e-02 3.340946e+02 2.051090e-02 7.086946e-05 2.044515e-02 2.772034e-05
4.6            2.370676e-02 3.692702e+02 2.193836e-02 2.363698e-02 3.692561e+02 2.191010e-02 6.977508e-05 1.403068e-02 2.826726e-05
4.7            2.404928e-02 3.745033e+02 2.811156e-02 2.398102e-02 3.744986e+02 2.808377e-02 6.826099e-05 4.648496e-03 2.778781e-05
4.8            6.263011e-03 3.872095e+02 -1.575473e-03 6.197193e-03 3.872158e+02 -1.603126e-03 6.581820e-05 -6.305670e-03 2.765236e-05
4.9            -1.197597e-02 4.038904e+02 -2.157759e-02 -1.204080e-02 4.039084e+02 -2.160528e-02 6.482838e-05 -1.806514e-02 2.769033e-05
5              -2.600341e-02 4.102260e+02 -2.291915e-02 -2.606549e-02 4.102552e+02 -2.294592e-02 6.207730e-05 -2.912143e-02 2.677088e-05
5.1            -3.004846e-02 4.079144e+02 -5.147323e-02 -3.010802e-02 4.079538e+02 -5.150058e-02 5.956243e-05 -3.942541e-02 2.735667e-05
5.2            -7.263308e-03 4.109965e+02 -2.935354e-02 -7.320779e-03 4.110446e+02 -2.938088e-02 5.747089e-05 -4.808257e-02 2.733962e-05
5.3            -2.219770e-02 3.835822e+02 -1.989769e-02 -2.225234e-02 3.836385e+02 -1.992489e-02 5.464412e-05 -5.627702e-02 2.719550e-05
5.4            -1.029970e-02 4.185417e+02 -1.967412e-02 -1.035186e-02 4.186029e+02 -1.970144e-02 5.215946e-05 -6.123799e-02 2.732061e-05
5.5            -3.552012e-03 4.009419e+02 -8.997988e-03 -3.602951e-03 4.010057e+02 -9.025584e-03 5.093912e-05 -6.376484e-02 2.759601e-05
5.6            -3.293056e-02 4.085592e+02 5.699138e-03 -3.298239e-02 4.086216e+02 5.672515e-03 5.183228e-05 -6.241712e-02 2.662277e-05
5.7            1.680640e-03 4.172322e+02 1.146235e-02 1.628752e-03 4.172905e+02 1.143732e-02 5.188807e-05 -5.831835e-02 2.502711e-05
5.8            1.320079e-02 4.039948e+02 2.470041e-02 1.315029e-02 4.040453e+02 2.467702e-02 5.049500e-05 -5.049497e-02 2.339438e-05
5.9            7.975509e-03 4.114009e+02 -2.050330e-02 7.928471e-03 4.114422e+02 -2.052549e-02 4.703760e-05 -4.131046e-02 2.218737e-05
6              5.699593e-03 4.099970e+02 -1.581559e-02 5.657533e-03 4.100275e+02 -1.583487e-02 4.205940e-05 -3.053204e-02 1.928203e-05
6.1            6.033794e-03 4.272395e+02 -1.440693e-02 5.991724e-03 4.272591e+02 -1.442279e-02 4.207031e-05 -1.961062e-02 1.585344e-05
6.2            3.675292e-02 4.809551e+02 -3.714722e-03 3.670405e-02 4.809648e+02 -3.726736e-03 4.886448e-05 -9.678782e-03 1.201393e-05
6.3            3.177511e-02 4.628456e+02 -4.607456e-03 3.171699e-02 4.628476e+02 -4.614433e-03 5.812432e-05 -2.010380e-03 6.977652e-06
6.4            2.648699e-02 4.834837e+02 -1.388445e-02 2.642810e-02 4.834802e+02 -1.388489e-02 5.889035e-05 3.485891e-03 4.396774e-07
6.5            3.634246e-02 5.025051e+02 -2.221063e-02 3.629766e-02 5.025007e+02 -2.220988e-02 4.480665e-05 4.351335e-03 -7.494943e-07
6.6            -4.106671e-03 5.234928e+02 -4.379388e-02 -4.140341e-03 5.234887e+02 -4.379534e-02 3.366986e-05 4.086579e-03 1.459795e-06
6.7            1.677292e-02 5.161762e+02 -3.034938e-02 1.672403e-02 5.161754e+02 -3.034559e-02 4.888750e-05 8.010965e-04 -3.792785e-06
6.8            1.634349e-02 5.429493e+02 -4.655748e-02 1.626931e-02 5.429531e+02 -4.654175e-02 7.417490e-05 -3.754611e-03 -1.573852e-05
6.9            1.537303e-02 5.534660e+02 -4.032607e-02 1.529028e-02 5.534759e+02 -4.030755e-02 8.274570e-05 -9.904209e-03 -1.851901e-05
7              1.690884e-02 5.596459e+02 -3.179027e-02 1.683447e-02 5.596632e+02 -3.177594e-02 7.437828e-05 -1.729554e-02 -1.433815e-05
7.1            2.382646e-02 5.475904e+02 -2.841967e-02 2.376206e-02 5.476161e+02 -2.840806e-02 6.439562e-05 -2.572000e-02 -1.161799e-05
7.2            2.778361e-02 5.780549e+02 -5.114464e-02 2.773038e-02 5.780882e+02 -5.113364e-02 5.322650e-05 -3.329367e-02 -1.099892e-05
7.3            1.835941e-02 5.769325e+02 -1.178826e-02 1.831995e-02 5.769729e+02 -1.177899e-02 3.946008e-05 -4.039401e-02 -9.265399e-06
7.4            9.174046e-03 5.768277e+02 -3.859932e-02 9.140104e-03 5.768739e+02 -3.858792e-02 3.394212e-05 -4.619630e-02 -1.139390e-05
7.5            1.875267e-02 5.816408e+02 -3.012994e-02 1.871781e-02 5.816919e+02 -3.011704e-02 3.486127e-05 -5.109617e-02 -1.289477e-05
7.6            2.730408e-02 5.699792e+02 -1.052409e-02 2.725584e-02 5.700329e+02 -1.051164e-02 4.824291e-05 -5.375272e-02 -1.244640e-05
7.7            1.957237e-02 5.815390e+02 1.864512e-02 1.949897e-02 5.815936e+02 1.865802e-02 7.339629e-05 -5.452569e-02 -1.289941e-05
7.8            -3.222226e-03 5.697955e+02 1.269752e-02 -3.305091e-03 5.698481e+02 1.271271e-02 8.286484e-05 -5.259037e-02 -1.518538e-05
7.9            1.876292e-02 5.835874e+02 1.006797e-02 1.870593e-02 5.836362e+02 1.007682e-02 5.698960e-05 -4.878733e-02 -8.852673e-06
8              5.800087e-03 5.836470e+02 -2.589050e-02 5.779312e-03 5.836896e+02 -2.589607e-02 2.077515e-05 -4.261199e-02 5.570077e-06
8.1            -1.201366e-02 5.876029e+02 1.064105e-02 -1.202060e-02 5.876386e+02 1.063473e-02 6.937138e-06 -3.573823e-02 6.320955e-06
8.2            -2.394398e-02 6.276050e+02 -3.054652e-02 -2.395573e-02 6.276327e+02 -3.054836e-02 1.175240e-05 -2.777277e-02 1.831654e-06
8.3            -1.134191e-02 6.355678e+02 -6.891835e-03 -1.136438e-02 6.355874e+02 -6.899133e-03 2.247159e-05 -1.960612e-02 7.298623e-06
8.4            -1.331231e-02 6.493960e+02 -2.411731e-02 -1.333396e-02 6.494077e+02 -2.411753e-02 2.165439e-05 -1.170515e-02 2.182000e-07
8.5            -3.461786e-02 6.907091e+02 -8.762956e-02 -3.460488e-02 6.907140e+02 -8.762288e-02 -1.298348e-05 -4.950371e-03 -6.686678e-06
8.6            -3.263109e-02 6.947242e+02 -1.008192e-01 -3.258160e-02 6.947240e+02 -1.008298e-01 -4.948654e-05 1.493132e-04 1.062615e-05
8.7            -1.870539e-02 7.326932e+02 -2.210100e-02 -1.867784e-02 7.326899e+02 -2.211412e-02 -2.755093e-05 3.223337e-03 1.311885e-05
8.8            -7.428138e-03 7.393108e+02 -1.902947e-02 -7.453465e-03 7.393070e+02 -1.901291e-02 2.532687e-05 3.812798e-03 -1.655923e-05
8.9            -5.797311e-03 7.530402e+02 -1.197723e-02 -5.824060e-03 7.530382e+02 -1.194095e-02 2.674858e-05 1.933283e-03 -3.627797e-05
9              -5.677146e-03 7.946219e+02 -3.585155e-02 -5.654046e-03 7.946243e+02 -3.582026e-02 -2.309995e-05 -2.366783e-03 -3.129192e-05
9.1            3.117249e-02 8.070494e+02 -1.538787e-02 3.122994e-02 8.070562e+02 -1.536173e-02 -5.745374e-05 -6.776018e-03 -2.614198e-05
9.2            3.559961e-02 8.231666e+02 -4.467049e-02 3.564655e-02 8.231804e+02 -4.463864e-02 -4.694118e-05 -1.372934e-02 -3.184807e-05
9.3            4.261108e-02 8.378857e+02 -3.701175e-02 4.263239e-02 8.379066e+02 -3.696707e-02 -2.130270e-05 -2.093063e-02 -4.467851e-05
9.4            6.544702e-02 8.102689e+02 6.290814e-02 6.545331e-02 8.102972e+02 6.296231e-02 -6.287623e-06 -2.833115e-02 -5.417118e-05
9.5            6.857926e-02 7.946758e+02 7.394339e-02 6.857986e-02 7.947103e+02 7.400026e-02 -6.057580e-07 -3.447417e-02 -5.687678e-05
9.6            4.316160e-02 8.086538e+02 3.004102e-02 4.317106e-02 8.086943e+02 3.010089e-02 -9.460199e-06 -4.052940e-02 -5.986704e-05
9.7            -8.564672e-02 8.268528e+02 8.463481e-02 -8.562044e-02 8.268978e+02 8.469646e-02 -2.628334e-05 -4.497765e-02 -6.164744e-05
9.8            -1.982336e-03 7.825481e+02 -2.106485e-02 -1.940846e-03 7.825954e+02 -2.100289e-02 -4.149001e-05 -4.737652e-02 -6.195686e-05
9.9            -1.205893e-02 7.826346e+02 -7.095392e-02 -1.201279e-02 7.826809e+02 -7.089104e-02 -4.614330e-05 -4.627855e-02 -6.288257e-05
10             -1.327272e-02 7.522499e+02 -1.031543e-01 -1.322521e-02 7.522942e+02 -1.030919e-01 -4.751777e-05 -4.434320e-02 -6.243923e-05
10.1           -1.208563e-02 7.670438e+02 -1.081223e-01 -1.202837e-02 7.670835e+02 -1.080621e-01 -5.726117e-05 -3.967620e-02 -6.018877e-05
10.2           -2.392693e-02 7.706540e+02 -8.284731e-02 -2.386056e-02 7.706873e+02 -8.278512e-02 -6.637703e-05 -3.336473e-02 -6.219517e-05
10.3           -4.985262e-03 7.206796e+02 -4.551917e-02 -4.915761e-03 7.207053e+02 -4.545762e-02 -6.950071e-05 -2.568820e-02 -6.155180e-05
10.4           -1.137705e-02 7.411792e+02 -2.138761e-02 -1.130633e-02 7.411966e+02 -2.132867e-02 -7.071867e-05 -1.744510e-02 -5.894050e-05
10.5           8.643672e-04 7.474202e+02 1.077639e-02 9.287615e-04 7.474288e+02 1.083472e-02 -6.439433e-05 -8.619629e-03 -5.832698e-05
10.6           2.292048e-02 7.890784e+02 5.050530e-03 2.297498e-02 7.890785e+02 5.107800e-03 -5.450016e-05 -1.519803e-04 -5.726995e-05
10.7           4.251471e-02 8.026745e+02 -2.713633e-03 4.255740e-02 8.026674e+02 -2.663032e-03 -4.268939e-05 7.161752e-03 -5.060134e-05
10.8           9.369697e-02 8.400285e+02 3.756587e-02 9.372133e-02 8.400147e+02 3.760739e-02 -2.436350e-05 1.385033e-02 -4.151648e-05
10.9           -5.914419e-01 8.550249e+02 2.737932e-01 -5.914407e-01 8.550068e+02 2.738370e-01 -1.202379e-06 1.808824e-02 -4.377512e-05
11             1.028528e-01 9.081136e+02 4.081615e-02 1.028601e-01 9.080937e+02 4.087918e-02 -7.318244e-06 1.991281e-02 -6.303606e-05
11.1           1.152641e-01 9.289780e+02 -9.830501e-03 1.152969e-01 9.289604e+02 -9.764016e-03 -3.279346e-05 1.750754e-02 -6.648552e-05
11.2           1.123564e-01 9.802165e+02 -1.285887e-02 1.124182e-01 9.802034e+02 -1.280781e-02 -6.179001e-05 1.311319e-02 -5.105699e-05
11.3           1.210024e-01 1.031590e+03 1.670280e-02 1.210715e-01 1.031584e+03 1.674822e-02 -6.907366e-05 5.588199e-03 -4.541838e-05
11.4           2.273880e-01 1.050591e+03 -3.039102e-02 2.274524e-01 1.050596e+03 -3.033390e-02 -6.442862e-05 -5.075121e-03 -5.712195e-05
11.5           7.556303e-02 1.107993e+03 -4.626985e-02 7.562750e-02 1.108011e+03 -4.620442e-02 -6.447599e-05 -1.807131e-02 -6.543156e-05
11.6           4.691804e-02 1.133556e+03 -8.650301e-02 4.698404e-02 1.133589e+03 -8.643825e-02 -6.600222e-05 -3.322978e-02 -6.475735e-05
11.7           3.244915e-02 1.162749e+03 -1.369820e-01 3.251059e-02 1.162799e+03 -1.369182e-01 -6.143375e-05 -4.940633e-02 -6.378591e-05
11.8           8.403561e-03 1.163705e+03 -1.685821e-01 8.458396e-03 1.163770e+03 -1.685205e-01 -5.483566e-05 -6.511020e-02 -6.165649e-05
11.9           -1.448068e-02 1.189146e+03 -1.483073e-01 -1.442537e-02 1.189227e+03 -1.482506e-01 -5.531014e-05 -8.054388e-02 -5.671179e-05
12             -3.182109e-02 1.200384e+03 -5.413442e-02 -3.174042e-02 1.200476e+03 -5.407367e-02 -8.066582e-05 -9.248711e-02 -6.075460e-05
12.1           -6.761703e-02 1.177367e+03 -4.853150e-02 -6.751730e-02 1.177466e+03 -4.847066e-02 -9.972340e-05 -9.937631e-02 -6.083389e-05
12.2           -6.520649e-02 1.126065e+03 -2.484759e-02 -6.511043e-02 1.126167e+03 -2.478947e-02 -9.606107e-05 -1.024733e-01 -5.811331e-05
12.3           -1.054696e-01 1.098339e+03 -2.096128e-02 -1.054083e-01 1.098443e+03 -2.090027e-02 -6.137620e-05 -1.041606e-01 -6.100988e-05
12.4           -6.041318e-02 1.084069e+03 1.811189e-02 -6.037681e-02 1.084165e+03 1.816334e-02 -3.637179e-05 -9.643951e-02 -5.145450e-05
12.5           -4.181148e-01 1.090536e+03 1.793009e-01 -4.180570e-01 1.090621e+03 1.793549e-01 -5.785838e-05 -8.491869e-02 -5.400600e-05
12.6           3.417758e-02 1.028891e+03 7.862913e-03 3.424988e-02 1.028958e+03 7.927342e-03 -7.230235e-05 -6.755908e-02 -6.442923e-05
12.7           3.558233e-02 9.971984e+02 -1.145159e-01 3.561743e-02 9.972469e+02 -1.144458e-01 -3.509396e-05 -4.850105e-02 -7.010554e-05
12.8           6.050166e-02 9.836685e+02 -1.078419e-01 6.048697e-02 9.836934e+02 -1.077888e-01 1.469773e-05 -2.485434e-02 -5.318515e-05
12.9           1.984850e-01 9.640432e+02 6.965082e-04 1.984477e-01 9.640432e+02 7.292072e-04 3.728073e-05 -3.694868e-06 -3.269906e-05
13             1.227558e-01 9.517505e+02 1.583740e-02 1.226929e-01 9.517249e+02 1.585702e-02 6.286407e-05 2.555120e-02 -1.961616e-05
13.1           1.583827e-01 9.474091e+02 -3.520840e-02 1.582770e-01 9.473588e+02 -3.520855e-02 1.056895e-04 5.025500e-02 1.562975e-07
13.2           1.540742e-01 9.614028e+02 3.493854e-02 1.539440e-01 9.613305e+02 3.493599e-02 1.301461e-04 7.226460e-02 2.546877e-06
13.3           1.538717e-01 9.766360e+02 4.711929e-02 1.537589e-01 9.765445e+02 4.712917e-02 1.128865e-04 9.148267e-02 -9.880343e-06
13.4           2.504622e-01 1.019916e+03 -4.134851e-02 2.504023e-01 1.019812e+03 -4.135352e-02 5.998520e-05 1.045657e-01 5.004538e-06
13.5           1.191115e-01 1.047823e+03 -1.129917e-01 1.190969e-01 1.047709e+03 -1.130376e-01 1.454881e-05 1.140168e-01 4.589260e-05
13.6           1.533330e-01 1.083404e+03 -8.454834e-02 1.533227e-01 1.083288e+03 -8.461265e-02 1.025078e-05 1.155963e-01 6.431190e-05
13.7           1.424494e-01 1.127335e+03 -9.908487e-02 1.424236e-01 1.127224e+03 -9.912641e-02 2.582286e-05 1.118764e-01 4.154316e-05
13.8           -5.338807e-01 1.254296e+03 -4.153075e-01 -5.339018e-01 1.254198e+03 -4.153548e-01 2.111466e-05 9.843120e-02 4.738447e-05
13.9           2.761656e-02 1.298471e+03 2.773630e-03 2.754782e-02 1.298392e+03 2.682808e-03 6.874340e-05 7.880171e-02 9.082196e-05
14             2.421183e-02 1.372618e+03 1.133212e-01 2.401034e-02 1.372565e+03 1.132095e-01 2.014960e-04 5.282950e-02 1.116338e-04
14.1           -7.419495e-02 1.466932e+03 7.106545e-02 -7.449868e-02 1.466910e+03 7.096166e-02 3.037314e-04 2.178751e-02 1.037913e-04
14.2           -1.709921e-01 1.521740e+03 -2.090616e-02 -1.712582e-01 1.521756e+03 -2.101102e-02 2.660610e-04 -1.553636e-02 1.048577e-04
14.3           -2.135156e-01 1.545595e+03 -7.883235e-02 -2.136639e-01 1.545650e+03 -7.895854e-02 1.482449e-04 -5.542593e-02 1.261977e-04
14.4           -1.885931e-01 1.606754e+03 -1.296097e-01 -1.886711e-01 1.606851e+03 -1.297647e-01 7.796648e-05 -9.721862e-02 1.549800e-04
14.5           -2.474668e-01 1.611596e+03 -1.127923e-01 -2.475498e-01 1.611734e+03 -1.129598e-01 8.300471e-05 -1.384629e-01 1.675381e-04
14.6           -1.690245e-01 1.631591e+03 3.111719e-02 -1.691318e-01 1.631768e+03 3.095504e-02 1.072657e-04 -1.764544e-01 1.621448e-04
14.7           -1.333722e-01 1.590460e+03 2.666705e-02 -1.334902e-01 1.590668e+03 2.651211e-02 1.179635e-04 -2.080030e-01 1.549360e-04
14.8           -4.188339e-02 1.581698e+03 -6.751533e-02 -4.199289e-02 1.581929e+03 -6.768111e-02 1.095035e-04 -2.308509e-01 1.657837e-04
14.9           -6.084639e-02 1.555060e+03 2.020465e-02 -6.092829e-02 1.555304e+03 2.002190e-02 8.190033e-05 -2.436398e-01 1.827488e-04
15             -3.200978e-02 1.484666e+03 -2.320842e-02 -3.207844e-02 1.484912e+03 -2.339269e-02 6.865913e-05 -2.457765e-01 1.842722e-04
15.1           -1.292273e-02 1.518257e+03 1.089444e-01 -1.300075e-02 1.518495e+03 1.087623e-01 7.802802e-05 -2.374434e-01 1.821257e-04
15.2           -1.287562e-03 1.324431e+03 5.684254e-02 -1.375822e-03 1.324645e+03 5.666072e-02 8.825975e-05 -2.136309e-01 1.818224e-04
15.3           3.459953e-02 1.213813e+03 -1.761542e-02 3.451191e-02 1.213991e+03 -1.779245e-02 8.761891e-05 -1.775859e-01 1.770362e-04
15.4           2.983495e-02 1.190574e+03 2.903023e-03 2.976174e-02 1.190705e+03 2.733084e-03 7.321176e-05 -1.308953e-01 1.699387e-04
15.5           4.230976e-05 1.061590e+03 -4.957297e-02 -2.507379e-05 1.061670e+03 -4.975124e-02 6.738355e-05 -7.941786e-02 1.782723e-04
15.6           3.126671e-02 1.052931e+03 -1.533584e-01 3.119191e-02 1.052953e+03 -1.535387e-01 7.479882e-05 -2.176220e-02 1.802691e-04
15.7           1.523524e-01 1.026995e+03 -8.647677e-02 1.522525e-01 1.026958e+03 -8.665530e-02 9.984489e-05 3.674732e-02 1.785330e-04
15.8           6.082435e-02 1.001279e+03 -1.748955e-01 6.069146e-02 1.001186e+03 -1.750720e-01 1.328911e-04 9.326217e-02 1.765411e-04
15.9           1.187829e-01 1.056814e+03 -1.486189e-01 1.186329e-01 1.056670e+03 -1.487973e-01 1.499524e-04 1.437383e-01 1.784298e-04
16             1.208006e-01 1.023351e+03 -1.607777e-01 1.206495e-01 1.023164e+03 -1.609618e-01 1.510672e-04 1.869791e-01 1.840767e-04
16.1           2.712970e-01 1.150352e+03 -6.292951e-02 2.711402e-01 1.150132e+03 -6.312168e-02 1.567607e-04 2.209003e-01 1.921772e-04
16.2           1.924122e-03 1.180823e+03 2.885789e-02 1.765997e-03 1.180582e+03 2.866312e-02 1.581245e-04 2.414879e-01 1.947760e-04
16.3           -8.966092e-01 1.329775e+03 -5.483688e-01 -8.967695e-01 1.329525e+03 -5.485615e-01 1.602913e-04 2.502319e-01 1.927009e-04
16.4           -3.713571e-01 1.490544e+03 -2.893138e-01 -3.715250e-01 1.490298e+03 -2.895164e-01 1.679147e-04 2.457556e-01 2.025311e-04
16.5           7.117036e-02 1.445432e+03 9.158606e-02 7.100224e-02 1.445206e+03 9.137961e-02 1.681133e-04 2.261136e-01 2.064530e-04
16.6           -3.121414e-01 1.645689e+03 -5.990454e-02 -3.122997e-01 1.645501e+03 -6.011312e-02 1.583031e-04 1.882774e-01 2.085853e-04
16.7           4.323688e-02 1.774171e+03 3.423728e-02 4.307944e-02 1.774033e+03 3.402166e-02 1.574424e-04 1.382498e-01 2.156229e-04
16.8           -5.392607e-03 1.937933e+03 -9.944087e-03 -5.551981e-03 1.937857e+03 -1.016680e-02 1.593744e-04 7.627753e-02 2.227162e-04
16.9           -1.068542e-01 1.997974e+03 -3.500503e-02 -1.070093e-01 1.997973e+03 -3.523795e-02 1.550892e-04 1.864453e-03 2.329159e-04
17             -2.305029e-01 2.071908e+03 1.041556e-02 -2.306461e-01 2.071989e+03 1.017190e-02 1.432339e-04 -8.071443e-02 2.436619e-04
17.1           -2.207156e-01 2.103443e+03 3.698680e-02 -2.208432e-01 2.103606e+03 3.673865e-02 1.275934e-04 -1.632830e-01 2.481513e-04
17.2           -3.182100e-01 2.127738e+03 1.680565e-01 -3.183258e-01 2.127978e+03 1.678137e-01 1.157897e-04 -2.400347e-01 2.427542e-04
17.3           -3.800464e-01 2.069285e+03 1.731144e-01 -3.801499e-01 2.069591e+03 1.728748e-01 1.035656e-04 -3.063341e-01 2.395552e-04
17.4           -5.279283e-01 2.038894e+03 1.946353e-01 -5.280111e-01 2.039253e+03 1.943961e-01 8.272371e-05 -3.585732e-01 2.392075e-04
17.5           -2.995446e-01 1.985480e+03 2.104673e-01 -2.996140e-01 1.985879e+03 2.102333e-01 6.936324e-05 -3.984242e-01 2.340512e-04
17.6           -2.708961e-01 1.869052e+03 1.486417e-01 -2.709571e-01 1.869475e+03 1.484161e-01 6.105324e-05 -4.226970e-01 2.255998e-04
17.7           -1.157450e-01 1.884144e+03 1.889116e-01 -1.158003e-01 1.884572e+03 1.886952e-01 5.534428e-05 -4.281451e-01 2.163609e-04
17.8           -1.579094e-01 1.628241e+03 3.647514e-02 -1.579631e-01 1.628651e+03 3.626989e-02 5.367955e-05 -4.104965e-01 2.052537e-04
17.9           -8.945940e-02 1.546208e+03 4.331042e-02 -8.952314e-02 1.546576e+03 4.312058e-02 6.373924e-05 -3.677015e-01 1.898430e-04
18             4.600334e-01 1.417501e+03 2.934998e-01 4.599584e-01 1.417807e+03 2.933223e-01 7.502948e-05 -3.059967e-01 1.774622e-04
18.1           -1.410382e-02 1.291016e+03 -7.233469e-02 -1.418779e-02 1.291241e+03 -7.250617e-02 8.396490e-05 -2.248942e-01 1.714854e-04
18.2           -1.994320e-01 1.166612e+03 -2.119083e-01 -1.995185e-01 1.166748e+03 -2.120727e-01 8.642057e-05 -1.354055e-01 1.643462e-04
18.3           5.749569e-02 1.095583e+03 -1.656237e-01 5.740053e-02 1.095627e+03 -1.657808e-01 9.516171e-05 -4.364879e-02 1.571745e-04
18.4           -3.367844e-02 1.070611e+03 -2.146646e-01 -3.377246e-02 1.070563e+03 -2.148076e-01 9.402482e-05 4.839026e-02 1.430275e-04
18.5           -1.131806e-01 1.053493e+03 -7.351153e-02 -1.132668e-01 1.053362e+03 -7.364430e-02 8.625746e-05 1.314177e-01 1.327751e-04
18.6           9.900586e-03 1.064312e+03 -6.883294e-02 9.819510e-03 1.064109e+03 -6.895904e-02 8.107632e-05 2.029787e-01 1.261038e-04
18.7           1.326781e-01 1.162304e+03 -4.960108e-02 1.325948e-01 1.162047e+03 -4.972196e-02 8.328552e-05 2.571860e-01 1.208862e-04
18.8           8.968774e-02 1.239604e+03 -7.194497e-02 8.960045e-02 1.239306e+03 -7.206008e-02 8.729791e-05 2.979581e-01 1.151104e-04
18.9           3.298145e-01 1.954518e+03 6.178812e-02 3.297244e-01 1.954194e+03 6.167960e-02 9.013510e-05 3.245848e-01 1.085170e-04
19             1.837388e-02 1.473752e+03 -1.802032e-01 1.828283e-02 1.473422e+03 -1.803101e-01 9.105057e-05 3.304387e-01 1.068874e-04
19.1           5.776933e-02 1.725653e+03 -5.590501e-02 5.768282e-02 1.725337e+03 -5.600659e-02 8.651479e-05 3.154818e-01 1.015833e-04
19.2           4.442913e-02 1.838477e+03 5.889620e-02 4.435540e-02 1.838195e+03 5.879879e-02 7.372670e-05 2.815120e-01 9.741433e-05
19.3           -3.066932e-02 1.988495e+03 1.230064e-02 -3.072717e-02 1.988265e+03 1.220819e-02 5.784691e-05 2.297120e-01 9.245552e-05
19.4           -2.414735e-02 2.120966e+03 4.717731e-02 -2.419271e-02 2.120808e+03 4.708090e-02 4.536076e-05 1.585980e-01 9.641467e-05
19.5           -1.085903e-01 2.277763e+03 -4.292764e-02 -1.086275e-01 2.277694e+03 -4.303038e-02 3.711963e-05 6.855565e-02 1.027364e-04
19.6           -1.909760e-01 2.374407e+03 5.440663e-02 -1.910058e-01 2.374442e+03 5.429785e-02 2.974463e-05 -3.428903e-02 1.087814e-04
19.7           -2.665213e-01 2.446532e+03 5.576313e-02 -2.665459e-01 2.446674e+03 5.564956e-02 2.456931e-05 -1.420372e-01 1.135717e-04
19.8           -3.432282e-01 2.459714e+03 3.957915e-02 -3.432523e-01 2.459962e+03 3.945812e-02 2.410751e-05 -2.476206e-01 1.210305e-04
19.9           -4.785402e-01 2.471420e+03 7.473248e-02 -4.785645e-01 2.471755e+03 7.459806e-02 2.437866e-05 -3.357652e-01 1.344116e-04
20             -4.050569e-01 2.400415e+03 3.654901e-02 -4.050746e-01 2.400823e+03 3.640989e-02 1.777385e-05 -4.079709e-01 1.391209e-04
20.1           -3.089940e-01 2.296057e+03 1.151112e-01 -3.090085e-01 2.296523e+03 1.149712e-01 1.446567e-05 -4.659934e-01 1.399640e-04
20.2           8.845068e-02 2.144691e+03 2.872404e-01 8.843528e-02 2.145194e+03 2.871016e-01 1.539941e-05 -5.032457e-01 1.388605e-04
20.3           3.816445e-02 2.137763e+03 1.059258e-01 3.814461e-02 2.138282e+03 1.057844e-01 1.983549e-05 -5.194396e-01 1.413326e-04
20.4           -8.542719e-02 1.940475e+03 -7.113540e-02 -8.544524e-02 1.940985e+03 -7.127617e-02 1.805100e-05 -5.108788e-01 1.407682e-04
20.5           -1.623816e-01 1.766403e+03 -1.302982e-01 -1.624124e-01 1.766879e+03 -1.304321e-01 3.086371e-05 -4.762315e-01 1.338965e-04
20.6           5.369037e-02 1.647981e+03 -4.789127e-02 5.363993e-02 1.648400e+03 -4.801176e-02 5.044761e-05 -4.186064e-01 1.204905e-04
20.7           -2.803814e-02 1.510409e+03 -7.499542e-02 -2.810987e-02 1.510745e+03 -7.510571e-02 7.173236e-05 -3.356936e-01 1.102871e-04
20.8           -2.000810e-02 1.442465e+03 -6.350023e-02 -2.010018e-02 1.442702e+03 -6.360699e-02 9.207337e-05 -2.362606e-01 1.067551e-04
20.9           -7.443813e-02 1.304947e+03 -1.463103e-01 -7.454263e-02 1.305078e+03 -1.464100e-01 1.045045e-04 -1.312112e-01 9.968956e-05
21             1.260222e-02 1.309164e+03 -1.139699e-02 1.246908e-02 1.309188e+03 -1.149923e-02 1.331370e-04 -2.390148e-02 1.022395e-04
21.1           9.604929e-01 1.275601e+03 -4.638771e-01 9.603464e-01 1.275524e+03 -4.639757e-01 1.464987e-04 7.678954e-02 9.862028e-05
21.2           -2.305546e-01 1.257179e+03 -2.588207e-01 -2.307111e-01 1.257014e+03 -2.589163e-01 1.564486e-04 1.647824e-01 9.557354e-05
21.3           -8.147146e-02 1.377316e+03 -1.413218e-01 -8.163378e-02 1.377082e+03 -1.414139e-01 1.623243e-04 2.341274e-01 9.209163e-05
21.4           7.747085e-02 1.415938e+03 -3.430603e-02 7.731127e-02 1.415651e+03 -3.438895e-02 1.595804e-04 2.860598e-01 8.291992e-05
21.5           -5.779309e-02 1.486418e+03 -1.320543e-01 -5.794324e-02 1.486099e+03 -1.321379e-01 1.501497e-04 3.193816e-01 8.357033e-05
21.6           2.752557e-01 1.663150e+03 1.688605e-01 2.751159e-01 1.662815e+03 1.687677e-01 1.397933e-04 3.350223e-01 9.273820e-05
21.7           3.569599e-02 1.720009e+03 -3.318269e-02 3.557107e-02 1.719674e+03 -3.327686e-02 1.249224e-04 3.341504e-01 9.416951e-05
21.8           -6.090183e-02 1.949755e+03 8.193513e-02 -6.100462e-02 1.949444e+03 8.184239e-02 1.027842e-04 3.107967e-01 9.274152e-05
21.9           -1.578510e-02 2.046373e+03 1.258416e-01 -1.585912e-02 2.046106e+03 1.257534e-01 7.402513e-05 2.662774e-01 8.814534e-05
22             -6.079674e-02 2.212805e+03 1.990135e-01 -6.084313e-02 2.212604e+03 1.989349e-01 4.638313e-05 2.011304e-01 7.867350e-05
22.1           -5.799282e-02 2.400206e+03 2.842012e-01 -5.801691e-02 2.400083e+03 2.841295e-01 2.408526e-05 1.228693e-01 7.167941e-05
22.2           -4.134014e-02 2.556022e+03 3.409284e-01 -4.134580e-02 2.555999e+03 3.408657e-01 5.661388e-06 2.286632e-02 6.275732e-05
22.3           -1.164360e-02 2.587996e+03 1.142900e-01 -1.163801e-02 2.588080e+03 1.142352e-01 -5.595269e-06 -8.440634e-02 5.483267e-05
22.4           1.455295e-02 2.697084e+03 2.337422e-01 1.455693e-02 2.697279e+03 2.337000e-01 -3.978060e-06 -1.950126e-01 4.225167e-05
22.5           5.489684e-02 2.655444e+03 1.296761e-01 5.489236e-02 2.655742e+03 1.296444e-01 4.475459e-06 -2.979845e-01 3.174291e-05
22.6           6.869327e-02 2.612353e+03 -7.891836e-02 6.867748e-02 2.612736e+03 -7.894930e-02 1.578840e-05 -3.824431e-01 3.094778e-05
22.7           1.052725e-01 2.607520e+03 -1.870198e-01 1.052450e-01 2.607970e+03 -1.870439e-01 2.747679e-05 -4.502552e-01 2.407285e-05
22.8           -2.490959e-01 2.535943e+03 -3.167033e-01 -2.491366e-01 2.536444e+03 -3.167242e-01 4.072290e-05 -5.009025e-01 2.082932e-05
22.9           2.040101e-01 2.422693e+03 -1.746143e-01 2.039534e-01 2.423224e+03 -1.746339e-01 5.663749e-05 -5.315333e-01 1.956237e-05
23             -5.777136e-02 2.176271e+03 -2.179742e-01 -5.782922e-02 2.176809e+03 -2.179871e-01 5.786239e-05 -5.381059e-01 1.293638e-05
23.1           -1.758735e-01 2.039460e+03 -1.854076e-01 -1.759253e-01 2.039982e+03 -1.854175e-01 5.182430e-05 -5.222023e-01 9.883376e-06
23.2           6.620636e-01 1.846377e+03 4.416937e-01 6.620122e-01 1.846857e+03 4.416867e-01 5.139180e-05 -4.806999e-01 7.010988e-06
23.3           -8.298110e-02 1.759401e+03 -1.392248e-01 -8.303000e-02 1.759809e+03 -1.392255e-01 4.890586e-05 -4.076844e-01 6.710425e-07
23.4           -8.468787e-02 1.564474e+03 -2.734348e-01 -8.474441e-02 1.564794e+03 -2.734331e-01 5.653707e-05 -3.203363e-01 -1.712372e-06
23.5           -2.169791e-01 1.519861e+03 -2.459254e-01 -2.170537e-01 1.520077e+03 -2.459281e-01 7.457869e-05 -2.162228e-01 2.650983e-06
23.6           -1.512970e-01 1.486358e+03 -1.019030e-01 -1.513831e-01 1.486470e+03 -1.019068e-01 8.616730e-05 -1.118922e-01 3.802792e-06
23.7           7.860042e-03 1.440746e+03 8.458003e-02 7.768945e-03 1.440752e+03 8.457369e-02 9.109767e-05 -6.466446e-03 6.339388e-06
23.8           2.689001e-02 1.432938e+03 1.533088e-01 2.680053e-02 1.432848e+03 1.533000e-01 8.948105e-05 9.072941e-02 8.854541e-06
23.9           4.202584e-02 1.484965e+03 2.650565e-01 4.193224e-02 1.484793e+03 2.650343e-01 9.359420e-05 1.723821e-01 2.221757e-05
24             7.419264e-02 1.513136e+03 2.659644e-01 7.409828e-02 1.512899e+03 2.659319e-01 9.435849e-05 2.378237e-01 3.248567e-05
24.1           9.782228e-02 1.568480e+03 2.807902e-01 9.772885e-02 1.568195e+03 2.807520e-01 9.343176e-05 2.856896e-01 3.813483e-05
24.2           2.329899e-01 1.773888e+03 4.075091e-01 2.328905e-01 1.773569e+03 4.074600e-01 9.946041e-05 3.194622e-01 4.916537e-05
24.3           2.550548e-02 1.753165e+03 1.483704e-01 2.541602e-02 1.752834e+03 1.483173e-01 8.945946e-05 3.308331e-01 5.303165e-05
24.4           2.807678e-02 1.997339e+03 -1.376930e-01 2.799074e-02 1.997015e+03 -1.377545e-01 8.604108e-05 3.241846e-01 6.149581e-05
24.5           4.819552e-02 1.943437e+03 -1.512784e-01 4.811125e-02 1.943142e+03 -1.513478e-01 8.427179e-05 2.947324e-01 6.942061e-05
24.6           5.265209e-02 2.265301e+03 -1.252253e-01 5.257570e-02 2.265053e+03 -1.252949e-01 7.639071e-05 2.478126e-01 6.954891e-05
24.7           7.659845e-02 2.363308e+03 -1.424823e-01 7.653236e-02 2.363126e+03 -1.425385e-01 6.608545e-05 1.819971e-01 5.619361e-05
24.8           4.466504e-02 2.639995e+03 -9.131603e-02 4.460787e-02 2.639896e+03 -9.135615e-02 5.716952e-05 9.922395e-02 4.012066e-05
24.9           5.173146e-02 2.704658e+03 -1.614843e-02 5.168256e-02 2.704659e+03 -1.616888e-02 4.889862e-05 -1.536661e-03 2.044865e-05
25             -2.170490e-02 2.734517e+03 -1.907581e-01 -2.174959e-02 2.734625e+03 -1.907596e-01 4.468936e-05 -1.080873e-01 1.474298e-06
25.1           2.747264e-02 2.812320e+03 -3.402587e-01 2.742162e-02 2.812539e+03 -3.402451e-01 5.101983e-05 -2.186559e-01 -1.359420e-05
25.2           -1.557646e-02 2.746384e+03 1.399408e-02 -1.563621e-02 2.746703e+03 1.401669e-02 5.974724e-05 -3.187888e-01 -2.261586e-05
25.3           6.735997e-02 2.786700e+03 -9.628843e-02 6.729756e-02 2.787099e+03 -9.624688e-02 6.240611e-05 -3.989196e-01 -4.154838e-05
25.4           -5.016805e-03 2.659779e+03 -1.661364e-01 -5.084887e-03 2.660239e+03 -1.660900e-01 6.808261e-05 -4.600528e-01 -4.643290e-05
25.5           1.769502e-02 2.624561e+03 -1.333888e-01 1.762266e-02 2.625069e+03 -1.333384e-01 7.236582e-05 -5.082588e-01 -5.046124e-05
25.6           -1.943877e-02 2.447940e+03 -1.063400e-01 -1.951714e-02 2.448474e+03 -1.062838e-01 7.836953e-05 -5.342687e-01 -5.613958e-05
25.7           2.784821e-02 2.321183e+03 3.587354e-03 2.777123e-02 2.321721e+03 3.642194e-03 7.698170e-05 -5.377306e-01 -5.484008e-05
25.8           -2.639971e-02 2.151977e+03 -1.318926e-01 -2.646198e-02 2.152496e+03 -1.318353e-01 6.226634e-05 -5.186623e-01 -5.732870e-05
25.9           8.180552e-01 1.998483e+03 4.978818e-01 8.179993e-01 1.998953e+03 4.979366e-01 5.595536e-05 -4.700643e-01 -5.484786e-05
26             -4.959343e-03 1.901648e+03 -1.745129e-01 -5.010109e-03 1.902051e+03 -1.744599e-01 5.076566e-05 -4.029701e-01 -5.295865e-05
26.1           -2.575933e-02 1.730623e+03 -1.704955e-01 -2.581989e-02 1.730937e+03 -1.704475e-01 6.055760e-05 -3.136450e-01 -4.800500e-05
26.2           -1.359793e-02 1.675059e+03 -8.460786e-02 -1.367201e-02 1.675272e+03 -8.456573e-02 7.408293e-05 -2.126806e-01 -4.213316e-05
26.3           -2.225117e-01 1.351990e+03 -1.621436e-02 -2.225948e-01 1.352100e+03 -1.618540e-02 8.309963e-05 -1.092953e-01 -2.896370e-05
26.4           -5.376053e-02 1.558389e+03 1.137892e-01 -5.383375e-02 1.558396e+03 1.138178e-01 7.321878e-05 -7.062930e-03 -2.862962e-05
26.5           -2.698886e-02 1.512167e+03 3.282042e-01 -2.705155e-02 1.512079e+03 3.282302e-01 6.268357e-05 8.808292e-02 -2.592116e-05
26.6           6.252533e-01 1.593871e+03 2.294589e-01 6.252020e-01 1.593703e+03 2.294790e-01 5.128393e-05 1.678687e-01 -2.011869e-05
26.7           -3.491859e-01 1.655674e+03 1.977097e-01 -3.492252e-01 1.655440e+03 1.977316e-01 3.928205e-05 2.334808e-01 -2.184076e-05
26.8           5.824654e-01 1.695126e+03 2.658210e-01 5.824314e-01 1.694844e+03 2.658407e-01 3.390535e-05 2.816383e-01 -1.968418e-05
26.9           5.383029e-02 1.716293e+03 3.915277e-01 5.379513e-02 1.715981e+03 3.915464e-01 3.515716e-05 3.115613e-01 -1.875217e-05
27             2.473094e-01 1.804402e+03 2.103631e-01 2.472843e-01 1.804077e+03 2.103877e-01 2.505895e-05 3.253470e-01 -2.459836e-05
27.1           1.578068e-02 1.923978e+03 7.121068e-02 1.574694e-02 1.923659e+03 7.122858e-02 3.373272e-05 3.191024e-01 -1.789214e-05
27.2           4.528319e-02 2.148315e+03 -1.693423e-01 4.524358e-02 2.148023e+03 -1.693263e-01 3.961919e-05 2.920351e-01 -1.601517e-05
27.3           6.718126e-02 2.320720e+03 -1.520838e-01 6.714130e-02 2.320472e+03 -1.520650e-01 3.995567e-05 2.482820e-01 -1.886303e-05
27.4           3.708529e-01 2.451277e+03 -1.878534e-01 3.708154e-01 2.451096e+03 -1.878244e-01 3.748562e-05 1.812521e-01 -2.900901e-05
27.5           1.153322e-01 2.676710e+03 -2.320742e-01 1.152911e-01 2.676609e+03 -2.320339e-01 4.109037e-05 1.017903e-01 -4.023367e-05
27.6           1.028559e-01 2.694012e+03 -1.952025e-01 1.028070e-01 2.694010e+03 -1.951542e-01 4.890457e-05 2.078559e-03 -4.826814e-05
27.7           -2.854325e-01 2.800594e+03 -5.110569e-01 -2.854931e-01 2.800696e+03 -5.110068e-01 6.063336e-05 -1.012554e-01 -5.003867e-05
27.8           2.265540e-03 2.859248e+03 -1.478457e-01 2.192162e-03 2.859459e+03 -1.477959e-01 7.337791e-05 -2.113969e-01 -4.982206e-05
27.9           -5.656402e-02 2.837950e+03 -1.647791e-01 -5.664481e-02 2.838263e+03 -1.647273e-01 8.078642e-05 -3.124561e-01 -5.183502e-05
28             -4.801174e-02 2.774280e+03 -9.957837e-02 -4.809132e-02 2.774673e+03 -9.951325e-02 7.958283e-05 -3.923820e-01 -6.511761e-05
28.1           -1.083358e-01 2.731220e+03 -8.303154e-02 -1.084146e-01 2.731673e+03 -8.296922e-02 7.876855e-05 -4.536954e-01 -6.231380e-05
28.2           -1.054681e-01 2.617399e+03 -3.714728e-02 -1.055384e-01 2.617901e+03 -3.708219e-02 7.032813e-05 -5.019898e-01 -6.509731e-05
28.3           -8.603878e-02 2.490482e+03 9.195871e-02 -8.610481e-02 2.491014e+03 9.202669e-02 6.602662e-05 -5.314342e-01 -6.797808e-05
28.4           -5.291417e-02 2.413875e+03 1.719141e-01 -5.296936e-02 2.414413e+03 1.719781e-01 5.518660e-05 -5.383838e-01 -6.403678e-05
28.5           -1.001661e-01 2.496960e+03 1.991188e-01 -1.001997e-01 2.497482e+03 1.991789e-01 3.358057e-05 -5.218436e-01 -6.009622e-05
28.6           -2.868942e-02 2.079237e+03 1.702496e-01 -2.871120e-02 2.079715e+03 1.703121e-01 2.177932e-05 -4.779276e-01 -6.248111e-05
28.7           -8.054534e-03 1.859907e+03 2.271710e-01 -8.071296e-03 1.860319e+03 2.272353e-01 1.676208e-05 -4.118349e-01 -6.430480e-05
28.8           -5.142454e-02 2.007739e+03 1.578132e-01 -5.143787e-02 2.008062e+03 1.578797e-01 1.332561e-05 -3.231475e-01 -6.656610e-05
28.9           -1.248048e-01 1.761140e+03 -2.526318e-02 -1.248145e-01 1.761366e+03 -2.519895e-02 9.700312e-06 -2.252827e-01 -6.422332e-05
29             9.671150e-02 1.422940e+03 1.520361e-02 9.670715e-02 1.423062e+03 1.525845e-02 4.346015e-06 -1.219563e-01 -5.483539e-05
29.1           -9.048229e-01 1.557006e+03 -5.447472e-01 -9.048279e-01 1.557025e+03 -5.446940e-01 5.034790e-06 -1.884625e-02 -5.323356e-05
29.2           -3.608998e-02 1.551005e+03 -6.178637e-02 -3.609431e-02 1.550927e+03 -6.173080e-02 4.330635e-06 7.746928e-02 -5.557035e-05
29.3           -1.127917e-01 1.509046e+03 -7.745421e-02 -1.128010e-01 1.508887e+03 -7.739875e-02 9.359815e-06 1.598224e-01 -5.545964e-05
29.4           1.529884e-01 1.520529e+03 -9.179634e-02 1.529742e-01 1.520302e+03 -9.173380e-02 1.419110e-05 2.267162e-01 -6.253439e-05
29.5           5.717779e-01 1.794620e+03 -4.536473e-02 5.717594e-01 1.794341e+03 -4.529970e-02 1.851708e-05 2.790541e-01 -6.503737e-05
29.6           1.049107e+00 1.733783e+03 5.206706e-01 1.049077e+00 1.733471e+03 5.207396e-01 2.912887e-05 3.125729e-01 -6.902447e-05
29.7           7.825516e-02 1.785953e+03 -1.650231e-01 7.822738e-02 1.785625e+03 -1.649442e-01 2.777996e-05 3.282530e-01 -7.886607e-05
29.8           4.537453e-02 1.881481e+03 -1.329856e-01 4.533742e-02 1.881156e+03 -1.329045e-01 3.710881e-05 3.251057e-01 -8.114239e-05
29.9           6.459434e-02 2.047144e+03 -1.249875e-01 6.455220e-02 2.046845e+03 -1.249032e-01 4.214338e-05 2.990826e-01 -8.432412e-05
30             1.177560e-01 2.307545e+03 -7.687208e-02 1.177147e-01 2.307288e+03 -7.678317e-02 4.127959e-05 2.572798e-01 -8.890942e-05
30.1           4.851098e-02 2.389701e+03 -8.405534e-02 4.847800e-02 2.389509e+03 -8.395750e-02 3.298198e-05 1.922794e-01 -9.783709e-05
30.2           6.906289e-02 2.573284e+03 -5.723476e-02 6.903923e-02 2.573168e+03 -5.713041e-02 2.365353e-05 1.153300e-01 -1.043508e-04
30.3           3.004410e-02 2.723927e+03 -2.376699e-02 3.002714e-02 2.723909e+03 -2.365505e-02 1.695847e-05 1.787792e-02 -1.119395e-04
30.4           -3.405764e-02 2.738329e+03 -1.295569e-03 -3.407486e-02 2.738415e+03 -1.180990e-03 1.721850e-05 -8.599405e-02 -1.145797e-04
30.5           -2.116141e-01 2.818060e+03 4.390782e-02 -2.116383e-01 2.818257e+03 4.401631e-02 2.414712e-05 -1.970791e-01 -1.084884e-04
30.6           -2.120301e-01 2.801074e+03 -4.896265e-02 -2.120563e-01 2.801375e+03 -4.886595e-02 2.621357e-05 -3.009547e-01 -9.669930e-05
30.7           -2.051949e-01 2.744770e+03 -2.312406e-01 -2.052054e-01 2.745155e+03 -2.311415e-01 1.058371e-05 -3.843348e-01 -9.914963e-05
30.8           -1.004157e-01 2.675461e+03 7.362097e-02 -1.004102e-01 2.675910e+03 7.372199e-02 -5.520265e-06 -4.490727e-01 -1.010269e-04
30.9           -2.308022e-01 2.569114e+03 7.358317e-02 -2.307884e-01 2.569614e+03 7.367905e-02 -1.371093e-05 -5.003669e-01 -9.587765e-05
31             -2.111849e-01 2.460147e+03 -1.707215e-01 -2.111737e-01 2.460679e+03 -1.706239e-01 -1.121260e-05 -5.317040e-01 -9.767433e-05
31.1           6.337478e-01 2.128216e+03 2.605338e-01 6.337648e-01 2.128758e+03 2.606309e-01 -1.701801e-05 -5.421663e-01 -9.707414e-05
31.2           -1.892218e-02 2.147627e+03 1.494297e-01 -1.889245e-02 2.148156e+03 1.495234e-01 -2.973223e-05 -5.293056e-01 -9.367885e-05
31.3           -5.432106e-03 2.084539e+03 1.325331e-01 -5.400037e-03 2.085027e+03 1.326295e-01 -3.206937e-05 -4.878328e-01 -9.636638e-05
31.4           6.367639e-02 1.856957e+03 1.117974e-01 6.370528e-02 1.857379e+03 1.118979e-01 -2.888823e-05 -4.223781e-01 -1.004857e-04
31.5           -3.026379e-02 1.769488e+03 9.591804e-03 -3.024662e-02 1.769822e+03 9.690998e-03 -1.717601e-05 -3.345380e-01 -9.919495e-05
31.6           1.116700e-02 1.859776e+03 -6.818392e-02 1.118052e-02 1.860011e+03 -6.808548e-02 -1.352896e-05 -2.349825e-01 -9.844540e-05
31.7           -1.245645e-01 1.366427e+03 -1.664497e-01 -1.245552e-01 1.366557e+03 -1.663612e-01 -9.291112e-06 -1.301544e-01 -8.850593e-05
31.8           1.727877e-01 1.470380e+03 -9.857115e-03 1.727835e-01 1.470404e+03 -9.774731e-03 4.272741e-06 -2.382958e-02 -8.238399e-05
31.9           -9.729231e-02 1.456773e+03 -1.223061e-01 -9.730593e-02 1.456697e+03 -1.222232e-01 1.362075e-05 7.528361e-02 -8.296147e-05
32             1.047814e+00 1.335700e+03 1.059608e-01 1.047788e+00 1.335540e+03 1.060431e-01 2.632926e-05 1.601772e-01 -8.230753e-05
32.1           -4.155975e-02 1.480544e+03 -4.827084e-02 -4.159699e-02 1.480314e+03 -4.819063e-02 3.723765e-05 2.296710e-01 -8.021200e-05
32.2           1.002942e-01 1.512875e+03 1.960773e-02 1.002523e-01 1.512595e+03 1.969018e-02 4.195660e-05 2.806237e-01 -8.245108e-05
32.3           -1.532970e-02 1.595408e+03 -1.018969e-01 -1.537232e-02 1.595090e+03 -1.018115e-01 4.262067e-05 3.181519e-01 -8.541110e-05
32.4           -2.924894e-02 1.658007e+03 -1.245698e-01 -2.928384e-02 1.657671e+03 -1.244784e-01 3.490188e-05 3.359388e-01 -9.139737e-05
32.5           -4.029978e-02 1.821365e+03 -1.773790e-01 -4.033435e-02 1.821032e+03 -1.772886e-01 3.456270e-05 3.335125e-01 -9.041610e-05
32.6           2.416403e-02 1.940275e+03 -1.239517e-01 2.413570e-02 1.939966e+03 -1.238585e-01 2.833401e-05 3.090056e-01 -9.321276e-05
32.7           8.661469e-03 2.061975e+03 -7.332448e-02 8.638570e-03 2.061710e+03 -7.322657e-02 2.289847e-05 2.647373e-01 -9.790704e-05
32.8           -2.841312e-02 2.250293e+03 -6.419751e-02 -2.842869e-02 2.250092e+03 -6.409009e-02 1.557034e-05 2.011284e-01 -1.074196e-04
32.9           -5.827848e-03 2.442415e+03 6.380469e-02 -5.839712e-03 2.442290e+03 6.392123e-02 1.186337e-05 1.255168e-01 -1.165341e-04
33             -4.033043e-02 2.585325e+03 1.468696e-01 -4.034304e-02 2.585297e+03 1.469897e-01 1.261155e-05 2.765636e-02 -1.200243e-04
33.1           -2.910624e-02 2.634252e+03 2.630515e-01 -2.911944e-02 2.634330e+03 2.631720e-01 1.320736e-05 -7.836521e-02 -1.205054e-04
33.2           -9.797138e-02 2.680633e+03 -7.906238e-02 -9.798662e-02 2.680820e+03 -7.893936e-02 1.523328e-05 -1.868525e-01 -1.230221e-04
33.3           -3.147395e-02 2.651155e+03 1.131376e-01 -3.149252e-02 2.651446e+03 1.132583e-01 1.857121e-05 -2.912644e-01 -1.206827e-04
33.4           -2.231358e-02 2.657918e+03 4.270510e-02 -2.233103e-02 2.658293e+03 4.281729e-02 1.745209e-05 -3.748903e-01 -1.121890e-04
33.5           2.106957e-01 2.548571e+03 2.374094e-02 2.106810e-01 2.549012e+03 2.385095e-02 1.478058e-05 -4.411274e-01 -1.100063e-04
33.6           -7.750821e-02 2.447377e+03 -5.984782e-02 -7.752094e-02 2.447870e+03 -5.973961e-02 1.273131e-05 -4.925498e-01 -1.082195e-04
33.7           6.325195e-02 2.352959e+03 1.505104e-01 6.323526e-02 2.353483e+03 1.506166e-01 1.669309e-05 -5.240744e-01 -1.062113e-04
33.8           -3.904014e-02 2.173345e+03 -3.836338e-02 -3.905720e-02 2.173878e+03 -3.825898e-02 1.705442e-05 -5.329011e-01 -1.043968e-04
33.9           -7.727958e-02 2.095566e+03 -9.602954e-02 -7.728660e-02 2.096086e+03 -9.592725e-02 7.018967e-06 -5.203095e-01 -1.022860e-04
34             -2.072428e-02 1.666038e+03 -2.677337e-02 -2.072931e-02 1.666522e+03 -2.667032e-02 5.024342e-06 -4.837282e-01 -1.030582e-04
34.1           -1.035400e-01 1.709310e+03 -3.383384e-01 -1.035355e-01 1.709726e+03 -3.382311e-01 -4.529739e-06 -4.169479e-01 -1.073257e-04
34.2           -4.807751e-02 1.683149e+03 -2.229907e-01 -4.807704e-02 1.683480e+03 -2.228808e-01 -4.689805e-07 -3.314809e-01 -1.098687e-04
34.3           1.105471e-01 1.485319e+03 -1.541500e-02 1.105307e-01 1.485550e+03 -1.530601e-02 1.641474e-05 -2.313288e-01 -1.089918e-04
34.4           -5.516114e-02 1.417775e+03 -2.582801e-01 -5.519058e-02 1.417902e+03 -2.581689e-01 2.943864e-05 -1.265805e-01 -1.112092e-04
34.5           -2.024917e-01 1.393205e+03 -2.366952e-01 -2.025345e-01 1.393227e+03 -2.365859e-01 4.286875e-05 -2.195881e-02 -1.092774e-04
34.6           -4.297372e-02 1.345783e+03 -4.788174e-02 -4.303813e-02 1.345708e+03 -4.778123e-02 6.440527e-05 7.520093e-02 -1.005092e-04
34.7           -8.815251e-02 1.322430e+03 3.248981e-02 -8.822650e-02 1.322269e+03 3.258531e-02 7.398826e-05 1.611250e-01 -9.549143e-05
34.8           5.461211e-02 1.280470e+03 2.480402e-01 5.452625e-02 1.280239e+03 2.481263e-01 8.585923e-05 2.310164e-01 -8.608717e-05
34.9           3.469281e-02 1.374615e+03 7.526406e-02 3.460935e-02 1.374333e+03 7.535212e-02 8.345941e-05 2.811107e-01 -8.806413e-05
35             4.434239e-02 1.384244e+03 4.443660e-02 4.426315e-02 1.383927e+03 4.452617e-02 7.924527e-05 3.169298e-01 -8.956175e-05
35.1           -3.458370e-01 1.582401e+03 -2.982907e-01 -3.459157e-01 1.582068e+03 -2.982127e-01 7.868142e-05 3.336113e-01 -7.801498e-05
35.2           4.321877e-02 1.639249e+03 -9.199547e-02 4.313854e-02 1.638917e+03 -9.192620e-02 8.023045e-05 3.320981e-01 -6.927226e-05
35.3           2.472074e-01 1.765538e+03 8.992676e-02 2.471395e-01 1.765227e+03 9.000072e-02 6.794243e-05 3.115560e-01 -7.395378e-05
35.4           -9.546468e-03 1.944501e+03 -9.684393e-02 -9.606557e-03 1.944228e+03 -9.676969e-02 6.008933e-05 2.727973e-01 -7.423870e-05
35.5           -3.826257e-02 2.070709e+03 1.944389e-02 -3.830532e-02 2.070496e+03 1.952505e-02 4.274589e-05 2.129612e-01 -8.115460e-05
35.6           2.629452e-03 2.230636e+03 2.141323e-01 2.603373e-03 2.230499e+03 2.142216e-01 2.607900e-05 1.373859e-01 -8.930585e-05
35.7           -3.533766e-02 2.328698e+03 2.616423e-01 -3.535006e-02 2.328653e+03 2.617390e-01 1.240665e-05 4.575465e-02 -9.664350e-05
35.8           -3.779809e-02 2.397816e+03 2.827748e-01 -3.779799e-02 2.397872e+03 2.828790e-01 -9.811932e-08 -5.636688e-02 -1.041977e-04
35.9           -6.114776e-02 2.384313e+03 3.652871e-01 -6.114216e-02 2.384475e+03 3.654009e-01 -5.601661e-06 -1.618420e-01 -1.138288e-04
36             1.707674e-02 2.439011e+03 2.824100e-01 1.707506e-02 2.439278e+03 2.825275e-01 1.684695e-06 -2.665888e-01 -1.175543e-04
36.1           6.948249e-02 2.381863e+03 1.119672e-01 6.947204e-02 2.382216e+03 1.120826e-01 1.044203e-05 -3.526515e-01 -1.154065e-04
36.2           1.412576e-01 2.343282e+03 -2.149111e-02 1.412407e-01 2.343701e+03 -2.137325e-02 1.696323e-05 -4.191182e-01 -1.178573e-04
36.3           6.959118e-02 2.238605e+03 -1.502230e-01 6.956515e-02 2.239076e+03 -1.501049e-01 2.603279e-05 -4.709788e-01 -1.180656e-04
36.4           7.543221e-02 2.105716e+03 -1.997441e-01 7.539671e-02 2.106219e+03 -1.996253e-01 3.549317e-05 -5.029149e-01 -1.187298e-04
36.5           -3.317069e-01 1.817211e+03 -6.419525e-01 -3.317470e-01 1.817730e+03 -6.418291e-01 4.010572e-05 -5.192166e-01 -1.233915e-04
36.6           -6.112347e-02 1.885251e+03 -1.967871e-01 -6.116411e-02 1.885758e+03 -1.966718e-01 4.063811e-05 -5.066319e-01 -1.152974e-04
36.7           1.573667e-02 1.951628e+03 -3.409894e-01 1.569636e-02 1.952103e+03 -3.408807e-01 4.030727e-05 -4.747081e-01 -1.086206e-04
36.8           -4.572031e-02 1.500206e+03 -2.169672e-01 -4.576572e-02 1.500623e+03 -2.168609e-01 4.541806e-05 -4.172598e-01 -1.063322e-04
36.9           5.889706e-02 1.380558e+03 -2.139065e-01 5.884075e-02 1.380892e+03 -2.138004e-01 5.630087e-05 -3.337116e-01 -1.060951e-04
37             -3.679655e-01 1.314426e+03 -4.061909e-01 -3.680299e-01 1.314664e+03 -4.060845e-01 6.442517e-05 -2.380525e-01 -1.063802e-04
37.1           -9.835458e-02 1.237863e+03 -1.545558e-01 -9.842480e-02 1.237997e+03 -1.544530e-01 7.022467e-05 -1.338958e-01 -1.027879e-04
37.2           -1.423016e-01 1.144161e+03 6.822143e-02 -1.423731e-01 1.144194e+03 6.831946e-02 7.145199e-05 -3.375322e-02 -9.803327e-05
37.3           -1.060100e-01 1.001860e+03 1.606095e-01 -1.060841e-01 1.001796e+03 1.607067e-01 7.407344e-05 6.379890e-02 -9.724295e-05
37.4           1.506213e-01 1.022448e+03 4.095143e-01 1.505587e-01 1.022298e+03 4.096175e-01 6.259390e-05 1.500736e-01 -1.032228e-04
37.5           1.568250e-01 1.055636e+03 3.377020e-01 1.567683e-01 1.055411e+03 3.378142e-01 5.667752e-05 2.247899e-01 -1.121415e-04
37.6           -1.260158e+00 1.123419e+03 6.165217e-01 -1.260203e+00 1.123143e+03 6.166424e-01 4.489422e-05 2.759520e-01 -1.207139e-04
37.7           5.930390e-02 1.046335e+03 1.604090e-01 5.926323e-02 1.046023e+03 1.605300e-01 4.067804e-05 3.117435e-01 -1.209405e-04
37.8           -7.399580e-02 1.252095e+03 -1.420942e-02 -7.403215e-02 1.251760e+03 -1.408760e-02 3.635111e-05 3.342800e-01 -1.218209e-04
37.9           -3.443292e-01 1.364102e+03 -2.639502e-01 -3.443620e-01 1.363766e+03 -2.638268e-01 3.281749e-05 3.366704e-01 -1.233372e-04
38             8.013858e-02 1.536321e+03 -1.996402e-01 8.010171e-02 1.536003e+03 -1.995164e-01 3.687120e-05 3.181467e-01 -1.237663e-04
38.1           6.280351e-02 1.642117e+03 -1.379194e-01 6.276581e-02 1.641836e+03 -1.377954e-01 3.770503e-05 2.805576e-01 -1.240023e-04
38.2           6.458603e-02 1.830429e+03 -1.014613e-01 6.455415e-02 1.830206e+03 -1.013329e-01 3.188272e-05 2.233180e-01 -1.284135e-04
38.3           4.388592e-02 1.758305e+03 -1.234567e-01 4.385595e-02 1.758154e+03 -1.233259e-01 2.996765e-05 1.505816e-01 -1.307583e-04
38.4           3.342327e-02 2.051396e+03 -4.402251e-02 3.339203e-02 2.051331e+03 -4.389037e-02 3.123311e-05 6.541899e-02 -1.321409e-04
38.5           -2.058392e-02 2.144264e+03 2.332465e-02 -2.061612e-02 2.144300e+03 2.346206e-02 3.220034e-05 -3.573484e-02 -1.374086e-04
38.6           -6.132312e-02 2.239779e+03 4.802631e-02 -6.136097e-02 2.239918e+03 4.816542e-02 3.784757e-05 -1.390310e-01 -1.391077e-04
38.7           -1.594308e-01 2.225963e+03 3.678044e-02 -1.594732e-01 2.226206e+03 3.692389e-02 4.240242e-05 -2.423061e-01 -1.434544e-04
38.8           -2.625653e-01 2.144974e+03 -8.996364e-02 -2.626098e-01 2.145303e+03 -8.981958e-02 4.448687e-05 -3.292211e-01 -1.440609e-04
38.9           -1.294759e-01 2.114512e+03 6.800794e-02 -1.295129e-01 2.114909e+03 6.816022e-02 3.697079e-05 -3.965390e-01 -1.522850e-04
39             -1.720197e-01 2.070766e+03 7.690906e-02 -1.720498e-01 2.071214e+03 7.705873e-02 3.007487e-05 -4.484131e-01 -1.496635e-04
39.1           -1.292199e-01 1.895033e+03 9.708563e-02 -1.292379e-01 1.895515e+03 9.723878e-02 1.804557e-05 -4.825065e-01 -1.531512e-04
39.2           -3.799315e-02 1.783969e+03 9.530901e-02 -3.800285e-02 1.784467e+03 9.547066e-02 9.696486e-06 -4.983401e-01 -1.616556e-04
39.3           1.029656e-02 1.682455e+03 5.067946e-02 1.029743e-02 1.682946e+03 5.084377e-02 -8.624299e-07 -4.918177e-01 -1.643103e-04
39.4           -7.735760e-02 1.577931e+03 -4.435739e-02 -7.734622e-02 1.578395e+03 -4.419524e-02 -1.137841e-05 -4.637385e-01 -1.621455e-04
39.5           -6.797841e-02 1.446366e+03 -1.058817e-01 -6.797053e-02 1.446776e+03 -1.057175e-01 -7.884282e-06 -4.101940e-01 -1.641230e-04
39.6           6.421936e-02 1.308387e+03 3.717469e-02 6.421847e-02 1.308722e+03 3.734205e-02 8.871553e-07 -3.356159e-01 -1.673623e-04
39.7           -1.358857e-02 1.345988e+03 -1.380811e-01 -1.359227e-02 1.346230e+03 -1.379087e-01 3.698267e-06 -2.419566e-01 -1.723813e-04
39.8           6.138224e-01 1.046804e+03 -3.113037e-01 6.138158e-01 1.046945e+03 -3.111388e-01 6.614634e-06 -1.413643e-01 -1.648943e-04
39.9           -1.141655e-01 8.976466e+02 -4.655303e-02 -1.141601e-01 8.976877e+02 -4.639153e-02 -5.474653e-06 -4.103692e-02 -1.615045e-04
40             -4.338635e-03 8.659640e+02 -3.895922e-02 -4.336217e-03 8.659085e+02 -3.879588e-02 -2.417497e-06 5.548082e-02 -1.633479e-04
