*************************Generated by extractForces.sh*************************
*      Mon Mar 31 13:39:24 MDT 2025 - Case: surge/T1
* Note: Data was extracted from log.overInterDyMFoam using extractForces.sh
*       Can be visualized with plotForces.py
*******************************************************************************
Time X(x3) Force(x3) Moment(x3)
0.01              -1.11014e+06 147.21 -707083              -4.73639 -4.0909e+06 -990.298
0.02              -50061.1 13.673 13374.4              37.9567 101411 -139.594
0.03              49702.4 5.6288 67322.7              30.3475 404018 -65.461
0.04              137467 9.47706 113765              14.1546 662721 -57.843
0.05              212494 25.6435 153097              4.26553 882832 -123.657
0.06              268081 25.729 181484              7.35343 1.0427e+06 -108.583
0.07              300073 49.7017 192613              -2.91065 1.10595e+06 -241.503
0.08              316777 62.8884 186749              -0.00481108 1.07003e+06 -312.644
0.09              315039 74.5387 161855              -7.17111 922340 -346.183
0.1              292847 54.0908 120791              36.804 679275 -230.506
0.11              255302 77.1871 75594.9              33.1653 411622 -340.2
0.12              202732 63.2576 27447.7              36.6571 126249 -222.227
0.13              141094 74.3964 -14109              46.2871 -120545 -297.617
0.14              66069.5 60.5041 -46505.9              45.1379 -309872 -312.762
0.15              -10267.8 140.552 -72100              12.0842 -458922 -799.148
0.16              -83006.7 200.274 -87697.3              11.9145 -546770 -1268.72
0.17              -149468 152.665 -103278              23.1094 -636150 -1027.39
0.18              -205191 169.648 -116015              16.5649 -709611 -1196.33
0.19              -244720 127.611 -128967              3.93158 -787058 -983.692
0.2              -308512 68.7478 -129488              -9.79067 -773473 -685.575
0.21              -404355 97.0354 -112818              -40.5073 -635624 -789.169
0.22              -390536 96.1807 -118623              -29.509 -672089 -790.196
0.23              -370741 70.7797 -118329              -45.3377 -668617 -622.689
0.24              -349104 67.6907 -102886              -40.1565 -567696 -569.482
0.25              -298021 -51.5353 -74890.3              -17.7305 -396509 151.451
0.26              -231965 -29.5404 -38677.2              -42.1861 -179542 43.9589
0.27              -148363 -77.4282 3905.62              -46.8267 69289.3 323.514
0.28              -47215.2 -47.7925 47411.9              -90.7944 315677 177.824
0.29              62139.9 -95.7884 90214.9              -101.931 551914 593.045
0.3              167511 54.1208 123756              -67.742 731289 -74.5937
0.31              259079 0.795794 145796              -90.2421 847122 253.63
0.32              327664 -10.2032 154165              -83.6998 888854 303.825
0.33              381830 50.4558 149235              -28.4973 851288 -36.0246
0.34              402963 127.154 133580              -64.3802 755200 -463.345
0.35              390675 221.876 110658              -139.443 621332 -963.046
0.36              378013 423.106 78968.9              -197.299 430876 -2080.72
0.37              336856 170.57 45197.2              -146.86 230744 -606.47
0.38              262594 194.698 16760.7              -82.1988 66422.6 -865.899
0.39              174778 335.769 -8613.86              15.4252 -80395.4 -1974.61
0.4              85312.5 495.964 -30253              74.534 -206627 -3145.54
0.41              -5805 267.881 -47904.6              218.664 -309016 -1973.85
0.42              -89331.9 -97.3975 -62933.7              385.923 -396866 92.6023
0.43              -159459 -473.958 -75860.4              452.774 -473283 2297.43
0.44              -218228 -824.691 -89394.2              382.555 -554826 4595.87
0.45              -263351 -970.104 -103520              88.8927 -640685 5937.71
0.46              -321074 -1148.73 -104420              -190.864 -635582 7309.03
0.47              -396364 -1127.85 -95318.5              -268.728 -557629 7412.51
0.48              -454739 -888.008 -80142.2              -145.427 -440487 5746.17
0.49              -475790 -522.092 -62762.3              -32.3317 -315732 3168.14
0.5              -452665 -90.3993 -43434.8              -152.539 -187415 509.056
0.51              -398994 114.152 -22714.8              -271.68 -57935.6 -742.488
0.52              -300204 352.233 -3169.86              -309.429 52553.3 -2111.04
0.53              -164955 235.645 15503.5              -231.84 145094 -1354.94
0.54              -13964.1 237.852 32126.8              -102.393 217914 -1296.79
0.55              115816 256.592 52869.3              -15.21 317817 -1452.55
0.56              199086 -28.4208 78089.4              140.462 454358 164.128
0.57              274185 -135.722 96715.1              507.896 550735 727.545
0.58              324917 -1417.1 108783              743.373 613884 8027.55
0.59              359941 -2535.59 113633              1006.85 637219 14297.1
0.6              367851 -3713.94 114192              860.816 639380 21510.5
0.61              358452 -2201.55 106474              617.163 595247 12867.1
0.62              341325 -2629.5 95422.4              887.939 534855 15976.9
0.63              306203 -2557.59 70662.6              1336.89 395757 15826.9
0.64              248539 -1308.58 32480.9              1462.34 174190 8590.11
0.65              175566 -252.991 -4278.46              1703.52 -43375.7 2390.43
0.66              95483.5 -261.643 -31913.9              1765.28 -208409 2612.86
0.67              14805.8 76.5216 -51686.5              1210.15 -327367 555.901
0.68              -61582.5 1208.84 -63359.1              216.268 -397517 -6515.03
0.69              -130660 2989.1 -73332.4              -896.483 -456638 -17591.1
0.7              -187039 4589.39 -81821.1              -1893.88 -507666 -27462.6
0.71              -227658 5155.21 -91823.7              -2499.28 -567802 -30758.1
0.72              -258345 5014.38 -98924.9              -2486.41 -606909 -29792
0.73              -298368 4498.77 -99169.3              -2193.78 -595771 -26074.8
0.74              -338910 3067.24 -91349.8              -1302.46 -529463 -16651.1
0.75              -381745 1028.95 -69907              -36.1208 -373644 -3696.26
0.76              -382083 -135.317 -48664.7              1130.91 -228406 3437.74
0.77              -351098 -286.5 -23831.2              1906.09 -68436.8 4051.94
0.78              -275563 1503.21 550.318              2038.01 75293.1 -7514.89
0.79              -154480 1223.43 21601.7              1596.71 182386 -6546.12
0.8              -7851.18 87.8971 40098.1              632.467 262197 -697.164
0.81              112434 -1343.64 59762.8              -7.97481 355073 7107.83
0.82              190709 -1654.47 89123.2              9.02344 515162 8437.79
0.83              266796 -1846.19 109709              -88.6378 621952 8860.93
0.84              311430 -2081.69 126969              194.522 719116 9732.24
0.85              348790 -1804.22 129807              332.962 731614 6992.33
0.86              379903 -1518.05 114362              291.932 633787 3871.29
0.87              392732 328.657 85048.7              -689.7 453655 -7813.28
0.88              386981 1815.43 50435.3              -1747.47 241504 -16123.5
0.89              365058 3938.74 16223.3              -2974.83 31515.9 -27844.4
0.9              307810 4170.23 -11894.2              -2758.5 -137070 -28305.8
0.91              246334 2632.75 -34637.1              -2280.7 -273098 -17554.8
0.92              129472 -289.532 -40200.1              -1020.87 -289550 2391.17
0.93              28647.3 -884.059 -46140.6              -283.558 -313132 7143.1
0.94              -73171.5 -1567.97 -51772              -319.304 -333844 12746.1
0.95              -161545 -1035.25 -56310.9              -564.37 -349034 9918.87
0.96              -259810 -762.474 -55631.1              -635.663 -324903 7725
0.97              -386287 -1368.62 -42584.3              -417.626 -209984 11540.1
0.98              -475552 -1908.92 -28363.6              -381.97 -94318.6 15126.4
0.99              -488962 -2170.74 -26792              -598.342 -76107.2 16663.7
1              -464202 -2353.95 -31140.4              -861.451 -103149 17651.2
1.01              -412632 -2416.46 -32584.9              -957.257 -115816 17739.8
1.02              -336190 -2187.38 -29062.1              -915.621 -103576 15866.4
1.03              -254825 -1468.19 -15939.9              -663.976 -33945.9 10960.1
1.04              -161525 -280.315 -1521.2              -375.323 37959.3 3291.2
1.05              -44552 554.187 14678.8              -29.6109 111017 -2515.1
1.06              56972.9 765.348 37858              241.696 227477 -4616.06
1.07              142227 714.642 62637.7              404.865 356193 -5055.84
1.08              207099 654.495 86543.8              381.063 486177 -5303.12
1.09              258023 1425.3 107901              310.941 603907 -10339.4
1.1              310205 2676.3 116226              45.2575 644231 -18139.1
1.11              355386 3665.3 109348              -343.328 594907 -24145
1.12              379054 3561.91 92678.3              -810.378 491095 -23295.8
1.13              385431 3531.61 65885.3              -1144.93 327375 -22807.9
1.14              372659 2279.57 34775.9              -861.1 139613 -15221.8
1.15              319952 1486.61 9667.03              -895.616 -5996.64 -10044.5
1.16              259186 -107.572 -10867.4              -421.493 -125380 -282.742
1.17              191048 -1033.78 -29196.6              352.635 -231863 5741.23
1.18              95836.9 -1295.94 -36179.2              1296.83 -262752 8003.31
1.19              3073.69 -800.791 -41222.2              2012.83 -281676 5580.86
1.2              -86714.4 -937.256 -44385.5              2235.05 -288023 7109.09
1.21              -159221 -1144.98 -47142.3              1865.79 -294599 9250.28
1.22              -237002 -1247.56 -48274.7              1095.54 -286270 10649.3
1.23              -294316 -1821.02 -51306              206.059 -291073 14454.7
1.24              -355336 -2536.84 -45513.2              -330.151 -235664 19003.7
1.25              -392378 -2674.62 -42634              -564.797 -201109 19497
1.26              -392636 -2952.17 -38367              -507.57 -165298 20438.3
1.27              -361718 -2863.26 -33177.8              -489.909 -130950 19098
1.28              -308889 -2217.5 -24641              -661.187 -81728.4 14618.1
1.29              -232827 -1222.72 -10999.5              -879.348 -9664.94 8205.87
1.3              -145877 -210.79 6009.4              -870.808 77875.2 1960.6
1.31              -51883.2 279.734 24938.4              -613.758 172633 -1264.29
1.32              40713.6 255.515 46046.7              -204.984 278576 -1557.54
1.33              118409 60.2536 70139.6              114.978 403728 -907.476
1.34              183422 -274.688 90821.5              353.151 512397 586.556
1.35              228662 -552.339 109930              453.913 616743 1840.5
1.36              270003 -895.093 118183              413.52 659171 3725.86
1.37              308192 -1006.39 112272              289.803 617961 4517.64
1.38              325826 -215.89 97488.4              -79.2801 527845 68.2999
1.39              319395 1067.53 72307.8              -795.074 379747 -7621.01
1.4              288153 1107 48016.9              -1486.19 238293 -7998.37
1.41              241137 -761.821 23558.7              -1109.13 96043.4 3366.01
1.42              186496 -1819.18 1838.13              -338.255 -29988.7 10320.3
1.43              121746 -1583.58 -17284.5              369.518 -139603 9323.18
1.44              58417.1 -410.884 -30192.7              825.65 -212791 2182.46
1.45              -16092.6 702.774 -33905              1060.68 -226717 -4841.71
1.46              -80129 759.327 -39908.7              1196.69 -257386 -5269.07
1.47              -136148 923.695 -45794.5              798.641 -288237 -6071.49
1.48              -203722 1052.49 -50172.3              249.285 -303968 -6264.54
1.49              -284658 1150.51 -45225.8              -356.416 -254357 -5966.82
1.5              -329635 1632.87 -41927.1              -675.559 -222040 -8380.99
1.51              -352236 2102.77 -37622.8              -658.423 -185048 -11318.6
1.52              -337848 2901.57 -34761.2              -267.012 -163008 -16726.1
1.53              -306147 3503.23 -28838              159.669 -124460 -20966.9
1.54              -256131 3824.28 -17877.8              577.524 -58681.6 -23402.4
1.55              -188205 3589.71 -6458.5              897.511 3668.84 -22170.3
1.56              -107029 2609.26 9293.38              1018.86 86055.1 -16228.4
1.57              -20685.7 1090.37 26750.7              869.677 174128 -7170.23
1.58              61315.6 -644.721 48851.4              593.804 287790 3098.47
1.59              126908 -2176.75 72359              171.506 412001 12312.6
1.6              187782 -3337.53 90750              -203.641 507198 19384.2
1.61              231110 -3856.78 105508              -663.521 586406 22984
1.62              269064 -4679.46 109920              -1013.93 605968 28369.8
1.63              296349 -5794.16 103300              -1082.49 561865 35240.6
1.64              299851 -6151.73 87208.9              -596.469 467387 37619.6
1.65              286624 -6190.46 67101.9              403.308 350805 38230.9
1.66              260042 -4093.22 43050.4              983.105 210957 25780.3
1.67              213483 -999.17 21549.9              919.45 88084.9 7074.21
1.68              156651 2105.52 4254.59              571.578 -9505.5 -11878.3
1.69              93829.7 3734.17 -9132.8              395.804 -83661.8 -22143.3
1.7              27896.8 3843.66 -18585.9              622.553 -134459 -23681.7
1.71              -33311.1 3938.14 -25105              832.151 -168286 -25223.1
1.72              -87645.4 3516.94 -32758.9              1274.77 -209920 -23793.6
1.73              -131864 3273.65 -39555.7              1714.08 -247540 -23037.5
1.74              -190617 3322.01 -46183.8              1845.4 -277413 -24132.6
1.75              -258672 3666.31 -38822.4              1972.85 -214091 -26979.1
1.76              -304076 4038.14 -33230.8              2106.95 -165845 -29462.9
1.77              -319103 3863.09 -30122.6              2237.03 -138088 -28022.9
1.78              -310994 3102.34 -26554.9              2230.09 -111142 -22504.4
1.79              -270196 1850.8 -24266.2              1954.21 -99244.2 -13934.6
1.8              -209907 689.703 -16318.2              1559.99 -58176.1 -6320.19
1.81              -144935 -227.86 -6238.82              1046.45 -6627.4 -443.109
1.82              -74662 -710.342 11398.7              598.184 87234.7 3053.15
1.83              606.437 -549.095 30737.7              356.411 187477 2753.44
1.84              68129.9 -487.822 52293.7              205.149 301099 2822.36
1.85              124436 -440.242 72644.2              93.9509 409714 2539.23
1.86              175227 -110.076 90343.6              67.7149 503423 465.243
1.87              211003 309.904 103082              40.6556 572903 -2048.32
1.88              240803 782.412 106664              25.6484 589621 -4506.29
1.89              260622 1162.22 100769              -193.113 551301 -5866.23
1.9              265651 998.209 86079.3              -600.823 463338 -4069.97
1.91              254523 -321.307 68461.6              -866.982 361256 4126.02
1.92              227388 -1304.52 47187.6              -820.823 239256 9807.77
1.93              185844 -1460.9 28539              -705.032 133892 10146
1.94              131784 -1608.98 12444.4              -445.442 43762.8 10227.8
1.95              73949.2 -909.933 -773.41              -309.051 -30028.9 5309.89
1.96              14897.8 -137.593 -11417.9              -479.192 -88710.4 330.684
1.97              -42140.7 -301.689 -19884.7              -619.229 -134969 1472.89
1.98              -88996.9 -697.275 -25822.8              -700.821 -167044 4340.73
1.99              -128628 -1096.71 -34371.8              -835.842 -216371 7392.89
2              -173319 -1141.49 -41298.6              -586.942 -251124 8322.92
2.01              -224274 -948.636 -39791.1              -81.7298 -227493 8062.64
2.02              -254794 -690.73 -39076.9              67.3258 -211931 7297.26
2.03              -264995 -389.049 -37763.2              -79.52 -196496 6041.39
2.04              -252472 -395.222 -32456.3              -447.775 -160725 6154.37
2.05              -224883 -454.505 -22670.5              -607.478 -100994 6209.95
2.06              -185805 -290.757 -9276.86              -510.221 -22997.2 4595.68
2.07              -130585 -38.6626 5510.56              -335.467 57748.8 2227.41
2.08              -67130.4 334.381 21925.3              -129.713 144729 -783.274
2.09              122.356 787.673 40799.5              119.227 243836 -4241.31
2.1              66550.1 1132.71 59267.1              315.766 339533 -7021.32
2.11              120266 1435.07 76499.6              576.539 431107 -9454.81
2.12              162521 1630.33 92567.2              901.32 518622 -11122.1
2.13              195122 1628.86 102707              1087.46 574261 -11484.8
2.14              225724 489.755 103256              974.887 572654 -5427.27
2.15              246522 -604.865 95313.3              450.708 522097 233.055
2.16              246993 -1324.81 79491.8              -41.384 428839 4121.96
2.17              235079 -1529.46 62721.2              -511.666 332069 5391.44
2.18              205642 -1199.41 43781.6              -664.969 223945 3839.85
2.19              163565 10.4572 24822.1              -1003.37 115983 -2650.58
2.2              112854 789.469 9404.96              -1175.42 28292.2 -6535.14
2.21              57866 292.109 -3008.67              -1239.67 -41776.5 -2634.36
2.22              1475.41 -572.864 -11486.1              -1314.1 -87867.2 3763.66
2.23              -51384.8 -1702.44 -18616.9              -1335.07 -126401 11706.2
2.24              -94527.4 -2150.25 -23242.7              -1477.06 -150680 15368.5
2.25              -130338 -2177.64 -30780.3              -1718.56 -194340 16443.2
2.26              -174554 -2107.71 -34912.6              -1664.03 -211528 17253.4
2.27              -203459 -2222.19 -36268.4              -1593.88 -211914 18641.6
2.28              -223144 -2276.51 -35239.1              -1276.31 -196897 19236.7
2.29              -233088 -2011.73 -32620.3              -695.579 -172441 17308.5
2.3              -226731 -1337.36 -25692.5              172.481 -124674 12458.2
2.31              -203658 -627.47 -15386.9              1020.13 -60882.7 6904.15
2.32              -165744 -40.2972 -2235.91              1548.96 15142.3 1881.85
2.33              -115164 309.795 13149.4              1620.02 99761.3 -1456.21
2.34              -57899.6 272.685 30177.3              1317.79 190904 -2026.69
2.35              3106.32 167.624 48816.6              938.291 289320 -1852.67
2.36              66508.9 -117.641 64915.5              520.775 371072 -644.471
2.37              119366 -478.432 79960.2              221.953 449635 899.441
2.38              160832 -983.172 93232.7              -14.895 520928 3091.19
2.39              195338 -1129.3 101039              -242.725 562456 3245.87
2.4              217192 -910.58 102095              -303.355 567001 1445.68
2.41              232300 -419.152 94694.9              -196.004 522287 -1910.28
2.42              237104 489.466 79660.1              -241.884 433123 -7530.5
2.43              225241 999.348 59576.9              -176.334 316058 -10514.4
2.44              198345 929.78 40689.8              155.604 207354 -9678.98
2.45              155645 484.317 21479              456.584 97680.9 -5931.07
2.46              106099 117.221 7063.81              294.868 16213.3 -2003.55
2.47              51163.2 -271.919 -4398.58              -308.877 -47733.9 2092.36
2.48              -3609.56 -812.669 -12830.9              -963.098 -94027.1 6747.93
2.49              -55846.4 -1240 -19905.2              -1455.44 -132551 10177.9
2.5              -99597.5 -1326.83 -24595              -1751.72 -157381 11317.4
2.51              -133966 -1301.31 -32234.7              -1955.18 -201596 11699
2.52              -180988 -1087.7 -33407.8              -1894.32 -199403 10987.1
2.53              -222235 -754.304 -29872.5              -1443.22 -166244 8828.21
2.54              -248778 -479.213 -25910.3              -897.041 -131663 6209.63
2.55              -252423 -517.427 -23388.2              -420.422 -110162 5072.74
2.56              -244372 -379.353 -15736.2              67.7658 -58358.6 2928.3
2.57              -215951 -1.1459 -6742.55              732.915 -4118.75 -325.982
2.58              -167782 516.334 3166.7              1392.41 49077.8 -3980.47
2.59              -110926 565.709 16151.9              1599.04 117190 -4458.61
2.6              -44850.6 197.5 29624.3              1519.98 184579 -2639.18
2.61              22493.2 -331.689 44730.6              1273.02 260428 171.083
2.62              82561.7 -774.76 59812.5              1034.04 337279 2670.45
2.63              128915 -1272.34 77520.4              868.458 433430 5703.82
2.64              168240 -1600.82 90466              794.012 503272 7744.38
2.65              198039 -2016.07 98956.9              767.255 549957 10358.3
2.66              220253 -1638.07 98677.6              699.765 545989 8237.88
2.67              231494 -244.098 90591.2              650.837 497278 -41.1845
2.68              228657 1036.78 74846              777.012 405287 -7581.8
2.69              211307 1020.28 56088.5              1191.51 297099 -6964.77
2.7              180384 -1.42345 37152.3              1693.15 189026 -30.0725
2.71              138819 -193.388 19755.1              1767.92 91161.7 2530.28
2.72              93173.9 639.75 4285.1              1504.13 3700.78 -1606.67
2.73              40077.2 1785.21 -4299.68              1011.94 -42932.2 -8553
2.74              -14017.8 2057.88 -11752.7              655.136 -84070.2 -10736.6
2.75              -64779 1900.71 -20487.8              436.159 -133867 -10357.6
2.76              -107737 2275.89 -26270              340.967 -166151 -13079.5
2.77              -148022 2877.72 -32617              245.092 -200721 -17328.6
2.78              -198339 3388.61 -30935.3              -89.0801 -179179 -21255.8
2.79              -222849 3543.58 -30903.7              -57.8088 -171182 -22787.5
2.8              -230726 3178.43 -31186.5              94.1485 -166422 -21150
2.81              -230146 2500.86 -28734.1              147.624 -145742 -17473.2
2.82              -209637 2034.87 -20607.8              321.352 -94765.9 -14743.3
2.83              -177518 1657.27 -10157.5              460.409 -33190.4 -12026.2
2.84              -133671 1111.07 2879.16              599.226 39636.6 -8234.82
2.85              -79872.1 885.994 17345.5              828.387 116993 -6272.96
2.86              -23733.1 749.09 32561.6              989.159 196861 -4772.18
2.87              35022.3 521.055 50161.1              1064.14 288985 -3036.88
2.88              89262.8 170.745 65723.5              1068.91 369771 -746.314
2.89              131955 -369.797 82022.4              987.419 458424 2464.28
2.9              173876 -712.073 92456.8              1004.86 512935 4346.14
2.91              203716 -954.029 98663.4              973.325 546073 5281.8
2.92              220748 -757.865 98241.8              943.015 542592 3496.39
2.93              229227 516.804 90676.9              991.305 498035 -4421.66
2.94              224212 2019.27 75328.9              1055.23 408970 -12749.9
2.95              206666 2898.79 56527.6              974.91 299708 -16540.4
2.96              166807 2919.61 38490.8              610.765 198223 -15734.1
2.97              121914 2914.79 20554.6              134.041 96501.6 -15485.4
2.98              73492 1572.15 5351.73              -166.945 9802.92 -7626.8
2.99              19724 480.978 -4459.96              -323.759 -44101.4 -1449.49
