           0.1	   4.013864e+00   2.138641e-01   4.013886e+00   2.138857e-01   4.013888e+00   2.138885e-01   4.013888e+00   2.138882e-01   4.434056e+00   6.340562e-01
0.2	   4.013716e+00   2.137160e-01   4.013867e+00   2.138668e-01   4.013886e+00   2.138863e-01   4.013887e+00   2.138869e-01   4.432863e+00   6.328625e-01
0.3	   4.013384e+00   2.133844e-01   4.013825e+00   2.138248e-01   4.013881e+00   2.138815e-01   4.013886e+00   2.138858e-01   4.437468e+00   6.374678e-01
0.4	   4.012818e+00   2.128176e-01   4.013752e+00   2.137523e-01   4.013873e+00   2.138730e-01   4.013885e+00   2.138853e-01   4.449385e+00   6.493851e-01
0.5	   4.011981e+00   2.119808e-01   4.013643e+00   2.136427e-01   4.013860e+00   2.138597e-01   4.013884e+00   2.138843e-01   4.449053e+00   6.490525e-01
0.6	   4.010871e+00   2.108713e-01   4.013491e+00   2.134915e-01   4.013841e+00   2.138406e-01   4.013885e+00   2.138852e-01   4.477076e+00   6.770764e-01
0.7	   4.009524e+00   2.095242e-01   4.013296e+00   2.132964e-01   4.013815e+00   2.138146e-01   4.013887e+00   2.138871e-01   4.514760e+00   7.147602e-01
0.8	   4.008016e+00   2.080157e-01   4.013057e+00   2.130574e-01   4.013781e+00   2.137809e-01   4.013893e+00   2.138933e-01   4.552497e+00   7.524971e-01
0.9	   4.006464e+00   2.064644e-01   4.012776e+00   2.127762e-01   4.013738e+00   2.137385e-01   4.013905e+00   2.139050e-01   4.578946e+00   7.789464e-01
1	   4.005034e+00   2.050340e-01   4.012457e+00   2.124572e-01   4.013686e+00   2.136864e-01   4.013922e+00   2.139221e-01   4.597355e+00   7.973549e-01
1.1	   4.003929e+00   2.039294e-01   4.012108e+00   2.121076e-01   4.013624e+00   2.136240e-01   4.013947e+00   2.139470e-01   4.606379e+00   8.063789e-01
1.2	   4.003381e+00   2.033815e-01   4.011738e+00   2.117379e-01   4.013551e+00   2.135508e-01   4.013980e+00   2.139800e-01   4.603868e+00   8.038682e-01
1.3	   4.003621e+00   2.036214e-01   4.011361e+00   2.113613e-01   4.013467e+00   2.134665e-01   4.014023e+00   2.140233e-01   4.588442e+00   7.884419e-01
1.4	   4.004849e+00   2.048489e-01   4.010994e+00   2.109937e-01   4.013371e+00   2.133712e-01   4.014076e+00   2.140761e-01   4.560309e+00   7.603085e-01
1.5	   4.007190e+00   2.071902e-01   4.010655e+00   2.106545e-01   4.013265e+00   2.132654e-01   4.014139e+00   2.141387e-01   4.523379e+00   7.233795e-01
1.6	   4.010683e+00   2.106826e-01   4.010370e+00   2.103696e-01   4.013151e+00   2.131508e-01   4.014213e+00   2.142126e-01   4.487008e+00   6.870084e-01
1.7	   4.015234e+00   2.152336e-01   4.010169e+00   2.101688e-01   4.013030e+00   2.130300e-01   4.014298e+00   2.142982e-01   4.465026e+00   6.650258e-01
1.8	   4.020606e+00   2.206060e-01   4.010084e+00   2.100844e-01   4.012906e+00   2.129060e-01   4.014391e+00   2.143913e-01   4.459114e+00   6.591141e-01
1.9	   4.026392e+00   2.263918e-01   4.010143e+00   2.101427e-01   4.012782e+00   2.127823e-01   4.014490e+00   2.144902e-01   4.457680e+00   6.576795e-01
2	   4.032126e+00   2.321255e-01   4.010370e+00   2.103701e-01   4.012663e+00   2.126629e-01   4.014590e+00   2.145901e-01   4.456751e+00   6.567514e-01
2.1	   4.037341e+00   2.373407e-01   4.010797e+00   2.107968e-01   4.012554e+00   2.125542e-01   4.014689e+00   2.146893e-01   4.455798e+00   6.557981e-01
2.2	   4.041632e+00   2.416325e-01   4.011452e+00   2.114524e-01   4.012463e+00   2.124632e-01   4.014784e+00   2.147840e-01   4.453739e+00   6.537392e-01
2.3	   4.044634e+00   2.446337e-01   4.012359e+00   2.123593e-01   4.012398e+00   2.123981e-01   4.014869e+00   2.148689e-01   4.451582e+00   6.515816e-01
2.4	   4.046016e+00   2.460161e-01   4.013528e+00   2.135282e-01   4.012367e+00   2.123674e-01   4.014938e+00   2.149378e-01   4.449470e+00   6.494700e-01
2.5	   4.045503e+00   2.455030e-01   4.014956e+00   2.149564e-01   4.012380e+00   2.123801e-01   4.014985e+00   2.149847e-01   4.447961e+00   6.479607e-01
2.6	   4.042900e+00   2.428998e-01   4.016623e+00   2.166232e-01   4.012445e+00   2.124451e-01   4.015003e+00   2.150027e-01   4.447519e+00   6.475192e-01
2.7	   4.038217e+00   2.382171e-01   4.018495e+00   2.184947e-01   4.012572e+00   2.125720e-01   4.014985e+00   2.149851e-01   4.448076e+00   6.480763e-01
2.8	   4.031673e+00   2.316727e-01   4.020528e+00   2.205278e-01   4.012771e+00   2.127709e-01   4.014923e+00   2.149231e-01   4.449424e+00   6.494240e-01
2.9	   4.023575e+00   2.235752e-01   4.022655e+00   2.226551e-01   4.013050e+00   2.130500e-01   4.014807e+00   2.148067e-01   4.450773e+00   6.507727e-01
3	   4.014305e+00   2.143051e-01   4.024781e+00   2.247805e-01   4.013416e+00   2.134158e-01   4.014628e+00   2.146284e-01   4.452010e+00   6.520101e-01
3.1	   4.004396e+00   2.043963e-01   4.026792e+00   2.267923e-01   4.013874e+00   2.138740e-01   4.014385e+00   2.143846e-01   4.453350e+00   6.533498e-01
3.2	   3.994512e+00   1.945118e-01   4.028578e+00   2.285784e-01   4.014429e+00   2.144291e-01   4.014074e+00   2.140743e-01   4.454502e+00   6.545021e-01
3.3	   3.985195e+00   1.851950e-01   4.029993e+00   2.299929e-01   4.015079e+00   2.150795e-01   4.013696e+00   2.136965e-01   4.459856e+00   6.598555e-01
3.4	   3.976794e+00   1.767940e-01   4.030867e+00   2.308669e-01   4.015819e+00   2.158185e-01   4.013265e+00   2.132652e-01   4.460841e+00   6.608408e-01
3.5	   3.969891e+00   1.698906e-01   4.031062e+00   2.310624e-01   4.016638e+00   2.166378e-01   4.012804e+00   2.128038e-01   4.461327e+00   6.613273e-01
3.6	   3.965074e+00   1.650745e-01   4.030466e+00   2.304657e-01   4.017525e+00   2.175251e-01   4.012351e+00   2.123507e-01   4.461418e+00   6.614183e-01
3.7	   3.962745e+00   1.627454e-01   4.028974e+00   2.289742e-01   4.018462e+00   2.184623e-01   4.011958e+00   2.119584e-01   4.461321e+00   6.613208e-01
3.8	   3.963089e+00   1.630893e-01   4.026511e+00   2.265107e-01   4.019423e+00   2.194228e-01   4.011687e+00   2.116875e-01   4.461120e+00   6.611203e-01
3.9	   3.966198e+00   1.661979e-01   4.023058e+00   2.230582e-01   4.020376e+00   2.203755e-01   4.011604e+00   2.116042e-01   4.456379e+00   6.563788e-01
4	   3.972207e+00   1.722072e-01   4.018693e+00   2.186926e-01   4.021288e+00   2.212875e-01   4.011773e+00   2.117734e-01   4.455874e+00   6.558743e-01
4.1	   3.981021e+00   1.810206e-01   4.013554e+00   2.135539e-01   4.022120e+00   2.221199e-01   4.012242e+00   2.122416e-01   4.458169e+00   6.581694e-01
4.2	   3.992301e+00   1.923010e-01   4.007840e+00   2.078401e-01   4.022828e+00   2.228283e-01   4.013028e+00   2.130276e-01   4.463310e+00   6.633098e-01
4.3	   4.005622e+00   2.056215e-01   4.001832e+00   2.018322e-01   4.023368e+00   2.233679e-01   4.014116e+00   2.141165e-01   4.468658e+00   6.686579e-01
4.4	   4.020301e+00   2.203007e-01   3.995869e+00   1.958694e-01   4.023693e+00   2.236926e-01   4.015450e+00   2.154496e-01   4.474383e+00   6.743834e-01
4.5	   4.035678e+00   2.356776e-01   3.990363e+00   1.903630e-01   4.023760e+00   2.237602e-01   4.016926e+00   2.169260e-01   4.480446e+00   6.804458e-01
4.6	   4.051084e+00   2.510841e-01   3.985684e+00   1.856839e-01   4.023535e+00   2.235349e-01   4.018411e+00   2.184106e-01   4.486146e+00   6.861464e-01
4.7	   4.065344e+00   2.653441e-01   3.982199e+00   1.821987e-01   4.022983e+00   2.229835e-01   4.019756e+00   2.197559e-01   4.491455e+00   6.914548e-01
4.8	   4.077357e+00   2.773569e-01   3.980240e+00   1.802399e-01   4.022082e+00   2.220822e-01   4.020831e+00   2.208306e-01   4.496644e+00   6.966443e-01
4.9	   4.086461e+00   2.864609e-01   3.980097e+00   1.800966e-01   4.020822e+00   2.208218e-01   4.021538e+00   2.215381e-01   4.501385e+00   7.013848e-01
5	   4.092108e+00   2.921084e-01   3.981974e+00   1.819744e-01   4.019208e+00   2.192080e-01   4.021849e+00   2.218491e-01   4.505625e+00   7.056252e-01
5.1	   4.093145e+00   2.931447e-01   3.985962e+00   1.859621e-01   4.017262e+00   2.172624e-01   4.021805e+00   2.218048e-01   4.509355e+00   7.093549e-01
5.2	   4.088793e+00   2.887932e-01   3.992024e+00   1.920241e-01   4.015023e+00   2.150230e-01   4.021502e+00   2.215023e-01   4.512613e+00   7.126131e-01
5.3	   4.080325e+00   2.803245e-01   4.000003e+00   2.000029e-01   4.012552e+00   2.125515e-01   4.021056e+00   2.210556e-01   4.515557e+00   7.155573e-01
5.4	   4.068143e+00   2.681432e-01   4.009607e+00   2.096066e-01   4.009930e+00   2.099296e-01   4.020564e+00   2.205645e-01   4.518447e+00   7.184470e-01
5.5	   4.052739e+00   2.527386e-01   4.020375e+00   2.203746e-01   4.007253e+00   2.072531e-01   4.020089e+00   2.200885e-01   4.523162e+00   7.231624e-01
5.6	   4.035071e+00   2.350710e-01   4.031754e+00   2.317541e-01   4.004636e+00   2.046360e-01   4.019635e+00   2.196346e-01   4.528372e+00   7.283716e-01
5.7	   4.016254e+00   2.162545e-01   4.043156e+00   2.431561e-01   4.002207e+00   2.022073e-01   4.019158e+00   2.191580e-01   4.534085e+00   7.340853e-01
5.8	   3.997266e+00   1.972663e-01   4.053834e+00   2.538338e-01   4.000104e+00   2.001044e-01   4.018580e+00   2.185798e-01   4.540360e+00   7.403602e-01
5.9	   3.979048e+00   1.790479e-01   4.063012e+00   2.630124e-01   3.998474e+00   1.984740e-01   4.017819e+00   2.178186e-01   4.547314e+00   7.473141e-01
6	   3.962604e+00   1.626045e-01   4.070017e+00   2.700174e-01   3.997434e+00   1.974335e-01   4.016833e+00   2.168334e-01   4.555767e+00   7.557666e-01
6.1	   3.948935e+00   1.489345e-01   4.074299e+00   2.742991e-01   3.997105e+00   1.971052e-01   4.015656e+00   2.156558e-01   4.564487e+00   7.644874e-01
6.2	   3.938707e+00   1.387070e-01   4.075430e+00   2.754303e-01   3.997592e+00   1.975918e-01   4.014391e+00   2.143909e-01   4.573661e+00   7.736608e-01
6.3	   3.932240e+00   1.322397e-01   4.073167e+00   2.731672e-01   3.998973e+00   1.989725e-01   4.013183e+00   2.131829e-01   4.583639e+00   7.836395e-01
6.4	   3.929949e+00   1.299491e-01   4.067515e+00   2.675151e-01   4.001285e+00   2.012850e-01   4.012157e+00   2.121572e-01   4.593438e+00   7.934376e-01
6.5	   3.932103e+00   1.321027e-01   4.058714e+00   2.587144e-01   4.004529e+00   2.045288e-01   4.011371e+00   2.113707e-01   4.602860e+00   8.028598e-01
6.6	   3.938747e+00   1.387472e-01   4.047210e+00   2.472100e-01   4.008658e+00   2.086582e-01   4.010793e+00   2.107933e-01   4.608083e+00   8.080832e-01
6.7	   3.949563e+00   1.495626e-01   4.033640e+00   2.336405e-01   4.013573e+00   2.135726e-01   4.010325e+00   2.103248e-01   4.612260e+00   8.122600e-01
6.8	   3.964200e+00   1.641996e-01   4.018708e+00   2.187076e-01   4.019120e+00   2.191201e-01   4.009845e+00   2.098451e-01   4.615460e+00   8.154601e-01
6.9	   3.981945e+00   1.819454e-01   4.003231e+00   2.032308e-01   4.025096e+00   2.250961e-01   4.009280e+00   2.092800e-01   4.617663e+00   8.176635e-01
7	   4.001883e+00   2.018830e-01   3.988083e+00   1.880825e-01   4.031246e+00   2.312458e-01   4.008651e+00   2.086510e-01   4.619370e+00   8.193701e-01
7.1	   4.022705e+00   2.227052e-01   3.974037e+00   1.740366e-01   4.037287e+00   2.372869e-01   4.008081e+00   2.080812e-01   4.620761e+00   8.207607e-01
7.2	   4.043467e+00   2.434674e-01   3.961863e+00   1.618632e-01   4.042877e+00   2.428766e-01   4.007747e+00   2.077471e-01   4.621740e+00   8.217401e-01
7.3	   4.062774e+00   2.627737e-01   3.952199e+00   1.521990e-01   4.047667e+00   2.476669e-01   4.007801e+00   2.078012e-01   4.622092e+00   8.220919e-01
7.4	   4.079227e+00   2.792270e-01   3.945585e+00   1.455852e-01   4.051296e+00   2.512956e-01   4.008312e+00   2.083124e-01   4.621538e+00   8.215375e-01
7.5	   4.092630e+00   2.926300e-01   3.942399e+00   1.423993e-01   4.053440e+00   2.534396e-01   4.009253e+00   2.092535e-01   4.619769e+00   8.197692e-01
7.6	   4.102546e+00   3.025462e-01   3.942880e+00   1.428795e-01   4.053830e+00   2.538298e-01   4.010536e+00   2.105362e-01   4.616726e+00   8.167263e-01
7.7	   4.107373e+00   3.073731e-01   3.947141e+00   1.471415e-01   4.052270e+00   2.522702e-01   4.012075e+00   2.120746e-01   4.609046e+00   8.090462e-01
7.8	   4.106198e+00   3.061982e-01   3.955115e+00   1.551153e-01   4.048682e+00   2.486815e-01   4.013834e+00   2.138340e-01   4.595668e+00   7.956678e-01
7.9	   4.098871e+00   2.988713e-01   3.966494e+00   1.664937e-01   4.043106e+00   2.431061e-01   4.015827e+00   2.158268e-01   4.580156e+00   7.801557e-01
8	   4.086660e+00   2.866600e-01   3.980791e+00   1.807914e-01   4.035744e+00   2.357441e-01   4.018076e+00   2.180760e-01   4.562654e+00   7.626542e-01
8.1	   4.072164e+00   2.721642e-01   3.997463e+00   1.974634e-01   4.026876e+00   2.268760e-01   4.020576e+00   2.205764e-01   4.543182e+00   7.431823e-01
8.2	   4.054865e+00   2.548650e-01   4.015678e+00   2.156782e-01   4.016915e+00   2.169145e-01   4.023275e+00   2.232749e-01   4.522169e+00   7.221688e-01
8.3	   4.035798e+00   2.357978e-01   4.034492e+00   2.344918e-01   4.006349e+00   2.063493e-01   4.026073e+00   2.260726e-01   4.500823e+00   7.008232e-01
8.4	   4.016033e+00   2.160329e-01   4.052903e+00   2.529031e-01   3.995727e+00   1.957272e-01   4.028839e+00   2.288394e-01   4.480094e+00   6.800940e-01
8.5	   3.996493e+00   1.964931e-01   4.069727e+00   2.697267e-01   3.985694e+00   1.856942e-01   4.031443e+00   2.314434e-01   4.463279e+00   6.632787e-01
8.6	   3.977996e+00   1.779958e-01   4.083842e+00   2.838421e-01   3.976712e+00   1.767115e-01   4.033711e+00   2.337110e-01   4.454498e+00   6.544981e-01
8.7	   3.961494e+00   1.614945e-01   4.094949e+00   2.949485e-01   3.969301e+00   1.693008e-01   4.035485e+00   2.354854e-01   4.452175e+00   6.521751e-01
8.8	   3.947972e+00   1.479715e-01   4.101741e+00   3.017413e-01   3.963910e+00   1.639102e-01   4.036619e+00   2.366190e-01   4.452042e+00   6.520417e-01
8.9	   3.938035e+00   1.380353e-01   4.102864e+00   3.028643e-01   3.960904e+00   1.609037e-01   4.036974e+00   2.369741e-01   4.452005e+00   6.520052e-01
9	   3.931922e+00   1.319220e-01   4.097968e+00   2.979680e-01   3.960553e+00   1.605529e-01   4.036437e+00   2.364369e-01   4.451975e+00   6.519750e-01
9.1	   3.929952e+00   1.299519e-01   4.087909e+00   2.879095e-01   3.963020e+00   1.630200e-01   4.034933e+00   2.349327e-01   4.451952e+00   6.519523e-01
9.2	   3.932322e+00   1.323219e-01   4.074725e+00   2.747253e-01   3.968338e+00   1.683380e-01   4.032411e+00   2.324114e-01   4.451939e+00   6.519393e-01
9.3	   3.939028e+00   1.390284e-01   4.058255e+00   2.582553e-01   3.976390e+00   1.763902e-01   4.028867e+00   2.288674e-01   4.451937e+00   6.519373e-01
9.4	   3.949717e+00   1.497169e-01   4.039584e+00   2.395836e-01   3.986923e+00   1.869231e-01   4.024352e+00   2.243518e-01   4.451946e+00   6.519458e-01
9.5	   3.964029e+00   1.640291e-01   4.019858e+00   2.198579e-01   3.999571e+00   1.995715e-01   4.018986e+00   2.189860e-01   4.451963e+00   6.519634e-01
9.6	   3.981355e+00   1.813551e-01   4.000226e+00   2.002264e-01   4.013747e+00   2.137468e-01   4.012966e+00   2.129659e-01   4.451987e+00   6.519874e-01
9.7	   4.000913e+00   2.009128e-01   3.981818e+00   1.818183e-01   4.028752e+00   2.287515e-01   4.006551e+00   2.065514e-01   4.452014e+00   6.520144e-01
9.8	   4.021510e+00   2.215100e-01   3.965476e+00   1.654759e-01   4.043789e+00   2.437893e-01   4.000050e+00   2.000501e-01   4.452040e+00   6.520403e-01
9.9	   4.042249e+00   2.422491e-01   3.952010e+00   1.520102e-01   4.057952e+00   2.579521e-01   3.993811e+00   1.938110e-01   4.452062e+00   6.520618e-01
10	   4.061781e+00   2.617813e-01   3.942032e+00   1.420316e-01   4.070272e+00   2.702718e-01   3.988175e+00   1.881754e-01   4.452074e+00   6.520740e-01
10.1	   4.078585e+00   2.785849e-01   3.935880e+00   1.358801e-01   4.079868e+00   2.798682e-01   3.983459e+00   1.834592e-01   4.452073e+00   6.520733e-01
10.2	   4.092320e+00   2.923197e-01   3.933818e+00   1.338185e-01   4.086157e+00   2.861567e-01   3.979976e+00   1.799765e-01   4.452057e+00   6.520575e-01
10.3	   4.102610e+00   3.026097e-01   3.935930e+00   1.359298e-01   4.088502e+00   2.885020e-01   3.978007e+00   1.780070e-01   4.452025e+00   6.520247e-01
10.4	   4.107818e+00   3.078180e-01   3.942133e+00   1.421331e-01   4.086310e+00   2.863096e-01   3.977783e+00   1.777829e-01   4.451974e+00   6.519743e-01
10.5	   4.107049e+00   3.070491e-01   3.952184e+00   1.521836e-01   4.080162e+00   2.801619e-01   3.979469e+00   1.794693e-01   4.451907e+00   6.519073e-01
10.6	   4.100112e+00   3.001124e-01   3.965573e+00   1.655732e-01   4.070214e+00   2.702139e-01   3.983145e+00   1.831448e-01   4.451827e+00   6.518266e-01
10.7	   4.088020e+00   2.880197e-01   3.981630e+00   1.816299e-01   4.057048e+00   2.570483e-01   3.988798e+00   1.887978e-01   4.451737e+00   6.517367e-01
10.8	   4.073713e+00   2.737130e-01   3.999672e+00   1.996715e-01   4.041491e+00   2.414908e-01   3.996285e+00   1.962846e-01   4.451643e+00   6.516432e-01
10.9	   4.056580e+00   2.565805e-01   4.018754e+00   2.187544e-01   4.024480e+00   2.244801e-01   4.005320e+00   2.053203e-01   4.451553e+00   6.515534e-01
11	   4.037609e+00   2.376089e-01   4.037892e+00   2.378924e-01   4.006974e+00   2.069737e-01   4.015499e+00   2.154992e-01   4.451473e+00   6.514731e-01
11.1	   4.017852e+00   2.178525e-01   4.056077e+00   2.560765e-01   3.989968e+00   1.899684e-01   4.026311e+00   2.263113e-01   4.451408e+00   6.514084e-01
11.2	   3.998270e+00   1.982698e-01   4.072225e+00   2.722253e-01   3.974370e+00   1.743701e-01   4.037203e+00   2.372035e-01   4.451366e+00   6.513655e-01
11.3	   3.979663e+00   1.796627e-01   4.085453e+00   2.854533e-01   3.960938e+00   1.609375e-01   4.047565e+00   2.475653e-01   4.451350e+00   6.513498e-01
11.4	   3.962966e+00   1.629657e-01   4.095586e+00   2.955856e-01   3.950332e+00   1.503324e-01   4.056723e+00   2.567228e-01   4.451365e+00   6.513654e-01
11.5	   3.949178e+00   1.491776e-01   4.101423e+00   3.014230e-01   3.943113e+00   1.431129e-01   4.064064e+00   2.640641e-01   4.451417e+00   6.514165e-01
11.6	   3.938944e+00   1.389441e-01   4.101909e+00   3.019092e-01   3.939600e+00   1.395999e-01   4.069052e+00   2.690518e-01   4.451507e+00   6.515073e-01
11.7	   3.932493e+00   1.324930e-01   4.096825e+00   2.968254e-01   3.940002e+00   1.400019e-01   4.071259e+00   2.712590e-01   4.451640e+00   6.516403e-01
11.8	   3.930137e+00   1.301366e-01   4.087042e+00   2.870421e-01   3.944381e+00   1.443809e-01   4.070418e+00   2.704175e-01   4.451816e+00   6.518163e-01
11.9	   3.932085e+00   1.320853e-01   4.074181e+00   2.741812e-01   3.952637e+00   1.526371e-01   4.066462e+00   2.664618e-01   4.452033e+00   6.520329e-01
12	   3.938360e+00   1.383600e-01   4.058129e+00   2.581294e-01   3.964439e+00   1.644393e-01   4.059544e+00   2.595439e-01   4.452284e+00   6.522836e-01
12.1	   3.948639e+00   1.486394e-01   4.039874e+00   2.398740e-01   3.979238e+00   1.792376e-01   4.050014e+00   2.500140e-01   4.452558e+00   6.525582e-01
12.2	   3.962563e+00   1.625627e-01   4.020496e+00   2.204958e-01   3.996356e+00   1.963562e-01   4.038430e+00   2.384303e-01   4.452844e+00   6.528441e-01
12.3	   3.979563e+00   1.795627e-01   4.001104e+00   2.011043e-01   4.014912e+00   2.149120e-01   4.025419e+00   2.254188e-01   4.453121e+00   6.531206e-01
12.4	   3.998874e+00   1.988742e-01   3.982804e+00   1.828043e-01   4.033899e+00   2.338995e-01   4.011666e+00   2.116660e-01   4.453366e+00   6.533659e-01
12.5	   4.019327e+00   2.193272e-01   3.966443e+00   1.664427e-01   4.052233e+00   2.522332e-01   3.997912e+00   1.979121e-01   4.453557e+00   6.535571e-01
12.6	   4.039993e+00   2.399927e-01   3.952830e+00   1.528305e-01   4.068739e+00   2.687386e-01   3.984944e+00   1.849443e-01   4.453672e+00   6.536720e-01
12.7	   4.059603e+00   2.596033e-01   3.942589e+00   1.425891e-01   4.082323e+00   2.823233e-01   3.973383e+00   1.733833e-01   4.453695e+00   6.536949e-01
12.8	   4.076594e+00   2.765942e-01   3.936078e+00   1.360776e-01   4.092596e+00   2.925961e-01   3.963865e+00   1.638649e-01   4.453616e+00   6.536165e-01
12.9	   4.090417e+00   2.904173e-01   3.933576e+00   1.335758e-01   4.098516e+00   2.985159e-01   3.956925e+00   1.569255e-01   4.453436e+00   6.534361e-01
13	   4.100925e+00   3.009248e-01   3.935202e+00   1.352023e-01   4.099011e+00   2.990109e-01   3.952992e+00   1.529915e-01   4.453163e+00   6.531629e-01
13.1	   4.106531e+00   3.065314e-01   3.940907e+00   1.409069e-01   4.093934e+00   2.939341e-01   3.952355e+00   1.523547e-01   4.452815e+00   6.528148e-01
13.2	   4.106282e+00   3.062824e-01   3.950497e+00   1.504972e-01   4.084525e+00   2.845245e-01   3.955135e+00   1.551351e-01   4.452417e+00   6.524168e-01
13.3	   4.099926e+00   2.999264e-01   3.963518e+00   1.635181e-01   4.071840e+00   2.718405e-01   3.961269e+00   1.612691e-01   4.451996e+00   6.519958e-01
13.4	   4.088324e+00   2.883244e-01   3.979338e+00   1.793377e-01   4.056201e+00   2.562009e-01   3.970509e+00   1.705086e-01   4.451578e+00   6.515778e-01
13.5	   4.074382e+00   2.743820e-01   3.997287e+00   1.972869e-01   4.038635e+00   2.386355e-01   3.982432e+00   1.824317e-01   4.451186e+00   6.511859e-01
13.6	   4.057576e+00   2.575758e-01   4.016475e+00   2.164746e-01   4.020172e+00   2.201719e-01   3.996535e+00   1.965352e-01   4.450840e+00   6.508396e-01
13.7	   4.038859e+00   2.388590e-01   4.035904e+00   2.359042e-01   4.001833e+00   2.018334e-01   4.012094e+00   2.120939e-01   4.450551e+00   6.505509e-01
13.8	   4.019257e+00   2.192566e-01   4.054540e+00   2.545395e-01   3.984624e+00   1.846237e-01   4.028266e+00   2.282658e-01   4.450325e+00   6.503250e-01
13.9	   3.999752e+00   1.997516e-01   4.071262e+00   2.712618e-01   3.969336e+00   1.693361e-01   4.044204e+00   2.442039e-01   4.450164e+00   6.501640e-01
14	   3.981126e+00   1.811263e-01   4.085097e+00   2.850970e-01   3.956667e+00   1.566666e-01   4.058920e+00   2.589204e-01   4.450066e+00   6.500663e-01
14.1	   3.964294e+00   1.642943e-01   4.095864e+00   2.958640e-01   3.947161e+00   1.471610e-01   4.071451e+00   2.714514e-01   4.450032e+00   6.500323e-01
14.2	   3.950281e+00   1.502805e-01   4.102316e+00   3.023162e-01   3.941235e+00   1.412349e-01   4.080981e+00   2.809806e-01   4.450065e+00   6.500645e-01
14.3	   3.939761e+00   1.397613e-01   4.103288e+00   3.032877e-01   3.939076e+00   1.390762e-01   4.087015e+00   2.870154e-01   4.450170e+00   6.501702e-01
14.4	   3.932981e+00   1.329806e-01   4.098505e+00   2.985054e-01   3.940760e+00   1.407603e-01   4.088849e+00   2.888493e-01   4.450362e+00   6.503621e-01
14.5	   3.930245e+00   1.302449e-01   4.088680e+00   2.886797e-01   3.946236e+00   1.462358e-01   4.086056e+00   2.860565e-01   4.450657e+00   6.506567e-01
14.6	   3.931785e+00   1.317850e-01   4.075883e+00   2.758825e-01   3.955273e+00   1.552733e-01   4.079418e+00   2.794175e-01   4.451070e+00   6.510704e-01
14.7	   3.937649e+00   1.376489e-01   4.059821e+00   2.598211e-01   3.967467e+00   1.674670e-01   4.069101e+00   2.691010e-01   4.451614e+00   6.516143e-01
14.8	   3.947562e+00   1.475621e-01   4.041482e+00   2.414816e-01   3.982245e+00   1.822451e-01   4.055781e+00   2.557812e-01   4.452291e+00   6.522911e-01
14.9	   3.961153e+00   1.611533e-01   4.021970e+00   2.219703e-01   3.998980e+00   1.989796e-01   4.040348e+00   2.403483e-01   4.453087e+00   6.530872e-01
15	   3.977900e+00   1.779002e-01   4.002414e+00   2.024137e-01   4.016853e+00   2.168531e-01   4.023759e+00   2.237586e-01   4.453965e+00   6.539651e-01
15.1	   3.997053e+00   1.970525e-01   3.983927e+00   1.839272e-01   4.034975e+00   2.349748e-01   4.006927e+00   2.069273e-01   4.454865e+00   6.548648e-01
15.2	   4.017471e+00   2.174711e-01   3.967403e+00   1.674030e-01   4.052386e+00   2.523864e-01   3.990805e+00   1.908054e-01   4.455708e+00   6.557082e-01
15.3	   4.038187e+00   2.381869e-01   3.953660e+00   1.536605e-01   4.068059e+00   2.680591e-01   3.976224e+00   1.762239e-01   4.456409e+00   6.564087e-01
15.4	   4.058004e+00   2.580042e-01   3.943338e+00   1.433380e-01   4.081020e+00   2.810202e-01   3.963894e+00   1.638938e-01   4.456880e+00   6.568803e-01
15.5	   4.075315e+00   2.753152e-01   3.936791e+00   1.367910e-01   4.090857e+00   2.908565e-01   3.954408e+00   1.544076e-01   4.457059e+00   6.570593e-01
15.6	   4.089446e+00   2.894459e-01   3.934273e+00   1.342732e-01   4.096744e+00   2.967440e-01   3.948185e+00   1.481855e-01   4.456911e+00   6.569112e-01
15.7	   4.100383e+00   3.003827e-01   3.935882e+00   1.358824e-01   4.097653e+00   2.976526e-01   3.945533e+00   1.455334e-01   4.456444e+00   6.564442e-01
15.8	   4.106562e+00   3.065621e-01   3.941543e+00   1.415428e-01   4.093295e+00   2.932953e-01   3.946534e+00   1.465342e-01   4.455699e+00   6.556994e-01
15.9	   4.106952e+00   3.069520e-01   3.951033e+00   1.510334e-01   4.084662e+00   2.846617e-01   3.951168e+00   1.511685e-01   4.454758e+00   6.547576e-01
16	   4.101222e+00   3.012219e-01   3.963889e+00   1.638886e-01   4.072697e+00   2.726973e-01   3.959221e+00   1.592208e-01   4.453718e+00   6.537175e-01
16.1	   4.090032e+00   2.900322e-01   3.979471e+00   1.794712e-01   4.057672e+00   2.576715e-01   3.970324e+00   1.703243e-01   4.452675e+00   6.526755e-01
16.2	   4.076322e+00   2.763221e-01   3.997123e+00   1.971230e-01   4.040542e+00   2.405425e-01   3.983959e+00   1.839588e-01   4.451716e+00   6.517165e-01
16.3	   4.059805e+00   2.598052e-01   4.015982e+00   2.159821e-01   4.022322e+00   2.223223e-01   3.999544e+00   1.995439e-01   4.450903e+00   6.509030e-01
16.4	   4.041263e+00   2.412629e-01   4.035088e+00   2.350882e-01   4.004032e+00   2.040324e-01   4.016270e+00   2.162705e-01   4.450270e+00   6.502698e-01
16.5	   4.021728e+00   2.217278e-01   4.053450e+00   2.534497e-01   3.986693e+00   1.866928e-01   4.033255e+00   2.332552e-01   4.449822e+00   6.498221e-01
16.6	   4.002202e+00   2.022022e-01   4.069989e+00   2.699887e-01   3.971160e+00   1.711604e-01   4.049639e+00   2.496395e-01   4.449541e+00   6.495409e-01
16.7	   3.983473e+00   1.834728e-01   4.083718e+00   2.837175e-01   3.958164e+00   1.581636e-01   4.064383e+00   2.643826e-01   4.449388e+00   6.493877e-01
16.8	   3.966448e+00   1.664476e-01   4.094444e+00   2.944439e-01   3.948280e+00   1.482796e-01   4.076545e+00   2.765452e-01   4.449319e+00   6.493187e-01
16.9	   3.952159e+00   1.521586e-01   4.101065e+00   3.010647e-01   3.941976e+00   1.419762e-01   4.085451e+00   2.854508e-01   4.449301e+00   6.493011e-01
17	   3.941327e+00   1.413274e-01   4.102409e+00   3.024089e-01   3.939449e+00   1.394492e-01   4.090567e+00   2.905673e-01   4.449325e+00   6.493251e-01
17.1	   3.934230e+00   1.342299e-01   4.098130e+00   2.981300e-01   3.940806e+00   1.408060e-01   4.091102e+00   2.911017e-01   4.449409e+00   6.494093e-01
17.2	   3.931161e+00   1.311609e-01   4.088835e+00   2.888353e-01   3.946009e+00   1.460093e-01   4.086878e+00   2.868780e-01   4.449599e+00   6.495991e-01
17.3	   3.932349e+00   1.323493e-01   4.076530e+00   2.765304e-01   3.954841e+00   1.548414e-01   4.078998e+00   2.789982e-01   4.449955e+00   6.499551e-01
17.4	   3.937846e+00   1.378461e-01   4.060950e+00   2.609500e-01   3.966896e+00   1.668961e-01   4.067575e+00   2.675748e-01   4.450539e+00   6.505385e-01
17.5	   3.947403e+00   1.474029e-01   4.043035e+00   2.430349e-01   3.981592e+00   1.815918e-01   4.053395e+00   2.533954e-01   4.451393e+00   6.513927e-01
17.6	   3.960622e+00   1.606216e-01   4.023876e+00   2.238763e-01   3.998276e+00   1.982765e-01   4.037443e+00   2.374433e-01   4.452528e+00   6.525281e-01
17.7	   3.977008e+00   1.770077e-01   4.004562e+00   2.045618e-01   4.016122e+00   2.161223e-01   4.020703e+00   2.207031e-01   4.453907e+00   6.539068e-01
17.8	   3.995819e+00   1.958189e-01   3.986186e+00   1.861858e-01   4.034231e+00   2.342307e-01   4.004120e+00   2.041203e-01   4.455438e+00   6.554385e-01
17.9	   4.015954e+00   2.159541e-01   3.969655e+00   1.696551e-01   4.051648e+00   2.516480e-01   3.988603e+00   1.886029e-01   4.456979e+00   6.569794e-01
18	   4.036403e+00   2.364034e-01   3.955779e+00   1.557792e-01   4.067349e+00   2.673495e-01   3.974869e+00   1.748686e-01   4.458359e+00   6.583592e-01
18.1	   4.056058e+00   2.560577e-01   3.945210e+00   1.452101e-01   4.080373e+00   2.803732e-01   3.963509e+00   1.635089e-01   4.459399e+00   6.593995e-01
18.2	   4.073317e+00   2.733166e-01   3.938347e+00   1.383471e-01   4.090287e+00   2.902868e-01   3.954963e+00   1.549629e-01   4.459953e+00   6.599530e-01
18.3	   4.087367e+00   2.873668e-01   3.935451e+00   1.354511e-01   4.096349e+00   2.963492e-01   3.949553e+00   1.495528e-01   4.459942e+00   6.599425e-01
18.4	   4.098348e+00   2.983476e-01   3.936654e+00   1.366543e-01   4.097524e+00   2.975239e-01   3.947491e+00   1.474913e-01   4.459363e+00   6.593626e-01
18.5	   4.104911e+00   3.049114e-01   3.941906e+00   1.419062e-01   4.093483e+00   2.934829e-01   3.948839e+00   1.488390e-01   4.458289e+00   6.582894e-01
18.6	   4.106012e+00   3.060116e-01   3.951012e+00   1.510123e-01   4.085126e+00   2.851260e-01   3.953536e+00   1.535362e-01   4.456877e+00   6.568767e-01
18.7	   4.101204e+00   3.012037e-01   3.963524e+00   1.635244e-01   4.073472e+00   2.734721e-01   3.961365e+00   1.613653e-01   4.455295e+00   6.552950e-01
18.8	   4.090898e+00   2.908980e-01   3.978810e+00   1.788098e-01   4.058743e+00   2.587434e-01   3.971968e+00   1.719684e-01   4.453725e+00   6.537246e-01
18.9	   4.077807e+00   2.778068e-01   3.996204e+00   1.962044e-01   4.041876e+00   2.418756e-01   3.984892e+00   1.848923e-01   4.452302e+00   6.523021e-01
19	   4.061923e+00   2.619229e-01   4.014860e+00   2.148602e-01   4.023880e+00   2.238801e-01   3.999647e+00   1.996473e-01   4.451134e+00   6.511342e-01
19.1	   4.043892e+00   2.438924e-01   4.033817e+00   2.338169e-01   4.005753e+00   2.057526e-01   4.015547e+00   2.155468e-01   4.450271e+00   6.502709e-01
19.2	   4.024752e+00   2.247523e-01   4.052085e+00   2.520848e-01   3.988489e+00   1.884894e-01   4.031818e+00   2.318181e-01   4.449709e+00   6.497091e-01
19.3	   4.005480e+00   2.054799e-01   4.068602e+00   2.686025e-01   3.972957e+00   1.729568e-01   4.047695e+00   2.476954e-01   4.449402e+00   6.494016e-01
19.4	   3.986845e+00   1.868452e-01   4.082359e+00   2.823586e-01   3.959866e+00   1.598664e-01   4.062212e+00   2.622121e-01   4.449271e+00   6.492714e-01
19.5	   3.969734e+00   1.697344e-01   4.093116e+00   2.931160e-01   3.949794e+00   1.497939e-01   4.074439e+00   2.744394e-01   4.449236e+00   6.492356e-01
19.6	   3.955170e+00   1.551701e-01   4.099923e+00   2.999231e-01   3.943202e+00   1.432018e-01   4.083639e+00   2.836393e-01   4.449232e+00   6.492317e-01
19.7	   3.943909e+00   1.439092e-01   4.101606e+00   3.016064e-01   3.940306e+00   1.403060e-01   4.089307e+00   2.893069e-01   4.449236e+00   6.492361e-01
19.8	   3.936294e+00   1.362939e-01   4.097767e+00   2.977665e-01   3.941219e+00   1.412195e-01   4.090608e+00   2.906081e-01   4.449275e+00   6.492755e-01
19.9	   3.932610e+00   1.326102e-01   4.088935e+00   2.889348e-01   3.945922e+00   1.459218e-01   4.087139e+00   2.871391e-01   4.449418e+00   6.494177e-01
20	   3.933112e+00   1.331118e-01   4.077060e+00   2.770604e-01   3.954226e+00   1.542262e-01   4.079839e+00   2.798391e-01   4.449751e+00   6.497509e-01
20.1	   3.937882e+00   1.378822e-01   4.061913e+00   2.619130e-01   3.965759e+00   1.657589e-01   4.068806e+00   2.688062e-01   4.450359e+00   6.503588e-01
20.2	   3.946726e+00   1.467256e-01   4.044405e+00   2.444049e-01   3.979975e+00   1.799749e-01   4.054716e+00   2.547160e-01   4.451294e+00   6.512940e-01
20.3	   3.959231e+00   1.592308e-01   4.025620e+00   2.256204e-01   3.996246e+00   1.962461e-01   4.038530e+00   2.385304e-01   4.452560e+00   6.525604e-01
20.4	   3.974944e+00   1.749444e-01   4.006606e+00   2.066061e-01   4.013794e+00   2.137944e-01   4.021299e+00   2.212992e-01   4.454103e+00   6.541025e-01
20.5	   3.993146e+00   1.931459e-01   3.988431e+00   1.884310e-01   4.031745e+00   2.317453e-01   4.004060e+00   2.040598e-01   4.455798e+00   6.557976e-01
20.6	   4.012804e+00   2.128040e-01   3.971997e+00   1.719970e-01   4.049158e+00   2.491585e-01   3.987870e+00   1.878703e-01   4.457476e+00   6.574763e-01
20.7	   4.032913e+00   2.329125e-01   3.958081e+00   1.580814e-01   4.065026e+00   2.650262e-01   3.973604e+00   1.736042e-01   4.458942e+00   6.589416e-01
20.8	   4.052489e+00   2.524891e-01   3.947316e+00   1.473159e-01   4.078364e+00   2.783639e-01   3.961968e+00   1.619681e-01   4.459995e+00   6.599946e-01
20.9	   4.070022e+00   2.700221e-01   3.940152e+00   1.401522e-01   4.088599e+00   2.885994e-01   3.953457e+00   1.534569e-01   4.460488e+00   6.604882e-01
21	   4.084542e+00   2.845423e-01   3.936803e+00   1.368033e-01   4.095159e+00   2.951592e-01   3.948330e+00   1.483299e-01   4.460351e+00   6.603510e-01
21.1	   4.096254e+00   2.962542e-01   3.937428e+00   1.374283e-01   4.096967e+00   2.969670e-01   3.946712e+00   1.467121e-01   4.459609e+00   6.596094e-01
21.2	   4.104005e+00   3.040055e-01   3.941999e+00   1.419989e-01   4.093579e+00   2.935793e-01   3.948460e+00   1.484596e-01   4.458374e+00   6.583738e-01
21.3	   4.106458e+00   3.064581e-01   3.950361e+00   1.503613e-01   4.085718e+00   2.857184e-01   3.953405e+00   1.534048e-01   4.456819e+00   6.568187e-01
21.4	   4.102860e+00   3.028600e-01   3.962114e+00   1.621139e-01   4.074498e+00   2.744984e-01   3.961291e+00   1.612908e-01   4.455131e+00   6.551313e-01
21.5	   4.093367e+00   2.933667e-01   3.976676e+00   1.766756e-01   4.060086e+00   2.600863e-01   3.971807e+00   1.718070e-01   4.453499e+00   6.534990e-01
21.6	   4.080474e+00   2.804744e-01   3.993417e+00   1.934174e-01   4.043394e+00   2.433935e-01   3.984610e+00   1.846098e-01   4.452067e+00   6.520666e-01
21.7	   4.064914e+00   2.649141e-01   4.011571e+00   2.115709e-01   4.025450e+00   2.254498e-01   3.999317e+00   1.993169e-01   4.450925e+00   6.509253e-01
21.8	   4.047029e+00   2.470287e-01   4.030221e+00   2.302206e-01   4.007242e+00   2.072419e-01   4.015311e+00   2.153107e-01   4.450112e+00   6.501115e-01
21.9	   4.027878e+00   2.278780e-01   4.048396e+00   2.483963e-01   3.989784e+00   1.897840e-01   4.031844e+00   2.318439e-01   4.449607e+00   6.496067e-01
22	   4.008450e+00   2.084496e-01   4.065087e+00   2.650867e-01   3.973986e+00   1.739862e-01   4.048111e+00   2.481105e-01   4.449349e+00   6.493485e-01
22.1	   3.989514e+00   1.895138e-01   4.079250e+00   2.792497e-01   3.960584e+00   1.605842e-01   4.063079e+00   2.630795e-01   4.449252e+00   6.492518e-01
22.2	   3.971960e+00   1.719595e-01   4.090422e+00   2.904224e-01   3.950182e+00   1.501823e-01   4.075749e+00   2.757493e-01   4.449232e+00   6.492321e-01
22.3	   3.956818e+00   1.568185e-01   4.097999e+00   2.979990e-01   3.943257e+00   1.432568e-01   4.085334e+00   2.853341e-01   4.449231e+00   6.492315e-01
22.4	   3.944896e+00   1.448956e-01   4.100716e+00   3.007160e-01   3.940037e+00   1.400372e-01   4.091217e+00   2.912171e-01   4.449238e+00   6.492379e-01
22.5	   3.936580e+00   1.365796e-01   4.097974e+00   2.979741e-01   3.940640e+00   1.406401e-01   4.092414e+00   2.924143e-01   4.449292e+00   6.492920e-01
22.6	   3.932161e+00   1.321614e-01   4.090072e+00   2.900722e-01   3.945040e+00   1.450399e-01   4.088504e+00   2.885044e-01   4.449473e+00   6.494734e-01
22.7	   3.931923e+00   1.319234e-01   4.078847e+00   2.788469e-01   3.953060e+00   1.530598e-01   4.080536e+00   2.805359e-01   4.449874e+00   6.498739e-01
22.8	   3.935976e+00   1.359760e-01   4.064263e+00   2.642628e-01   3.964334e+00   1.643339e-01   4.068755e+00   2.687548e-01   4.450575e+00   6.505749e-01
22.9	   3.944172e+00   1.441717e-01   4.047108e+00   2.471084e-01   3.978332e+00   1.783325e-01   4.053857e+00   2.538574e-01   4.451616e+00   6.516163e-01
23	   3.956116e+00   1.561160e-01   4.028473e+00   2.284727e-01   3.994433e+00   1.944326e-01   4.036925e+00   2.369250e-01   4.452985e+00   6.529847e-01
23.1	   3.971415e+00   1.714149e-01   4.009399e+00   2.093985e-01   4.011889e+00   2.118891e-01   4.019132e+00   2.191320e-01   4.454606e+00   6.546058e-01
23.2	   3.989373e+00   1.893728e-01   3.990969e+00   1.909686e-01   4.029849e+00   2.298487e-01   4.001639e+00   2.016393e-01   4.456347e+00   6.563475e-01
23.3	   4.009052e+00   2.090522e-01   3.974143e+00   1.741430e-01   4.047377e+00   2.473769e-01   3.985536e+00   1.855360e-01   4.458015e+00   6.580146e-01
23.4	   4.029414e+00   2.294142e-01   3.959706e+00   1.597058e-01   4.063482e+00   2.634815e-01   3.971663e+00   1.716629e-01   4.459404e+00   6.594039e-01
23.5	   4.049500e+00   2.495004e-01   3.948326e+00   1.483264e-01   4.077169e+00   2.771695e-01   3.960659e+00   1.606590e-01   4.460330e+00   6.603305e-01
23.6	   4.067800e+00   2.677997e-01   3.940496e+00   1.404963e-01   4.087800e+00   2.878004e-01   3.952872e+00   1.528721e-01   4.460664e+00   6.606638e-01
23.7	   4.083149e+00   2.831494e-01   3.936448e+00   1.364482e-01   4.094882e+00   2.948817e-01   3.948413e+00   1.484132e-01   4.460357e+00   6.603567e-01
23.8	   4.095690e+00   2.956895e-01   3.936378e+00   1.363776e-01   4.097299e+00   2.972992e-01   3.947296e+00   1.472960e-01   4.459460e+00   6.594600e-01
23.9	   4.104351e+00   3.043510e-01   3.940288e+00   1.402881e-01   4.094512e+00   2.945121e-01   3.949259e+00   1.492587e-01   4.458104e+00   6.581040e-01
24	   4.107628e+00   3.076278e-01   3.948062e+00   1.480616e-01   4.087011e+00   2.870109e-01   3.954114e+00   1.541143e-01   4.456472e+00   6.564718e-01
24.1	   4.104684e+00   3.046845e-01   3.959351e+00   1.593505e-01   4.076169e+00   2.761689e-01   3.961666e+00   1.616659e-01   4.454763e+00   6.547634e-01
24.2	   4.095604e+00   2.956042e-01   3.973610e+00   1.736098e-01   4.062011e+00   2.620108e-01   3.971788e+00   1.717882e-01   4.453151e+00   6.531510e-01
24.3	   4.082644e+00   2.826440e-01   3.990217e+00   1.902171e-01   4.045423e+00   2.454229e-01   3.984309e+00   1.843086e-01   4.451769e+00   6.517691e-01
24.4	   4.067196e+00   2.671956e-01   4.008442e+00   2.084418e-01   4.027454e+00   2.274537e-01   3.998948e+00   1.989483e-01   4.450697e+00   6.506974e-01
24.5	   4.049286e+00   2.492863e-01   4.027378e+00   2.273782e-01   4.009088e+00   2.090878e-01   4.015111e+00   2.151105e-01   4.449958e+00   6.499584e-01
24.6	   4.029977e+00   2.299770e-01   4.046029e+00   2.460292e-01   3.991354e+00   1.913545e-01   4.031981e+00   2.319813e-01   4.449518e+00   6.495185e-01
24.7	   4.010299e+00   2.102992e-01   4.063374e+00   2.633737e-01   3.975203e+00   1.752027e-01   4.048667e+00   2.486674e-01   4.449309e+00   6.493089e-01
24.8	   3.991049e+00   1.910489e-01   4.078311e+00   2.783107e-01   3.961388e+00   1.613875e-01   4.064033e+00   2.640335e-01   4.449240e+00   6.492404e-01
24.9	   3.973113e+00   1.731133e-01   4.090288e+00   2.902880e-01   3.950543e+00   1.505429e-01   4.076986e+00   2.769857e-01   4.449231e+00   6.492315e-01
25	   3.957533e+00   1.575329e-01   4.098758e+00   2.987576e-01   3.943162e+00   1.431621e-01   4.086729e+00   2.867289e-01   4.449232e+00   6.492315e-01
25.1	   3.945159e+00   1.451595e-01   4.102313e+00   3.023128e-01   3.939494e+00   1.394935e-01   4.092550e+00   2.925498e-01   4.449239e+00   6.492388e-01
25.2	   3.936410e+00   1.364103e-01   4.100221e+00   3.002214e-01   3.939668e+00   1.396679e-01   4.093401e+00   2.934014e-01   4.449302e+00   6.493024e-01
25.3	   3.931565e+00   1.315653e-01   4.092698e+00   2.926981e-01   3.943664e+00   1.436645e-01   4.088970e+00   2.889700e-01   4.449506e+00   6.495063e-01
25.4	   3.930914e+00   1.309142e-01   4.081453e+00   2.814532e-01   3.951329e+00   1.513293e-01   4.080473e+00   2.804735e-01   4.449941e+00   6.499413e-01
25.5	   3.934581e+00   1.345815e-01   4.066977e+00   2.669773e-01   3.962316e+00   1.623161e-01   4.068211e+00   2.682113e-01   4.450683e+00   6.506830e-01
25.6	   3.942450e+00   1.424498e-01   4.049798e+00   2.497981e-01   3.976121e+00   1.761214e-01   4.052956e+00   2.529564e-01   4.451766e+00   6.517659e-01
25.7	   3.954130e+00   1.541297e-01   4.031001e+00   2.310007e-01   3.992126e+00   1.921262e-01   4.035835e+00   2.358350e-01   4.453165e+00   6.531650e-01
25.8	   3.969259e+00   1.692591e-01   4.011651e+00   2.116505e-01   4.009612e+00   2.096119e-01   4.018038e+00   2.180375e-01   4.454800e+00   6.547997e-01
25.9	   3.987165e+00   1.871647e-01   3.992826e+00   1.928261e-01   4.027740e+00   2.277397e-01   4.000733e+00   2.007331e-01   4.456534e+00   6.565343e-01
26	   4.006964e+00   2.069636e-01   3.975517e+00   1.755175e-01   4.045569e+00   2.455693e-01   3.984998e+00   1.849976e-01   4.458180e+00   6.581797e-01
26.1	   4.027579e+00   2.275788e-01   3.960499e+00   1.604989e-01   4.062114e+00   2.621139e-01   3.971618e+00   1.716179e-01   4.459529e+00   6.595288e-01
26.2	   4.048069e+00   2.480688e-01   3.948473e+00   1.484731e-01   4.076356e+00   2.763558e-01   3.961167e+00   1.611671e-01   4.460405e+00   6.604046e-01
26.3	   4.066906e+00   2.669057e-01   3.939965e+00   1.399647e-01   4.087602e+00   2.876022e-01   3.953915e+00   1.539152e-01   4.460685e+00   6.606851e-01
26.4	   4.082801e+00   2.828006e-01   3.935240e+00   1.352398e-01   4.095401e+00   2.954012e-01   3.949891e+00   1.498914e-01   4.460331e+00   6.603311e-01
26.5	   4.095856e+00   2.958562e-01   3.934535e+00   1.345349e-01   4.098546e+00   2.985461e-01   3.948992e+00   1.489917e-01   4.459400e+00   6.594000e-01
26.6	   4.104999e+00   3.049994e-01   3.937889e+00   1.378891e-01   4.096378e+00   2.963781e-01   3.951015e+00   1.510152e-01   4.458026e+00   6.580259e-01
26.7	   4.108653e+00   3.086531e-01   3.945220e+00   1.452201e-01   4.089120e+00   2.891202e-01   3.955787e+00   1.557871e-01   4.456392e+00   6.563919e-01
26.8	   4.106014e+00   3.060138e-01   3.956236e+00   1.562360e-01   4.078524e+00   2.785243e-01   3.963160e+00   1.631596e-01   4.454692e+00   6.546922e-01
26.9	   4.097152e+00   2.971521e-01   3.970416e+00   1.704157e-01   4.064502e+00   2.645022e-01   3.972993e+00   1.729931e-01   4.453095e+00   6.530951e-01
27	   4.084104e+00   2.841039e-01   3.987131e+00   1.871311e-01   4.047912e+00   2.479124e-01   3.985104e+00   1.851043e-01   4.451731e+00   6.517313e-01
27.1	   4.068726e+00   2.687258e-01   4.005656e+00   2.056561e-01   4.029833e+00   2.298328e-01   3.999233e+00   1.992329e-01   4.450676e+00   6.506761e-01
27.2	   4.050794e+00   2.507937e-01   4.025078e+00   2.250783e-01   4.011295e+00   2.112949e-01   4.014821e+00   2.148209e-01   4.449949e+00   6.499487e-01
27.3	   4.031358e+00   2.313582e-01   4.044351e+00   2.443512e-01   3.993356e+00   1.933565e-01   4.031076e+00   2.310755e-01   4.449515e+00   6.495146e-01
27.4	   4.011472e+00   2.114721e-01   4.062425e+00   2.624250e-01   3.977019e+00   1.770193e-01   4.047125e+00   2.471250e-01   4.449308e+00   6.493077e-01
27.5	   3.991966e+00   1.919661e-01   4.078156e+00   2.781557e-01   3.963033e+00   1.630330e-01   4.061882e+00   2.618819e-01   4.449240e+00   6.492402e-01
27.6	   3.973722e+00   1.737217e-01   4.090985e+00   2.909846e-01   3.952031e+00   1.520309e-01   4.074318e+00   2.743178e-01   4.449232e+00   6.492316e-01
27.7	   3.957785e+00   1.577847e-01   4.100395e+00   3.003951e-01   3.944471e+00   1.444711e-01   4.083600e+00   2.835997e-01   4.449232e+00   6.492317e-01
27.8	   3.945058e+00   1.450578e-01   4.104850e+00   3.048495e-01   3.940564e+00   1.405638e-01   4.089144e+00   2.891437e-01   4.449237e+00   6.492374e-01
27.9	   3.935987e+00   1.359868e-01   4.103490e+00   3.034901e-01   3.940380e+00   1.403799e-01   4.090090e+00   2.900898e-01   4.449295e+00   6.492949e-01
28	   3.930853e+00   1.308525e-01   4.096442e+00   2.964422e-01   3.943865e+00   1.438648e-01   4.086159e+00   2.861589e-01   4.449485e+00   6.494848e-01
28.1	   3.929949e+00   1.299485e-01   4.085102e+00   2.851016e-01   3.950858e+00   1.508583e-01   4.078307e+00   2.783072e-01   4.449899e+00   6.498985e-01
28.2	   3.933421e+00   1.334210e-01   4.070809e+00   2.708086e-01   3.961044e+00   1.610441e-01   4.066725e+00   2.667250e-01   4.450607e+00   6.506066e-01
28.3	   3.941179e+00   1.411793e-01   4.053617e+00   2.536174e-01   3.973988e+00   1.739881e-01   4.052235e+00   2.522346e-01   4.451649e+00   6.516493e-01
28.4	   3.952832e+00   1.528319e-01   4.034587e+00   2.345866e-01   3.989153e+00   1.891532e-01   4.035915e+00   2.359148e-01   4.453009e+00   6.530090e-01
28.5	   3.968025e+00   1.680252e-01   4.014809e+00   2.148087e-01   4.005935e+00   2.059348e-01   4.018894e+00   2.188937e-01   4.454611e+00   6.546108e-01
28.6	   3.986094e+00   1.860941e-01   3.995381e+00   1.953806e-01   4.023579e+00   2.235794e-01   4.002289e+00   2.022886e-01   4.456328e+00   6.563284e-01
28.7	   4.006170e+00   2.061701e-01   3.977363e+00   1.773627e-01   4.041183e+00   2.411827e-01   3.987133e+00   1.871327e-01   4.457981e+00   6.579807e-01
28.8	   4.027119e+00   2.271193e-01   3.961551e+00   1.615514e-01   4.057813e+00   2.578133e-01   3.974171e+00   1.741715e-01   4.459366e+00   6.593661e-01
28.9	   4.048017e+00   2.480173e-01   3.948716e+00   1.487156e-01   4.072434e+00   2.724342e-01   3.963937e+00   1.639374e-01   4.460302e+00   6.603017e-01
29	   4.067323e+00   2.673225e-01   3.939426e+00   1.394263e-01   4.084161e+00   2.841610e-01   3.956711e+00   1.567105e-01   4.460659e+00   6.606589e-01
29.1	   4.083699e+00   2.836991e-01   3.933991e+00   1.339914e-01   4.092618e+00   2.926176e-01   3.952561e+00   1.525612e-01   4.460389e+00   6.603889e-01
29.2	   4.097320e+00   2.973196e-01   3.932676e+00   1.326755e-01   4.096746e+00   2.967456e-01   3.951438e+00   1.514379e-01   4.459534e+00   6.595337e-01
29.3	   4.106912e+00   3.069123e-01   3.935530e+00   1.355302e-01   4.095737e+00   2.957373e-01   3.953209e+00   1.532087e-01   4.458218e+00   6.582179e-01
29.4	   4.110779e+00   3.107786e-01   3.942467e+00   1.424671e-01   4.089587e+00   2.895868e-01   3.957714e+00   1.577136e-01   4.456619e+00   6.566191e-01
29.5	   4.108162e+00   3.081615e-01   3.953220e+00   1.532203e-01   4.079855e+00   2.798550e-01   3.964798e+00   1.647977e-01   4.454928e+00   6.549278e-01
29.6	   4.099180e+00   2.991803e-01   3.967266e+00   1.672664e-01   4.066651e+00   2.666509e-01   3.974282e+00   1.742815e-01   4.453314e+00   6.533144e-01
29.7	   4.085676e+00   2.856757e-01   3.983953e+00   1.839535e-01   4.050747e+00   2.507467e-01   3.985933e+00   1.859330e-01   4.451916e+00   6.519158e-01
29.8	   4.070110e+00   2.701096e-01   4.002559e+00   2.025585e-01   4.033204e+00   2.332041e-01   3.999451e+00   1.994513e-01   4.450815e+00   6.508152e-01
29.9	   4.051940e+00   2.519397e-01   4.022169e+00   2.221692e-01   4.015057e+00   2.150569e-01   4.014293e+00   2.142933e-01   4.450041e+00   6.500407e-01
30	   4.032221e+00   2.322212e-01   4.041719e+00   2.417186e-01   3.997349e+00   1.973489e-01   4.029755e+00   2.297552e-01   4.449566e+00   6.495660e-01
30.1	   4.012022e+00   2.120224e-01   4.060167e+00   2.601673e-01   3.981102e+00   1.811024e-01   4.045092e+00   2.450918e-01   4.449330e+00   6.493295e-01
30.2	   3.992220e+00   1.922205e-01   4.076371e+00   2.763713e-01   3.967036e+00   1.670362e-01   4.059307e+00   2.593069e-01   4.449245e+00   6.492455e-01
30.3	   3.973675e+00   1.736751e-01   4.089653e+00   2.896534e-01   3.955782e+00   1.557816e-01   4.071372e+00   2.713717e-01   4.449232e+00   6.492316e-01
30.4	   3.957426e+00   1.574257e-01   4.099682e+00   2.996821e-01   3.947759e+00   1.477594e-01   4.080408e+00   2.804084e-01   4.449232e+00   6.492319e-01
30.5	   3.944408e+00   1.444077e-01   4.104939e+00   3.049388e-01   3.943253e+00   1.432531e-01   4.085822e+00   2.858222e-01   4.449235e+00   6.492347e-01
30.6	   3.935073e+00   1.350727e-01   4.104457e+00   3.044569e-01   3.942295e+00   1.422948e-01   4.086950e+00   2.869498e-01   4.449279e+00   6.492787e-01
30.7	   3.929699e+00   1.296988e-01   4.098230e+00   2.982299e-01   3.944866e+00   1.448662e-01   4.083561e+00   2.835606e-01   4.449440e+00   6.494402e-01
30.8	   3.928566e+00   1.285656e-01   4.087343e+00   2.873434e-01   3.950862e+00   1.508619e-01   4.076203e+00   2.762034e-01   4.449810e+00   6.498097e-01
30.9	   3.931844e+00   1.318441e-01   4.073661e+00   2.736605e-01   3.960039e+00   1.600388e-01   4.065207e+00   2.652070e-01   4.450468e+00   6.504683e-01
31	   3.939468e+00   1.394678e-01   4.056947e+00   2.569469e-01   3.972035e+00   1.720354e-01   4.051341e+00   2.513415e-01   4.451456e+00   6.514557e-01
31.1	   3.951049e+00   1.510490e-01   4.038218e+00   2.382181e-01   3.986370e+00   1.863705e-01   4.035644e+00   2.356440e-01   4.452770e+00   6.527698e-01
31.2	   3.966252e+00   1.662523e-01   4.018554e+00   2.185537e-01   4.002505e+00   2.025048e-01   4.019196e+00   2.191963e-01   4.454344e+00   6.543441e-01
31.3	   3.984426e+00   1.844256e-01   3.999042e+00   1.990415e-01   4.019718e+00   2.197181e-01   4.003095e+00   2.030954e-01   4.456062e+00   6.560621e-01
31.4	   4.004717e+00   2.047168e-01   3.980752e+00   1.807519e-01   4.037098e+00   2.370976e-01   3.988365e+00   1.883647e-01   4.457751e+00   6.577508e-01
31.5	   4.025946e+00   2.259463e-01   3.964504e+00   1.645037e-01   4.053726e+00   2.537259e-01   3.975734e+00   1.757345e-01   4.459203e+00   6.592033e-01
31.6	   4.047188e+00   2.471884e-01   3.951095e+00   1.510947e-01   4.068554e+00   2.685542e-01   3.965734e+00   1.657340e-01   4.460234e+00   6.602344e-01
31.7	   4.066933e+00   2.669333e-01   3.941118e+00   1.411184e-01   4.080602e+00   2.806021e-01   3.958644e+00   1.586439e-01   4.460699e+00   6.606992e-01
31.8	   4.083805e+00   2.838048e-01   3.934939e+00   1.349392e-01   4.089359e+00   2.893586e-01   3.954536e+00   1.545363e-01   4.460537e+00   6.605366e-01
31.9	   4.098034e+00   2.980336e-01   3.932847e+00   1.328469e-01   4.094059e+00   2.940592e-01   3.953372e+00   1.533722e-01   4.459768e+00   6.597685e-01
32	   4.108333e+00   3.083328e-01   3.934930e+00   1.349296e-01   4.093861e+00   2.938611e-01   3.955045e+00   1.550453e-01   4.458507e+00   6.585071e-01
32.1	   4.112850e+00   3.128505e-01   3.941127e+00   1.411273e-01   4.088616e+00   2.886164e-01   3.959416e+00   1.594156e-01   4.456927e+00   6.569266e-01
32.2	   4.110741e+00   3.107409e-01   3.951223e+00   1.512234e-01   4.079728e+00   2.797283e-01   3.966326e+00   1.663261e-01   4.455221e+00   6.552212e-01
32.3	   4.102062e+00   3.020617e-01   3.964719e+00   1.647189e-01   4.067292e+00   2.672915e-01   3.975577e+00   1.755774e-01   4.453572e+00   6.535717e-01
32.4	   4.088309e+00   2.883090e-01   3.980973e+00   1.809726e-01   4.052102e+00   2.521018e-01   3.986925e+00   1.869254e-01   4.452122e+00   6.521222e-01
32.5	   4.072716e+00   2.727163e-01   3.999280e+00   1.992797e-01   4.035204e+00   2.352043e-01   4.000059e+00   2.000593e-01   4.450966e+00   6.509656e-01
32.6	   4.054465e+00   2.544649e-01   4.018758e+00   2.187583e-01   4.017616e+00   2.176161e-01   4.014416e+00   2.144158e-01   4.450136e+00   6.501365e-01
32.7	   4.034548e+00   2.345483e-01   4.038335e+00   2.383351e-01   4.000364e+00   2.003636e-01   4.029324e+00   2.293237e-01   4.449618e+00   6.496184e-01
32.8	   4.014051e+00   2.140511e-01   4.056982e+00   2.569824e-01   3.984436e+00   1.844362e-01   4.044075e+00   2.440753e-01   4.449351e+00   6.493507e-01
32.9	   3.993896e+00   1.938961e-01   4.073565e+00   2.735655e-01   3.970548e+00   1.705482e-01   4.057776e+00   2.577758e-01   4.449250e+00   6.492504e-01
33	   3.974946e+00   1.749465e-01   4.087237e+00   2.872373e-01   3.959300e+00   1.593000e-01   4.069471e+00   2.694709e-01   4.449232e+00   6.492316e-01
33.1	   3.958215e+00   1.582149e-01   4.097819e+00   2.978193e-01   3.951095e+00   1.510949e-01   4.078309e+00   2.783094e-01   4.449232e+00   6.492321e-01
33.2	   3.944678e+00   1.446780e-01   4.103915e+00   3.039150e-01   3.946199e+00   1.461993e-01   4.083615e+00   2.836151e-01   4.449233e+00   6.492327e-01
33.3	   3.934835e+00   1.348348e-01   4.104425e+00   3.044254e-01   3.944699e+00   1.446994e-01   4.084837e+00   2.848372e-01   4.449266e+00   6.492656e-01
33.4	   3.928968e+00   1.289676e-01   4.099168e+00   2.991680e-01   3.946579e+00   1.465789e-01   4.081737e+00   2.817374e-01   4.449404e+00   6.494042e-01
33.5	   3.927359e+00   1.273589e-01   4.088943e+00   2.889434e-01   3.951774e+00   1.517735e-01   4.074649e+00   2.746486e-01   4.449740e+00   6.497400e-01
33.6	   3.930203e+00   1.302029e-01   4.075881e+00   2.758813e-01   3.960095e+00   1.600950e-01   4.063957e+00   2.639572e-01   4.450356e+00   6.503555e-01
33.7	   3.937463e+00   1.374627e-01   4.059641e+00   2.596407e-01   3.971232e+00   1.712324e-01   4.050393e+00   2.503934e-01   4.451299e+00   6.512994e-01
33.8	   3.948771e+00   1.487710e-01   4.041169e+00   2.411692e-01   3.984747e+00   1.847467e-01   4.034987e+00   2.349868e-01   4.452574e+00   6.525738e-01
33.9	   3.963801e+00   1.638009e-01   4.021554e+00   2.215538e-01   4.000156e+00   2.001556e-01   4.018820e+00   2.188198e-01   4.454127e+00   6.541265e-01
34	   3.981930e+00   1.819303e-01   4.001885e+00   2.018849e-01   4.016775e+00   2.167750e-01   4.002993e+00   2.029934e-01   4.455843e+00   6.558430e-01
34.1	   4.002321e+00   2.023205e-01   3.983256e+00   1.832562e-01   4.033722e+00   2.337218e-01   3.988533e+00   1.885327e-01   4.457547e+00   6.575466e-01
34.2	   4.023779e+00   2.237795e-01   3.966552e+00   1.665522e-01   4.050099e+00   2.500994e-01   3.976195e+00   1.761950e-01   4.459049e+00   6.590493e-01
34.3	   4.045361e+00   2.453610e-01   3.952610e+00   1.526095e-01   4.064899e+00   2.648987e-01   3.966499e+00   1.664987e-01   4.460154e+00   6.601539e-01
34.4	   4.065591e+00   2.655912e-01   3.942066e+00   1.420658e-01   4.077126e+00   2.771259e-01   3.959713e+00   1.597127e-01   4.460704e+00   6.607036e-01
34.5	   4.082987e+00   2.829868e-01   3.935329e+00   1.353289e-01   4.086084e+00   2.860838e-01   3.955887e+00   1.558874e-01   4.460626e+00   6.606257e-01
34.6	   4.097735e+00   2.977352e-01   3.932709e+00   1.327092e-01   4.091248e+00   2.912484e-01   3.954950e+00   1.549500e-01   4.459933e+00   6.599328e-01
34.7	   4.108670e+00   3.086699e-01   3.934320e+00   1.343202e-01   4.091811e+00   2.918112e-01   3.956768e+00   1.567682e-01   4.458726e+00   6.587256e-01
34.8	   4.113811e+00   3.138109e-01   3.940105e+00   1.401046e-01   4.087501e+00   2.875013e-01   3.961175e+00   1.611747e-01   4.457177e+00   6.571769e-01
34.9	   4.112227e+00   3.122270e-01   3.949857e+00   1.498572e-01   4.079473e+00   2.794732e-01   3.967997e+00   1.679967e-01   4.455472e+00   6.554718e-01
35	   4.103929e+00   3.039289e-01   3.963093e+00   1.630931e-01   4.067841e+00   2.678414e-01   3.977038e+00   1.770382e-01   4.453797e+00   6.537975e-01
35.1	   4.090257e+00   2.902572e-01   3.979167e+00   1.791674e-01   4.053378e+00   2.533783e-01   3.988071e+00   1.880711e-01   4.452306e+00   6.523059e-01
35.2	   4.074602e+00   2.746020e-01   3.997373e+00   1.973732e-01   4.037089e+00   2.370894e-01   4.000787e+00   2.007869e-01   4.451098e+00   6.510981e-01
35.3	   4.056372e+00   2.563719e-01   4.016850e+00   2.168505e-01   4.019969e+00   2.199688e-01   4.014653e+00   2.146533e-01   4.450221e+00   6.502213e-01
35.4	   4.036387e+00   2.363869e-01   4.036527e+00   2.365269e-01   4.003024e+00   2.030238e-01   4.029019e+00   2.290189e-01   4.449664e+00   6.496644e-01
35.5	   4.015740e+00   2.157398e-01   4.055371e+00   2.553713e-01   3.987221e+00   1.872212e-01   4.043211e+00   2.432112e-01   4.449370e+00   6.493702e-01
35.6	   3.995399e+00   1.953990e-01   4.072250e+00   2.722504e-01   3.973305e+00   1.733046e-01   4.056380e+00   2.563803e-01   4.449255e+00   6.492553e-01
35.7	   3.976226e+00   1.762260e-01   4.086246e+00   2.862459e-01   3.961867e+00   1.618672e-01   4.067618e+00   2.676182e-01   4.449232e+00   6.492316e-01
35.8	   3.959200e+00   1.592002e-01   4.097214e+00   2.972140e-01   3.953336e+00   1.533360e-01   4.076115e+00   2.761148e-01   4.449232e+00   6.492323e-01
35.9	   3.945327e+00   1.453271e-01   4.103806e+00   3.038061e-01   3.947984e+00   1.479835e-01   4.081173e+00   2.811730e-01   4.449232e+00   6.492317e-01
36	   3.935156e+00   1.351557e-01   4.104840e+00   3.048398e-01   3.945972e+00   1.459723e-01   4.082337e+00   2.823373e-01   4.449256e+00   6.492562e-01
36.1	   3.928972e+00   1.289720e-01   4.100042e+00   3.000418e-01   3.947293e+00   1.472926e-01   4.079401e+00   2.794013e-01   4.449377e+00   6.493767e-01
36.2	   3.927060e+00   1.270597e-01   4.090104e+00   2.901040e-01   3.951912e+00   1.519116e-01   4.072532e+00   2.725321e-01   4.449686e+00   6.496857e-01
36.3	   3.929617e+00   1.296170e-01   4.077200e+00   2.772004e-01   3.959669e+00   1.596692e-01   4.062159e+00   2.621585e-01   4.450265e+00   6.502649e-01
36.4	   3.936632e+00   1.366320e-01   4.061091e+00   2.610913e-01   3.970279e+00   1.702791e-01   4.048989e+00   2.489891e-01   4.451171e+00   6.511705e-01
36.5	   3.947756e+00   1.477560e-01   4.042627e+00   2.426267e-01   3.983313e+00   1.833131e-01   4.034014e+00   2.340139e-01   4.452410e+00   6.524102e-01
36.6	   3.962648e+00   1.626480e-01   4.022909e+00   2.229086e-01   3.998305e+00   1.983048e-01   4.018268e+00   2.182677e-01   4.453935e+00   6.539353e-01
36.7	   3.980712e+00   1.807115e-01   4.003032e+00   2.030317e-01   4.014585e+00   2.145846e-01   4.002834e+00   2.028337e-01   4.455640e+00   6.556404e-01
36.8	   4.001113e+00   2.011132e-01   3.984105e+00   1.841047e-01   4.031290e+00   2.312903e-01   3.988743e+00   1.887432e-01   4.457363e+00   6.573626e-01
36.9	   4.022637e+00   2.226371e-01   3.967052e+00   1.670520e-01   4.047523e+00   2.475230e-01   3.976733e+00   1.767326e-01   4.458900e+00   6.588999e-01
37	   4.044296e+00   2.442964e-01   3.952737e+00   1.527370e-01   4.062307e+00   2.623066e-01   3.967338e+00   1.673377e-01   4.460058e+00   6.600576e-01
37.1	   4.064634e+00   2.646337e-01   3.941836e+00   1.418356e-01   4.074641e+00   2.746413e-01   3.960837e+00   1.608372e-01   4.460677e+00   6.606770e-01
37.2	   4.082079e+00   2.820794e-01   3.934777e+00   1.347772e-01   4.083747e+00   2.837473e-01   3.957278e+00   1.572782e-01   4.460677e+00   6.606771e-01
37.3	   4.096678e+00   2.966778e-01   3.931889e+00   1.318887e-01   4.089161e+00   2.891614e-01   3.956546e+00   1.565465e-01   4.460054e+00   6.600545e-01
37.4	   4.107438e+00   3.074382e-01   3.933305e+00   1.333053e-01   4.090154e+00   2.901543e-01   3.958441e+00   1.584411e-01   4.458898e+00   6.588983e-01
37.5	   4.112498e+00   3.124984e-01   3.938969e+00   1.389692e-01   4.086408e+00   2.864076e-01   3.962747e+00   1.627472e-01   4.457374e+00   6.573737e-01
37.6	   4.111025e+00   3.110253e-01   3.948674e+00   1.486738e-01   4.078874e+00   2.788739e-01   3.969275e+00   1.692755e-01   4.455676e+00   6.556758e-01
37.7	   4.103066e+00   3.030660e-01   3.961939e+00   1.619386e-01   4.067710e+00   2.677098e-01   3.977867e+00   1.778672e-01   4.453992e+00   6.539925e-01
37.8	   4.089793e+00   2.897930e-01   3.978101e+00   1.781007e-01   4.053676e+00   2.536761e-01   3.988365e+00   1.883654e-01   4.452476e+00   6.524759e-01
37.9	   4.074484e+00   2.744842e-01   3.996428e+00   1.964279e-01   4.037759e+00   2.377586e-01   4.000536e+00   2.005363e-01   4.451235e+00   6.512348e-01
38	   4.056505e+00   2.565047e-01   4.016050e+00   2.160503e-01   4.020939e+00   2.209386e-01   4.013908e+00   2.139083e-01   4.450318e+00   6.503178e-01
38.1	   4.036732e+00   2.367315e-01   4.035883e+00   2.358832e-01   4.004222e+00   2.042224e-01   4.027877e+00   2.278768e-01   4.449723e+00   6.497227e-01
38.2	   4.016242e+00   2.162422e-01   4.054880e+00   2.548802e-01   3.988569e+00   1.885693e-01   4.041799e+00   2.417989e-01   4.449399e+00   6.493992e-01
38.3	   3.996047e+00   1.960474e-01   4.071904e+00   2.719042e-01   3.974745e+00   1.747451e-01   4.054847e+00   2.548466e-01   4.449265e+00   6.492652e-01
38.4	   3.976990e+00   1.769901e-01   4.086014e+00   2.860139e-01   3.963343e+00   1.633431e-01   4.066094e+00   2.660945e-01   4.449233e+00   6.492327e-01
38.5	   3.960019e+00   1.600194e-01   4.097074e+00   2.970738e-01   3.954799e+00   1.547986e-01   4.074708e+00   2.747080e-01   4.449232e+00   6.492319e-01
38.6	   3.946144e+00   1.461436e-01   4.103748e+00   3.037476e-01   3.949381e+00   1.493814e-01   4.079963e+00   2.799627e-01   4.449232e+00   6.492315e-01
38.7	   3.935948e+00   1.359477e-01   4.104845e+00   3.048452e-01   3.947244e+00   1.472442e-01   4.081380e+00   2.813803e-01   4.449251e+00   6.492510e-01
38.8	   3.929700e+00   1.297003e-01   4.100093e+00   3.000926e-01   3.948397e+00   1.483975e-01   4.078753e+00   2.787534e-01   4.449355e+00   6.493549e-01
38.9	   3.927687e+00   1.276873e-01   4.090174e+00   2.901739e-01   3.952787e+00   1.527867e-01   4.072205e+00   2.722047e-01   4.449634e+00   6.496343e-01
39	   3.930113e+00   1.301134e-01   4.077268e+00   2.772677e-01   3.960243e+00   1.602435e-01   4.062147e+00   2.621475e-01   4.450170e+00   6.501697e-01
39.1	   3.936988e+00   1.369882e-01   4.061149e+00   2.611491e-01   3.970484e+00   1.704838e-01   4.049261e+00   2.492606e-01   4.451024e+00   6.510240e-01
39.2	   3.947979e+00   1.479787e-01   4.042668e+00   2.426681e-01   3.983093e+00   1.830932e-01   4.034516e+00   2.345163e-01   4.452213e+00   6.522128e-01
39.3	   3.962712e+00   1.627121e-01   4.022926e+00   2.229264e-01   3.997621e+00   1.976206e-01   4.018940e+00   2.189398e-01   4.453697e+00   6.536973e-01
39.4	   3.980599e+00   1.805991e-01   4.003026e+00   2.030259e-01   4.013427e+00   2.134270e-01   4.003612e+00   2.036125e-01   4.455374e+00   6.553742e-01
39.5	   4.000807e+00   2.008074e-01   3.984074e+00   1.840742e-01   4.029694e+00   2.296939e-01   3.989580e+00   1.895805e-01   4.457085e+00   6.570850e-01
39.6	   4.022089e+00   2.220888e-01   3.966999e+00   1.669994e-01   4.045562e+00   2.455616e-01   3.977624e+00   1.776240e-01   4.458646e+00   6.586463e-01
39.7	   4.043416e+00   2.434156e-01   3.952665e+00   1.526648e-01   4.060103e+00   2.601028e-01   3.968299e+00   1.682988e-01   4.459868e+00   6.598678e-01
39.8	   4.063384e+00   2.633843e-01   3.941758e+00   1.417583e-01   4.072337e+00   2.723366e-01   3.961891e+00   1.618911e-01   4.460581e+00   6.605813e-01
39.9	   4.080405e+00   2.804047e-01   3.934703e+00   1.347029e-01   4.081458e+00   2.814585e-01   3.958434e+00   1.584341e-01   4.460684e+00   6.606840e-01
40	   4.094291e+00   2.942913e-01   3.931821e+00   1.318211e-01   4.087002e+00   2.870024e-01   3.957788e+00   1.577875e-01   4.460162e+00   6.601617e-01
