           0.1	(   1.146642e+00   0.000000e+00 -1.213864e+00) (   5.733208e+00   0.000000e+00 -1.213886e+00) (   1.146642e+01   0.000000e+00 -1.213888e+00) (   1.719963e+01   0.000000e+00 -1.213888e+00) (   2.293283e+01   0.000000e+00 -1.634056e+00) 
0.2	(   1.146642e+00   0.000000e+00 -1.213716e+00) (   5.733208e+00   0.000000e+00 -1.213867e+00) (   1.146642e+01   0.000000e+00 -1.213886e+00) (   1.719963e+01   0.000000e+00 -1.213887e+00) (   2.293283e+01   0.000000e+00 -1.632863e+00) 
0.3	(   1.146642e+00   0.000000e+00 -1.213384e+00) (   5.733208e+00   0.000000e+00 -1.213825e+00) (   1.146642e+01   0.000000e+00 -1.213881e+00) (   1.719963e+01   0.000000e+00 -1.213886e+00) (   2.293283e+01   0.000000e+00 -1.637468e+00) 
0.4	(   1.146642e+00   0.000000e+00 -1.212818e+00) (   5.733208e+00   0.000000e+00 -1.213752e+00) (   1.146642e+01   0.000000e+00 -1.213873e+00) (   1.719963e+01   0.000000e+00 -1.213885e+00) (   2.293283e+01   0.000000e+00 -1.649385e+00) 
0.5	(   1.146642e+00   0.000000e+00 -1.211981e+00) (   5.733208e+00   0.000000e+00 -1.213643e+00) (   1.146642e+01   0.000000e+00 -1.213860e+00) (   1.719963e+01   0.000000e+00 -1.213884e+00) (   2.293283e+01   0.000000e+00 -1.649053e+00) 
0.6	(   1.146642e+00   0.000000e+00 -1.210871e+00) (   5.733208e+00   0.000000e+00 -1.213491e+00) (   1.146642e+01   0.000000e+00 -1.213841e+00) (   1.719963e+01   0.000000e+00 -1.213885e+00) (   2.293283e+01   0.000000e+00 -1.677076e+00) 
0.7	(   1.146642e+00   0.000000e+00 -1.209524e+00) (   5.733208e+00   0.000000e+00 -1.213296e+00) (   1.146642e+01   0.000000e+00 -1.213815e+00) (   1.719963e+01   0.000000e+00 -1.213887e+00) (   2.293283e+01   0.000000e+00 -1.714760e+00) 
0.8	(   1.146642e+00   0.000000e+00 -1.208016e+00) (   5.733208e+00   0.000000e+00 -1.213057e+00) (   1.146642e+01   0.000000e+00 -1.213781e+00) (   1.719963e+01   0.000000e+00 -1.213893e+00) (   2.293283e+01   0.000000e+00 -1.752497e+00) 
0.9	(   1.146642e+00   0.000000e+00 -1.206464e+00) (   5.733208e+00   0.000000e+00 -1.212776e+00) (   1.146642e+01   0.000000e+00 -1.213738e+00) (   1.719963e+01   0.000000e+00 -1.213905e+00) (   2.293283e+01   0.000000e+00 -1.778946e+00) 
1	(   1.146642e+00   0.000000e+00 -1.205034e+00) (   5.733208e+00   0.000000e+00 -1.212457e+00) (   1.146642e+01   0.000000e+00 -1.213686e+00) (   1.719963e+01   0.000000e+00 -1.213922e+00) (   2.293283e+01   0.000000e+00 -1.797355e+00) 
1.1	(   1.146642e+00   0.000000e+00 -1.203929e+00) (   5.733208e+00   0.000000e+00 -1.212108e+00) (   1.146642e+01   0.000000e+00 -1.213624e+00) (   1.719963e+01   0.000000e+00 -1.213947e+00) (   2.293283e+01   0.000000e+00 -1.806379e+00) 
1.2	(   1.146642e+00   0.000000e+00 -1.203381e+00) (   5.733208e+00   0.000000e+00 -1.211738e+00) (   1.146642e+01   0.000000e+00 -1.213551e+00) (   1.719963e+01   0.000000e+00 -1.213980e+00) (   2.293283e+01   0.000000e+00 -1.803868e+00) 
1.3	(   1.146642e+00   0.000000e+00 -1.203621e+00) (   5.733208e+00   0.000000e+00 -1.211361e+00) (   1.146642e+01   0.000000e+00 -1.213467e+00) (   1.719963e+01   0.000000e+00 -1.214023e+00) (   2.293283e+01   0.000000e+00 -1.788442e+00) 
1.4	(   1.146642e+00   0.000000e+00 -1.204849e+00) (   5.733208e+00   0.000000e+00 -1.210994e+00) (   1.146642e+01   0.000000e+00 -1.213371e+00) (   1.719963e+01   0.000000e+00 -1.214076e+00) (   2.293283e+01   0.000000e+00 -1.760309e+00) 
1.5	(   1.146642e+00   0.000000e+00 -1.207190e+00) (   5.733208e+00   0.000000e+00 -1.210655e+00) (   1.146642e+01   0.000000e+00 -1.213265e+00) (   1.719963e+01   0.000000e+00 -1.214139e+00) (   2.293283e+01   0.000000e+00 -1.723379e+00) 
1.6	(   1.146642e+00   0.000000e+00 -1.210683e+00) (   5.733208e+00   0.000000e+00 -1.210370e+00) (   1.146642e+01   0.000000e+00 -1.213151e+00) (   1.719963e+01   0.000000e+00 -1.214213e+00) (   2.293283e+01   0.000000e+00 -1.687008e+00) 
1.7	(   1.146642e+00   0.000000e+00 -1.215234e+00) (   5.733208e+00   0.000000e+00 -1.210169e+00) (   1.146642e+01   0.000000e+00 -1.213030e+00) (   1.719963e+01   0.000000e+00 -1.214298e+00) (   2.293283e+01   0.000000e+00 -1.665026e+00) 
1.8	(   1.146642e+00   0.000000e+00 -1.220606e+00) (   5.733208e+00   0.000000e+00 -1.210084e+00) (   1.146642e+01   0.000000e+00 -1.212906e+00) (   1.719963e+01   0.000000e+00 -1.214391e+00) (   2.293283e+01   0.000000e+00 -1.659114e+00) 
1.9	(   1.146642e+00   0.000000e+00 -1.226392e+00) (   5.733208e+00   0.000000e+00 -1.210143e+00) (   1.146642e+01   0.000000e+00 -1.212782e+00) (   1.719963e+01   0.000000e+00 -1.214490e+00) (   2.293283e+01   0.000000e+00 -1.657680e+00) 
2	(   1.146642e+00   0.000000e+00 -1.232126e+00) (   5.733208e+00   0.000000e+00 -1.210370e+00) (   1.146642e+01   0.000000e+00 -1.212663e+00) (   1.719963e+01   0.000000e+00 -1.214590e+00) (   2.293283e+01   0.000000e+00 -1.656751e+00) 
2.1	(   1.146642e+00   0.000000e+00 -1.237341e+00) (   5.733208e+00   0.000000e+00 -1.210797e+00) (   1.146642e+01   0.000000e+00 -1.212554e+00) (   1.719963e+01   0.000000e+00 -1.214689e+00) (   2.293283e+01   0.000000e+00 -1.655798e+00) 
2.2	(   1.146642e+00   0.000000e+00 -1.241632e+00) (   5.733208e+00   0.000000e+00 -1.211452e+00) (   1.146642e+01   0.000000e+00 -1.212463e+00) (   1.719963e+01   0.000000e+00 -1.214784e+00) (   2.293283e+01   0.000000e+00 -1.653739e+00) 
2.3	(   1.146642e+00   0.000000e+00 -1.244634e+00) (   5.733208e+00   0.000000e+00 -1.212359e+00) (   1.146642e+01   0.000000e+00 -1.212398e+00) (   1.719963e+01   0.000000e+00 -1.214869e+00) (   2.293283e+01   0.000000e+00 -1.651582e+00) 
2.4	(   1.146642e+00   0.000000e+00 -1.246016e+00) (   5.733208e+00   0.000000e+00 -1.213528e+00) (   1.146642e+01   0.000000e+00 -1.212367e+00) (   1.719963e+01   0.000000e+00 -1.214938e+00) (   2.293283e+01   0.000000e+00 -1.649470e+00) 
2.5	(   1.146642e+00   0.000000e+00 -1.245503e+00) (   5.733208e+00   0.000000e+00 -1.214956e+00) (   1.146642e+01   0.000000e+00 -1.212380e+00) (   1.719963e+01   0.000000e+00 -1.214985e+00) (   2.293283e+01   0.000000e+00 -1.647961e+00) 
2.6	(   1.146642e+00   0.000000e+00 -1.242900e+00) (   5.733208e+00   0.000000e+00 -1.216623e+00) (   1.146642e+01   0.000000e+00 -1.212445e+00) (   1.719963e+01   0.000000e+00 -1.215003e+00) (   2.293283e+01   0.000000e+00 -1.647519e+00) 
2.7	(   1.146642e+00   0.000000e+00 -1.238217e+00) (   5.733208e+00   0.000000e+00 -1.218495e+00) (   1.146642e+01   0.000000e+00 -1.212572e+00) (   1.719963e+01   0.000000e+00 -1.214985e+00) (   2.293283e+01   0.000000e+00 -1.648076e+00) 
2.8	(   1.146642e+00   0.000000e+00 -1.231673e+00) (   5.733208e+00   0.000000e+00 -1.220528e+00) (   1.146642e+01   0.000000e+00 -1.212771e+00) (   1.719963e+01   0.000000e+00 -1.214923e+00) (   2.293283e+01   0.000000e+00 -1.649424e+00) 
2.9	(   1.146642e+00   0.000000e+00 -1.223575e+00) (   5.733208e+00   0.000000e+00 -1.222655e+00) (   1.146642e+01   0.000000e+00 -1.213050e+00) (   1.719963e+01   0.000000e+00 -1.214807e+00) (   2.293283e+01   0.000000e+00 -1.650773e+00) 
3	(   1.146642e+00   0.000000e+00 -1.214305e+00) (   5.733208e+00   0.000000e+00 -1.224781e+00) (   1.146642e+01   0.000000e+00 -1.213416e+00) (   1.719963e+01   0.000000e+00 -1.214628e+00) (   2.293283e+01   0.000000e+00 -1.652010e+00) 
3.1	(   1.146642e+00   0.000000e+00 -1.204396e+00) (   5.733208e+00   0.000000e+00 -1.226792e+00) (   1.146642e+01   0.000000e+00 -1.213874e+00) (   1.719963e+01   0.000000e+00 -1.214385e+00) (   2.293283e+01   0.000000e+00 -1.653350e+00) 
3.2	(   1.146642e+00   0.000000e+00 -1.194512e+00) (   5.733208e+00   0.000000e+00 -1.228578e+00) (   1.146642e+01   0.000000e+00 -1.214429e+00) (   1.719963e+01   0.000000e+00 -1.214074e+00) (   2.293283e+01   0.000000e+00 -1.654502e+00) 
3.3	(   1.146642e+00   0.000000e+00 -1.185195e+00) (   5.733208e+00   0.000000e+00 -1.229993e+00) (   1.146642e+01   0.000000e+00 -1.215079e+00) (   1.719963e+01   0.000000e+00 -1.213696e+00) (   2.293283e+01   0.000000e+00 -1.659856e+00) 
3.4	(   1.146642e+00   0.000000e+00 -1.176794e+00) (   5.733208e+00   0.000000e+00 -1.230867e+00) (   1.146642e+01   0.000000e+00 -1.215819e+00) (   1.719963e+01   0.000000e+00 -1.213265e+00) (   2.293283e+01   0.000000e+00 -1.660841e+00) 
3.5	(   1.146642e+00   0.000000e+00 -1.169891e+00) (   5.733208e+00   0.000000e+00 -1.231062e+00) (   1.146642e+01   0.000000e+00 -1.216638e+00) (   1.719963e+01   0.000000e+00 -1.212804e+00) (   2.293283e+01   0.000000e+00 -1.661327e+00) 
3.6	(   1.146642e+00   0.000000e+00 -1.165074e+00) (   5.733208e+00   0.000000e+00 -1.230466e+00) (   1.146642e+01   0.000000e+00 -1.217525e+00) (   1.719963e+01   0.000000e+00 -1.212351e+00) (   2.293283e+01   0.000000e+00 -1.661418e+00) 
3.7	(   1.146642e+00   0.000000e+00 -1.162745e+00) (   5.733208e+00   0.000000e+00 -1.228974e+00) (   1.146642e+01   0.000000e+00 -1.218462e+00) (   1.719963e+01   0.000000e+00 -1.211958e+00) (   2.293283e+01   0.000000e+00 -1.661321e+00) 
3.8	(   1.146642e+00   0.000000e+00 -1.163089e+00) (   5.733208e+00   0.000000e+00 -1.226511e+00) (   1.146642e+01   0.000000e+00 -1.219423e+00) (   1.719963e+01   0.000000e+00 -1.211687e+00) (   2.293283e+01   0.000000e+00 -1.661120e+00) 
3.9	(   1.146642e+00   0.000000e+00 -1.166198e+00) (   5.733208e+00   0.000000e+00 -1.223058e+00) (   1.146642e+01   0.000000e+00 -1.220376e+00) (   1.719963e+01   0.000000e+00 -1.211604e+00) (   2.293283e+01   0.000000e+00 -1.656379e+00) 
4	(   1.146642e+00   0.000000e+00 -1.172207e+00) (   5.733208e+00   0.000000e+00 -1.218693e+00) (   1.146642e+01   0.000000e+00 -1.221288e+00) (   1.719963e+01   0.000000e+00 -1.211773e+00) (   2.293283e+01   0.000000e+00 -1.655874e+00) 
4.1	(   1.146642e+00   0.000000e+00 -1.181021e+00) (   5.733208e+00   0.000000e+00 -1.213554e+00) (   1.146642e+01   0.000000e+00 -1.222120e+00) (   1.719963e+01   0.000000e+00 -1.212242e+00) (   2.293283e+01   0.000000e+00 -1.658169e+00) 
4.2	(   1.146642e+00   0.000000e+00 -1.192301e+00) (   5.733208e+00   0.000000e+00 -1.207840e+00) (   1.146642e+01   0.000000e+00 -1.222828e+00) (   1.719963e+01   0.000000e+00 -1.213028e+00) (   2.293283e+01   0.000000e+00 -1.663310e+00) 
4.3	(   1.146642e+00   0.000000e+00 -1.205622e+00) (   5.733208e+00   0.000000e+00 -1.201832e+00) (   1.146642e+01   0.000000e+00 -1.223368e+00) (   1.719963e+01   0.000000e+00 -1.214116e+00) (   2.293283e+01   0.000000e+00 -1.668658e+00) 
4.4	(   1.146642e+00   0.000000e+00 -1.220301e+00) (   5.733208e+00   0.000000e+00 -1.195869e+00) (   1.146642e+01   0.000000e+00 -1.223693e+00) (   1.719963e+01   0.000000e+00 -1.215450e+00) (   2.293283e+01   0.000000e+00 -1.674383e+00) 
4.5	(   1.146642e+00   0.000000e+00 -1.235678e+00) (   5.733208e+00   0.000000e+00 -1.190363e+00) (   1.146642e+01   0.000000e+00 -1.223760e+00) (   1.719963e+01   0.000000e+00 -1.216926e+00) (   2.293283e+01   0.000000e+00 -1.680446e+00) 
4.6	(   1.146642e+00   0.000000e+00 -1.251084e+00) (   5.733208e+00   0.000000e+00 -1.185684e+00) (   1.146642e+01   0.000000e+00 -1.223535e+00) (   1.719963e+01   0.000000e+00 -1.218411e+00) (   2.293283e+01   0.000000e+00 -1.686146e+00) 
4.7	(   1.146642e+00   0.000000e+00 -1.265344e+00) (   5.733208e+00   0.000000e+00 -1.182199e+00) (   1.146642e+01   0.000000e+00 -1.222983e+00) (   1.719963e+01   0.000000e+00 -1.219756e+00) (   2.293283e+01   0.000000e+00 -1.691455e+00) 
4.8	(   1.146642e+00   0.000000e+00 -1.277357e+00) (   5.733208e+00   0.000000e+00 -1.180240e+00) (   1.146642e+01   0.000000e+00 -1.222082e+00) (   1.719963e+01   0.000000e+00 -1.220831e+00) (   2.293283e+01   0.000000e+00 -1.696644e+00) 
4.9	(   1.146642e+00   0.000000e+00 -1.286461e+00) (   5.733208e+00   0.000000e+00 -1.180097e+00) (   1.146642e+01   0.000000e+00 -1.220822e+00) (   1.719963e+01   0.000000e+00 -1.221538e+00) (   2.293283e+01   0.000000e+00 -1.701385e+00) 
5	(   1.146642e+00   0.000000e+00 -1.292108e+00) (   5.733208e+00   0.000000e+00 -1.181974e+00) (   1.146642e+01   0.000000e+00 -1.219208e+00) (   1.719963e+01   0.000000e+00 -1.221849e+00) (   2.293283e+01   0.000000e+00 -1.705625e+00) 
5.1	(   1.146642e+00   0.000000e+00 -1.293145e+00) (   5.733208e+00   0.000000e+00 -1.185962e+00) (   1.146642e+01   0.000000e+00 -1.217262e+00) (   1.719963e+01   0.000000e+00 -1.221805e+00) (   2.293283e+01   0.000000e+00 -1.709355e+00) 
5.2	(   1.146642e+00   0.000000e+00 -1.288793e+00) (   5.733208e+00   0.000000e+00 -1.192024e+00) (   1.146642e+01   0.000000e+00 -1.215023e+00) (   1.719963e+01   0.000000e+00 -1.221502e+00) (   2.293283e+01   0.000000e+00 -1.712613e+00) 
5.3	(   1.146642e+00   0.000000e+00 -1.280325e+00) (   5.733208e+00   0.000000e+00 -1.200003e+00) (   1.146642e+01   0.000000e+00 -1.212552e+00) (   1.719963e+01   0.000000e+00 -1.221056e+00) (   2.293283e+01   0.000000e+00 -1.715557e+00) 
5.4	(   1.146642e+00   0.000000e+00 -1.268143e+00) (   5.733208e+00   0.000000e+00 -1.209607e+00) (   1.146642e+01   0.000000e+00 -1.209930e+00) (   1.719963e+01   0.000000e+00 -1.220564e+00) (   2.293283e+01   0.000000e+00 -1.718447e+00) 
5.5	(   1.146642e+00   0.000000e+00 -1.252739e+00) (   5.733208e+00   0.000000e+00 -1.220375e+00) (   1.146642e+01   0.000000e+00 -1.207253e+00) (   1.719963e+01   0.000000e+00 -1.220089e+00) (   2.293283e+01   0.000000e+00 -1.723162e+00) 
5.6	(   1.146642e+00   0.000000e+00 -1.235071e+00) (   5.733208e+00   0.000000e+00 -1.231754e+00) (   1.146642e+01   0.000000e+00 -1.204636e+00) (   1.719963e+01   0.000000e+00 -1.219635e+00) (   2.293283e+01   0.000000e+00 -1.728372e+00) 
5.7	(   1.146642e+00   0.000000e+00 -1.216254e+00) (   5.733208e+00   0.000000e+00 -1.243156e+00) (   1.146642e+01   0.000000e+00 -1.202207e+00) (   1.719963e+01   0.000000e+00 -1.219158e+00) (   2.293283e+01   0.000000e+00 -1.734085e+00) 
5.8	(   1.146642e+00   0.000000e+00 -1.197266e+00) (   5.733208e+00   0.000000e+00 -1.253834e+00) (   1.146642e+01   0.000000e+00 -1.200104e+00) (   1.719963e+01   0.000000e+00 -1.218580e+00) (   2.293283e+01   0.000000e+00 -1.740360e+00) 
5.9	(   1.146642e+00   0.000000e+00 -1.179048e+00) (   5.733208e+00   0.000000e+00 -1.263012e+00) (   1.146642e+01   0.000000e+00 -1.198474e+00) (   1.719963e+01   0.000000e+00 -1.217819e+00) (   2.293283e+01   0.000000e+00 -1.747314e+00) 
6	(   1.146642e+00   0.000000e+00 -1.162604e+00) (   5.733208e+00   0.000000e+00 -1.270017e+00) (   1.146642e+01   0.000000e+00 -1.197434e+00) (   1.719963e+01   0.000000e+00 -1.216833e+00) (   2.293283e+01   0.000000e+00 -1.755767e+00) 
6.1	(   1.146642e+00   0.000000e+00 -1.148935e+00) (   5.733208e+00   0.000000e+00 -1.274299e+00) (   1.146642e+01   0.000000e+00 -1.197105e+00) (   1.719963e+01   0.000000e+00 -1.215656e+00) (   2.293283e+01   0.000000e+00 -1.764487e+00) 
6.2	(   1.146642e+00   0.000000e+00 -1.138707e+00) (   5.733208e+00   0.000000e+00 -1.275430e+00) (   1.146642e+01   0.000000e+00 -1.197592e+00) (   1.719963e+01   0.000000e+00 -1.214391e+00) (   2.293283e+01   0.000000e+00 -1.773661e+00) 
6.3	(   1.146642e+00   0.000000e+00 -1.132240e+00) (   5.733208e+00   0.000000e+00 -1.273167e+00) (   1.146642e+01   0.000000e+00 -1.198973e+00) (   1.719963e+01   0.000000e+00 -1.213183e+00) (   2.293283e+01   0.000000e+00 -1.783639e+00) 
6.4	(   1.146642e+00   0.000000e+00 -1.129949e+00) (   5.733208e+00   0.000000e+00 -1.267515e+00) (   1.146642e+01   0.000000e+00 -1.201285e+00) (   1.719963e+01   0.000000e+00 -1.212157e+00) (   2.293283e+01   0.000000e+00 -1.793438e+00) 
6.5	(   1.146642e+00   0.000000e+00 -1.132103e+00) (   5.733208e+00   0.000000e+00 -1.258714e+00) (   1.146642e+01   0.000000e+00 -1.204529e+00) (   1.719963e+01   0.000000e+00 -1.211371e+00) (   2.293283e+01   0.000000e+00 -1.802860e+00) 
6.6	(   1.146642e+00   0.000000e+00 -1.138747e+00) (   5.733208e+00   0.000000e+00 -1.247210e+00) (   1.146642e+01   0.000000e+00 -1.208658e+00) (   1.719963e+01   0.000000e+00 -1.210793e+00) (   2.293283e+01   0.000000e+00 -1.808083e+00) 
6.7	(   1.146642e+00   0.000000e+00 -1.149563e+00) (   5.733208e+00   0.000000e+00 -1.233640e+00) (   1.146642e+01   0.000000e+00 -1.213573e+00) (   1.719963e+01   0.000000e+00 -1.210325e+00) (   2.293283e+01   0.000000e+00 -1.812260e+00) 
6.8	(   1.146642e+00   0.000000e+00 -1.164200e+00) (   5.733208e+00   0.000000e+00 -1.218708e+00) (   1.146642e+01   0.000000e+00 -1.219120e+00) (   1.719963e+01   0.000000e+00 -1.209845e+00) (   2.293283e+01   0.000000e+00 -1.815460e+00) 
6.9	(   1.146642e+00   0.000000e+00 -1.181945e+00) (   5.733208e+00   0.000000e+00 -1.203231e+00) (   1.146642e+01   0.000000e+00 -1.225096e+00) (   1.719963e+01   0.000000e+00 -1.209280e+00) (   2.293283e+01   0.000000e+00 -1.817663e+00) 
7	(   1.146642e+00   0.000000e+00 -1.201883e+00) (   5.733208e+00   0.000000e+00 -1.188083e+00) (   1.146642e+01   0.000000e+00 -1.231246e+00) (   1.719963e+01   0.000000e+00 -1.208651e+00) (   2.293283e+01   0.000000e+00 -1.819370e+00) 
7.1	(   1.146642e+00   0.000000e+00 -1.222705e+00) (   5.733208e+00   0.000000e+00 -1.174037e+00) (   1.146642e+01   0.000000e+00 -1.237287e+00) (   1.719963e+01   0.000000e+00 -1.208081e+00) (   2.293283e+01   0.000000e+00 -1.820761e+00) 
7.2	(   1.146642e+00   0.000000e+00 -1.243467e+00) (   5.733208e+00   0.000000e+00 -1.161863e+00) (   1.146642e+01   0.000000e+00 -1.242877e+00) (   1.719963e+01   0.000000e+00 -1.207747e+00) (   2.293283e+01   0.000000e+00 -1.821740e+00) 
7.3	(   1.146642e+00   0.000000e+00 -1.262774e+00) (   5.733208e+00   0.000000e+00 -1.152199e+00) (   1.146642e+01   0.000000e+00 -1.247667e+00) (   1.719963e+01   0.000000e+00 -1.207801e+00) (   2.293283e+01   0.000000e+00 -1.822092e+00) 
7.4	(   1.146642e+00   0.000000e+00 -1.279227e+00) (   5.733208e+00   0.000000e+00 -1.145585e+00) (   1.146642e+01   0.000000e+00 -1.251296e+00) (   1.719963e+01   0.000000e+00 -1.208312e+00) (   2.293283e+01   0.000000e+00 -1.821538e+00) 
7.5	(   1.146642e+00   0.000000e+00 -1.292630e+00) (   5.733208e+00   0.000000e+00 -1.142399e+00) (   1.146642e+01   0.000000e+00 -1.253440e+00) (   1.719963e+01   0.000000e+00 -1.209253e+00) (   2.293283e+01   0.000000e+00 -1.819769e+00) 
7.6	(   1.146642e+00   0.000000e+00 -1.302546e+00) (   5.733208e+00   0.000000e+00 -1.142880e+00) (   1.146642e+01   0.000000e+00 -1.253830e+00) (   1.719963e+01   0.000000e+00 -1.210536e+00) (   2.293283e+01   0.000000e+00 -1.816726e+00) 
7.7	(   1.146642e+00   0.000000e+00 -1.307373e+00) (   5.733208e+00   0.000000e+00 -1.147141e+00) (   1.146642e+01   0.000000e+00 -1.252270e+00) (   1.719963e+01   0.000000e+00 -1.212075e+00) (   2.293283e+01   0.000000e+00 -1.809046e+00) 
7.8	(   1.146642e+00   0.000000e+00 -1.306198e+00) (   5.733208e+00   0.000000e+00 -1.155115e+00) (   1.146642e+01   0.000000e+00 -1.248682e+00) (   1.719963e+01   0.000000e+00 -1.213834e+00) (   2.293283e+01   0.000000e+00 -1.795668e+00) 
7.9	(   1.146642e+00   0.000000e+00 -1.298871e+00) (   5.733208e+00   0.000000e+00 -1.166494e+00) (   1.146642e+01   0.000000e+00 -1.243106e+00) (   1.719963e+01   0.000000e+00 -1.215827e+00) (   2.293283e+01   0.000000e+00 -1.780156e+00) 
8	(   1.146642e+00   0.000000e+00 -1.286660e+00) (   5.733208e+00   0.000000e+00 -1.180791e+00) (   1.146642e+01   0.000000e+00 -1.235744e+00) (   1.719963e+01   0.000000e+00 -1.218076e+00) (   2.293283e+01   0.000000e+00 -1.762654e+00) 
8.1	(   1.146642e+00   0.000000e+00 -1.272164e+00) (   5.733208e+00   0.000000e+00 -1.197463e+00) (   1.146642e+01   0.000000e+00 -1.226876e+00) (   1.719963e+01   0.000000e+00 -1.220576e+00) (   2.293283e+01   0.000000e+00 -1.743182e+00) 
8.2	(   1.146642e+00   0.000000e+00 -1.254865e+00) (   5.733208e+00   0.000000e+00 -1.215678e+00) (   1.146642e+01   0.000000e+00 -1.216915e+00) (   1.719963e+01   0.000000e+00 -1.223275e+00) (   2.293283e+01   0.000000e+00 -1.722169e+00) 
8.3	(   1.146642e+00   0.000000e+00 -1.235798e+00) (   5.733208e+00   0.000000e+00 -1.234492e+00) (   1.146642e+01   0.000000e+00 -1.206349e+00) (   1.719963e+01   0.000000e+00 -1.226073e+00) (   2.293283e+01   0.000000e+00 -1.700823e+00) 
8.4	(   1.146642e+00   0.000000e+00 -1.216033e+00) (   5.733208e+00   0.000000e+00 -1.252903e+00) (   1.146642e+01   0.000000e+00 -1.195727e+00) (   1.719963e+01   0.000000e+00 -1.228839e+00) (   2.293283e+01   0.000000e+00 -1.680094e+00) 
8.5	(   1.146642e+00   0.000000e+00 -1.196493e+00) (   5.733208e+00   0.000000e+00 -1.269727e+00) (   1.146642e+01   0.000000e+00 -1.185694e+00) (   1.719963e+01   0.000000e+00 -1.231443e+00) (   2.293283e+01   0.000000e+00 -1.663279e+00) 
8.6	(   1.146642e+00   0.000000e+00 -1.177996e+00) (   5.733208e+00   0.000000e+00 -1.283842e+00) (   1.146642e+01   0.000000e+00 -1.176712e+00) (   1.719963e+01   0.000000e+00 -1.233711e+00) (   2.293283e+01   0.000000e+00 -1.654498e+00) 
8.7	(   1.146642e+00   0.000000e+00 -1.161494e+00) (   5.733208e+00   0.000000e+00 -1.294949e+00) (   1.146642e+01   0.000000e+00 -1.169301e+00) (   1.719963e+01   0.000000e+00 -1.235485e+00) (   2.293283e+01   0.000000e+00 -1.652175e+00) 
8.8	(   1.146642e+00   0.000000e+00 -1.147972e+00) (   5.733208e+00   0.000000e+00 -1.301741e+00) (   1.146642e+01   0.000000e+00 -1.163910e+00) (   1.719963e+01   0.000000e+00 -1.236619e+00) (   2.293283e+01   0.000000e+00 -1.652042e+00) 
8.9	(   1.146642e+00   0.000000e+00 -1.138035e+00) (   5.733208e+00   0.000000e+00 -1.302864e+00) (   1.146642e+01   0.000000e+00 -1.160904e+00) (   1.719963e+01   0.000000e+00 -1.236974e+00) (   2.293283e+01   0.000000e+00 -1.652005e+00) 
9	(   1.146642e+00   0.000000e+00 -1.131922e+00) (   5.733208e+00   0.000000e+00 -1.297968e+00) (   1.146642e+01   0.000000e+00 -1.160553e+00) (   1.719963e+01   0.000000e+00 -1.236437e+00) (   2.293283e+01   0.000000e+00 -1.651975e+00) 
9.1	(   1.146642e+00   0.000000e+00 -1.129952e+00) (   5.733208e+00   0.000000e+00 -1.287909e+00) (   1.146642e+01   0.000000e+00 -1.163020e+00) (   1.719963e+01   0.000000e+00 -1.234933e+00) (   2.293283e+01   0.000000e+00 -1.651952e+00) 
9.2	(   1.146642e+00   0.000000e+00 -1.132322e+00) (   5.733208e+00   0.000000e+00 -1.274725e+00) (   1.146642e+01   0.000000e+00 -1.168338e+00) (   1.719963e+01   0.000000e+00 -1.232411e+00) (   2.293283e+01   0.000000e+00 -1.651939e+00) 
9.3	(   1.146642e+00   0.000000e+00 -1.139028e+00) (   5.733208e+00   0.000000e+00 -1.258255e+00) (   1.146642e+01   0.000000e+00 -1.176390e+00) (   1.719963e+01   0.000000e+00 -1.228867e+00) (   2.293283e+01   0.000000e+00 -1.651937e+00) 
9.4	(   1.146642e+00   0.000000e+00 -1.149717e+00) (   5.733208e+00   0.000000e+00 -1.239584e+00) (   1.146642e+01   0.000000e+00 -1.186923e+00) (   1.719963e+01   0.000000e+00 -1.224352e+00) (   2.293283e+01   0.000000e+00 -1.651946e+00) 
9.5	(   1.146642e+00   0.000000e+00 -1.164029e+00) (   5.733208e+00   0.000000e+00 -1.219858e+00) (   1.146642e+01   0.000000e+00 -1.199571e+00) (   1.719963e+01   0.000000e+00 -1.218986e+00) (   2.293283e+01   0.000000e+00 -1.651963e+00) 
9.6	(   1.146642e+00   0.000000e+00 -1.181355e+00) (   5.733208e+00   0.000000e+00 -1.200226e+00) (   1.146642e+01   0.000000e+00 -1.213747e+00) (   1.719963e+01   0.000000e+00 -1.212966e+00) (   2.293283e+01   0.000000e+00 -1.651987e+00) 
9.7	(   1.146642e+00   0.000000e+00 -1.200913e+00) (   5.733208e+00   0.000000e+00 -1.181818e+00) (   1.146642e+01   0.000000e+00 -1.228752e+00) (   1.719963e+01   0.000000e+00 -1.206551e+00) (   2.293283e+01   0.000000e+00 -1.652014e+00) 
9.8	(   1.146642e+00   0.000000e+00 -1.221510e+00) (   5.733208e+00   0.000000e+00 -1.165476e+00) (   1.146642e+01   0.000000e+00 -1.243789e+00) (   1.719963e+01   0.000000e+00 -1.200050e+00) (   2.293283e+01   0.000000e+00 -1.652040e+00) 
9.9	(   1.146642e+00   0.000000e+00 -1.242249e+00) (   5.733208e+00   0.000000e+00 -1.152010e+00) (   1.146642e+01   0.000000e+00 -1.257952e+00) (   1.719963e+01   0.000000e+00 -1.193811e+00) (   2.293283e+01   0.000000e+00 -1.652062e+00) 
10	(   1.146642e+00   0.000000e+00 -1.261781e+00) (   5.733208e+00   0.000000e+00 -1.142032e+00) (   1.146642e+01   0.000000e+00 -1.270272e+00) (   1.719963e+01   0.000000e+00 -1.188175e+00) (   2.293283e+01   0.000000e+00 -1.652074e+00) 
10.1	(   1.146642e+00   0.000000e+00 -1.278585e+00) (   5.733208e+00   0.000000e+00 -1.135880e+00) (   1.146642e+01   0.000000e+00 -1.279868e+00) (   1.719963e+01   0.000000e+00 -1.183459e+00) (   2.293283e+01   0.000000e+00 -1.652073e+00) 
10.2	(   1.146642e+00   0.000000e+00 -1.292320e+00) (   5.733208e+00   0.000000e+00 -1.133818e+00) (   1.146642e+01   0.000000e+00 -1.286157e+00) (   1.719963e+01   0.000000e+00 -1.179976e+00) (   2.293283e+01   0.000000e+00 -1.652057e+00) 
10.3	(   1.146642e+00   0.000000e+00 -1.302610e+00) (   5.733208e+00   0.000000e+00 -1.135930e+00) (   1.146642e+01   0.000000e+00 -1.288502e+00) (   1.719963e+01   0.000000e+00 -1.178007e+00) (   2.293283e+01   0.000000e+00 -1.652025e+00) 
10.4	(   1.146642e+00   0.000000e+00 -1.307818e+00) (   5.733208e+00   0.000000e+00 -1.142133e+00) (   1.146642e+01   0.000000e+00 -1.286310e+00) (   1.719963e+01   0.000000e+00 -1.177783e+00) (   2.293283e+01   0.000000e+00 -1.651974e+00) 
10.5	(   1.146642e+00   0.000000e+00 -1.307049e+00) (   5.733208e+00   0.000000e+00 -1.152184e+00) (   1.146642e+01   0.000000e+00 -1.280162e+00) (   1.719963e+01   0.000000e+00 -1.179469e+00) (   2.293283e+01   0.000000e+00 -1.651907e+00) 
10.6	(   1.146642e+00   0.000000e+00 -1.300112e+00) (   5.733208e+00   0.000000e+00 -1.165573e+00) (   1.146642e+01   0.000000e+00 -1.270214e+00) (   1.719963e+01   0.000000e+00 -1.183145e+00) (   2.293283e+01   0.000000e+00 -1.651827e+00) 
10.7	(   1.146642e+00   0.000000e+00 -1.288020e+00) (   5.733208e+00   0.000000e+00 -1.181630e+00) (   1.146642e+01   0.000000e+00 -1.257048e+00) (   1.719963e+01   0.000000e+00 -1.188798e+00) (   2.293283e+01   0.000000e+00 -1.651737e+00) 
10.8	(   1.146642e+00   0.000000e+00 -1.273713e+00) (   5.733208e+00   0.000000e+00 -1.199672e+00) (   1.146642e+01   0.000000e+00 -1.241491e+00) (   1.719963e+01   0.000000e+00 -1.196285e+00) (   2.293283e+01   0.000000e+00 -1.651643e+00) 
10.9	(   1.146642e+00   0.000000e+00 -1.256580e+00) (   5.733208e+00   0.000000e+00 -1.218754e+00) (   1.146642e+01   0.000000e+00 -1.224480e+00) (   1.719963e+01   0.000000e+00 -1.205320e+00) (   2.293283e+01   0.000000e+00 -1.651553e+00) 
11	(   1.146642e+00   0.000000e+00 -1.237609e+00) (   5.733208e+00   0.000000e+00 -1.237892e+00) (   1.146642e+01   0.000000e+00 -1.206974e+00) (   1.719963e+01   0.000000e+00 -1.215499e+00) (   2.293283e+01   0.000000e+00 -1.651473e+00) 
11.1	(   1.146642e+00   0.000000e+00 -1.217852e+00) (   5.733208e+00   0.000000e+00 -1.256077e+00) (   1.146642e+01   0.000000e+00 -1.189968e+00) (   1.719963e+01   0.000000e+00 -1.226311e+00) (   2.293283e+01   0.000000e+00 -1.651408e+00) 
11.2	(   1.146642e+00   0.000000e+00 -1.198270e+00) (   5.733208e+00   0.000000e+00 -1.272225e+00) (   1.146642e+01   0.000000e+00 -1.174370e+00) (   1.719963e+01   0.000000e+00 -1.237203e+00) (   2.293283e+01   0.000000e+00 -1.651366e+00) 
11.3	(   1.146642e+00   0.000000e+00 -1.179663e+00) (   5.733208e+00   0.000000e+00 -1.285453e+00) (   1.146642e+01   0.000000e+00 -1.160938e+00) (   1.719963e+01   0.000000e+00 -1.247565e+00) (   2.293283e+01   0.000000e+00 -1.651350e+00) 
11.4	(   1.146642e+00   0.000000e+00 -1.162966e+00) (   5.733208e+00   0.000000e+00 -1.295586e+00) (   1.146642e+01   0.000000e+00 -1.150332e+00) (   1.719963e+01   0.000000e+00 -1.256723e+00) (   2.293283e+01   0.000000e+00 -1.651365e+00) 
11.5	(   1.146642e+00   0.000000e+00 -1.149178e+00) (   5.733208e+00   0.000000e+00 -1.301423e+00) (   1.146642e+01   0.000000e+00 -1.143113e+00) (   1.719963e+01   0.000000e+00 -1.264064e+00) (   2.293283e+01   0.000000e+00 -1.651417e+00) 
11.6	(   1.146642e+00   0.000000e+00 -1.138944e+00) (   5.733208e+00   0.000000e+00 -1.301909e+00) (   1.146642e+01   0.000000e+00 -1.139600e+00) (   1.719963e+01   0.000000e+00 -1.269052e+00) (   2.293283e+01   0.000000e+00 -1.651507e+00) 
11.7	(   1.146642e+00   0.000000e+00 -1.132493e+00) (   5.733208e+00   0.000000e+00 -1.296825e+00) (   1.146642e+01   0.000000e+00 -1.140002e+00) (   1.719963e+01   0.000000e+00 -1.271259e+00) (   2.293283e+01   0.000000e+00 -1.651640e+00) 
11.8	(   1.146642e+00   0.000000e+00 -1.130137e+00) (   5.733208e+00   0.000000e+00 -1.287042e+00) (   1.146642e+01   0.000000e+00 -1.144381e+00) (   1.719963e+01   0.000000e+00 -1.270418e+00) (   2.293283e+01   0.000000e+00 -1.651816e+00) 
11.9	(   1.146642e+00   0.000000e+00 -1.132085e+00) (   5.733208e+00   0.000000e+00 -1.274181e+00) (   1.146642e+01   0.000000e+00 -1.152637e+00) (   1.719963e+01   0.000000e+00 -1.266462e+00) (   2.293283e+01   0.000000e+00 -1.652033e+00) 
12	(   1.146642e+00   0.000000e+00 -1.138360e+00) (   5.733208e+00   0.000000e+00 -1.258129e+00) (   1.146642e+01   0.000000e+00 -1.164439e+00) (   1.719963e+01   0.000000e+00 -1.259544e+00) (   2.293283e+01   0.000000e+00 -1.652284e+00) 
12.1	(   1.146642e+00   0.000000e+00 -1.148639e+00) (   5.733208e+00   0.000000e+00 -1.239874e+00) (   1.146642e+01   0.000000e+00 -1.179238e+00) (   1.719963e+01   0.000000e+00 -1.250014e+00) (   2.293283e+01   0.000000e+00 -1.652558e+00) 
12.2	(   1.146642e+00   0.000000e+00 -1.162563e+00) (   5.733208e+00   0.000000e+00 -1.220496e+00) (   1.146642e+01   0.000000e+00 -1.196356e+00) (   1.719963e+01   0.000000e+00 -1.238430e+00) (   2.293283e+01   0.000000e+00 -1.652844e+00) 
12.3	(   1.146642e+00   0.000000e+00 -1.179563e+00) (   5.733208e+00   0.000000e+00 -1.201104e+00) (   1.146642e+01   0.000000e+00 -1.214912e+00) (   1.719963e+01   0.000000e+00 -1.225419e+00) (   2.293283e+01   0.000000e+00 -1.653121e+00) 
12.4	(   1.146642e+00   0.000000e+00 -1.198874e+00) (   5.733208e+00   0.000000e+00 -1.182804e+00) (   1.146642e+01   0.000000e+00 -1.233899e+00) (   1.719963e+01   0.000000e+00 -1.211666e+00) (   2.293283e+01   0.000000e+00 -1.653366e+00) 
12.5	(   1.146642e+00   0.000000e+00 -1.219327e+00) (   5.733208e+00   0.000000e+00 -1.166443e+00) (   1.146642e+01   0.000000e+00 -1.252233e+00) (   1.719963e+01   0.000000e+00 -1.197912e+00) (   2.293283e+01   0.000000e+00 -1.653557e+00) 
12.6	(   1.146642e+00   0.000000e+00 -1.239993e+00) (   5.733208e+00   0.000000e+00 -1.152830e+00) (   1.146642e+01   0.000000e+00 -1.268739e+00) (   1.719963e+01   0.000000e+00 -1.184944e+00) (   2.293283e+01   0.000000e+00 -1.653672e+00) 
12.7	(   1.146642e+00   0.000000e+00 -1.259603e+00) (   5.733208e+00   0.000000e+00 -1.142589e+00) (   1.146642e+01   0.000000e+00 -1.282323e+00) (   1.719963e+01   0.000000e+00 -1.173383e+00) (   2.293283e+01   0.000000e+00 -1.653695e+00) 
12.8	(   1.146642e+00   0.000000e+00 -1.276594e+00) (   5.733208e+00   0.000000e+00 -1.136078e+00) (   1.146642e+01   0.000000e+00 -1.292596e+00) (   1.719963e+01   0.000000e+00 -1.163865e+00) (   2.293283e+01   0.000000e+00 -1.653616e+00) 
12.9	(   1.146642e+00   0.000000e+00 -1.290417e+00) (   5.733208e+00   0.000000e+00 -1.133576e+00) (   1.146642e+01   0.000000e+00 -1.298516e+00) (   1.719963e+01   0.000000e+00 -1.156925e+00) (   2.293283e+01   0.000000e+00 -1.653436e+00) 
13	(   1.146642e+00   0.000000e+00 -1.300925e+00) (   5.733208e+00   0.000000e+00 -1.135202e+00) (   1.146642e+01   0.000000e+00 -1.299011e+00) (   1.719963e+01   0.000000e+00 -1.152992e+00) (   2.293283e+01   0.000000e+00 -1.653163e+00) 
13.1	(   1.146642e+00   0.000000e+00 -1.306531e+00) (   5.733208e+00   0.000000e+00 -1.140907e+00) (   1.146642e+01   0.000000e+00 -1.293934e+00) (   1.719963e+01   0.000000e+00 -1.152355e+00) (   2.293283e+01   0.000000e+00 -1.652815e+00) 
13.2	(   1.146642e+00   0.000000e+00 -1.306282e+00) (   5.733208e+00   0.000000e+00 -1.150497e+00) (   1.146642e+01   0.000000e+00 -1.284525e+00) (   1.719963e+01   0.000000e+00 -1.155135e+00) (   2.293283e+01   0.000000e+00 -1.652417e+00) 
13.3	(   1.146642e+00   0.000000e+00 -1.299926e+00) (   5.733208e+00   0.000000e+00 -1.163518e+00) (   1.146642e+01   0.000000e+00 -1.271840e+00) (   1.719963e+01   0.000000e+00 -1.161269e+00) (   2.293283e+01   0.000000e+00 -1.651996e+00) 
13.4	(   1.146642e+00   0.000000e+00 -1.288324e+00) (   5.733208e+00   0.000000e+00 -1.179338e+00) (   1.146642e+01   0.000000e+00 -1.256201e+00) (   1.719963e+01   0.000000e+00 -1.170509e+00) (   2.293283e+01   0.000000e+00 -1.651578e+00) 
13.5	(   1.146642e+00   0.000000e+00 -1.274382e+00) (   5.733208e+00   0.000000e+00 -1.197287e+00) (   1.146642e+01   0.000000e+00 -1.238635e+00) (   1.719963e+01   0.000000e+00 -1.182432e+00) (   2.293283e+01   0.000000e+00 -1.651186e+00) 
13.6	(   1.146642e+00   0.000000e+00 -1.257576e+00) (   5.733208e+00   0.000000e+00 -1.216475e+00) (   1.146642e+01   0.000000e+00 -1.220172e+00) (   1.719963e+01   0.000000e+00 -1.196535e+00) (   2.293283e+01   0.000000e+00 -1.650840e+00) 
13.7	(   1.146642e+00   0.000000e+00 -1.238859e+00) (   5.733208e+00   0.000000e+00 -1.235904e+00) (   1.146642e+01   0.000000e+00 -1.201833e+00) (   1.719963e+01   0.000000e+00 -1.212094e+00) (   2.293283e+01   0.000000e+00 -1.650551e+00) 
13.8	(   1.146642e+00   0.000000e+00 -1.219257e+00) (   5.733208e+00   0.000000e+00 -1.254540e+00) (   1.146642e+01   0.000000e+00 -1.184624e+00) (   1.719963e+01   0.000000e+00 -1.228266e+00) (   2.293283e+01   0.000000e+00 -1.650325e+00) 
13.9	(   1.146642e+00   0.000000e+00 -1.199752e+00) (   5.733208e+00   0.000000e+00 -1.271262e+00) (   1.146642e+01   0.000000e+00 -1.169336e+00) (   1.719963e+01   0.000000e+00 -1.244204e+00) (   2.293283e+01   0.000000e+00 -1.650164e+00) 
14	(   1.146642e+00   0.000000e+00 -1.181126e+00) (   5.733208e+00   0.000000e+00 -1.285097e+00) (   1.146642e+01   0.000000e+00 -1.156667e+00) (   1.719963e+01   0.000000e+00 -1.258920e+00) (   2.293283e+01   0.000000e+00 -1.650066e+00) 
14.1	(   1.146642e+00   0.000000e+00 -1.164294e+00) (   5.733208e+00   0.000000e+00 -1.295864e+00) (   1.146642e+01   0.000000e+00 -1.147161e+00) (   1.719963e+01   0.000000e+00 -1.271451e+00) (   2.293283e+01   0.000000e+00 -1.650032e+00) 
14.2	(   1.146642e+00   0.000000e+00 -1.150281e+00) (   5.733208e+00   0.000000e+00 -1.302316e+00) (   1.146642e+01   0.000000e+00 -1.141235e+00) (   1.719963e+01   0.000000e+00 -1.280981e+00) (   2.293283e+01   0.000000e+00 -1.650065e+00) 
14.3	(   1.146642e+00   0.000000e+00 -1.139761e+00) (   5.733208e+00   0.000000e+00 -1.303288e+00) (   1.146642e+01   0.000000e+00 -1.139076e+00) (   1.719963e+01   0.000000e+00 -1.287015e+00) (   2.293283e+01   0.000000e+00 -1.650170e+00) 
14.4	(   1.146642e+00   0.000000e+00 -1.132981e+00) (   5.733208e+00   0.000000e+00 -1.298505e+00) (   1.146642e+01   0.000000e+00 -1.140760e+00) (   1.719963e+01   0.000000e+00 -1.288849e+00) (   2.293283e+01   0.000000e+00 -1.650362e+00) 
14.5	(   1.146642e+00   0.000000e+00 -1.130245e+00) (   5.733208e+00   0.000000e+00 -1.288680e+00) (   1.146642e+01   0.000000e+00 -1.146236e+00) (   1.719963e+01   0.000000e+00 -1.286056e+00) (   2.293283e+01   0.000000e+00 -1.650657e+00) 
14.6	(   1.146642e+00   0.000000e+00 -1.131785e+00) (   5.733208e+00   0.000000e+00 -1.275883e+00) (   1.146642e+01   0.000000e+00 -1.155273e+00) (   1.719963e+01   0.000000e+00 -1.279418e+00) (   2.293283e+01   0.000000e+00 -1.651070e+00) 
14.7	(   1.146642e+00   0.000000e+00 -1.137649e+00) (   5.733208e+00   0.000000e+00 -1.259821e+00) (   1.146642e+01   0.000000e+00 -1.167467e+00) (   1.719963e+01   0.000000e+00 -1.269101e+00) (   2.293283e+01   0.000000e+00 -1.651614e+00) 
14.8	(   1.146642e+00   0.000000e+00 -1.147562e+00) (   5.733208e+00   0.000000e+00 -1.241482e+00) (   1.146642e+01   0.000000e+00 -1.182245e+00) (   1.719963e+01   0.000000e+00 -1.255781e+00) (   2.293283e+01   0.000000e+00 -1.652291e+00) 
14.9	(   1.146642e+00   0.000000e+00 -1.161153e+00) (   5.733208e+00   0.000000e+00 -1.221970e+00) (   1.146642e+01   0.000000e+00 -1.198980e+00) (   1.719963e+01   0.000000e+00 -1.240348e+00) (   2.293283e+01   0.000000e+00 -1.653087e+00) 
15	(   1.146642e+00   0.000000e+00 -1.177900e+00) (   5.733208e+00   0.000000e+00 -1.202414e+00) (   1.146642e+01   0.000000e+00 -1.216853e+00) (   1.719963e+01   0.000000e+00 -1.223759e+00) (   2.293283e+01   0.000000e+00 -1.653965e+00) 
15.1	(   1.146642e+00   0.000000e+00 -1.197053e+00) (   5.733208e+00   0.000000e+00 -1.183927e+00) (   1.146642e+01   0.000000e+00 -1.234975e+00) (   1.719963e+01   0.000000e+00 -1.206927e+00) (   2.293283e+01   0.000000e+00 -1.654865e+00) 
15.2	(   1.146642e+00   0.000000e+00 -1.217471e+00) (   5.733208e+00   0.000000e+00 -1.167403e+00) (   1.146642e+01   0.000000e+00 -1.252386e+00) (   1.719963e+01   0.000000e+00 -1.190805e+00) (   2.293283e+01   0.000000e+00 -1.655708e+00) 
15.3	(   1.146642e+00   0.000000e+00 -1.238187e+00) (   5.733208e+00   0.000000e+00 -1.153660e+00) (   1.146642e+01   0.000000e+00 -1.268059e+00) (   1.719963e+01   0.000000e+00 -1.176224e+00) (   2.293283e+01   0.000000e+00 -1.656409e+00) 
15.4	(   1.146642e+00   0.000000e+00 -1.258004e+00) (   5.733208e+00   0.000000e+00 -1.143338e+00) (   1.146642e+01   0.000000e+00 -1.281020e+00) (   1.719963e+01   0.000000e+00 -1.163894e+00) (   2.293283e+01   0.000000e+00 -1.656880e+00) 
15.5	(   1.146642e+00   0.000000e+00 -1.275315e+00) (   5.733208e+00   0.000000e+00 -1.136791e+00) (   1.146642e+01   0.000000e+00 -1.290857e+00) (   1.719963e+01   0.000000e+00 -1.154408e+00) (   2.293283e+01   0.000000e+00 -1.657059e+00) 
15.6	(   1.146642e+00   0.000000e+00 -1.289446e+00) (   5.733208e+00   0.000000e+00 -1.134273e+00) (   1.146642e+01   0.000000e+00 -1.296744e+00) (   1.719963e+01   0.000000e+00 -1.148185e+00) (   2.293283e+01   0.000000e+00 -1.656911e+00) 
15.7	(   1.146642e+00   0.000000e+00 -1.300383e+00) (   5.733208e+00   0.000000e+00 -1.135882e+00) (   1.146642e+01   0.000000e+00 -1.297653e+00) (   1.719963e+01   0.000000e+00 -1.145533e+00) (   2.293283e+01   0.000000e+00 -1.656444e+00) 
15.8	(   1.146642e+00   0.000000e+00 -1.306562e+00) (   5.733208e+00   0.000000e+00 -1.141543e+00) (   1.146642e+01   0.000000e+00 -1.293295e+00) (   1.719963e+01   0.000000e+00 -1.146534e+00) (   2.293283e+01   0.000000e+00 -1.655699e+00) 
15.9	(   1.146642e+00   0.000000e+00 -1.306952e+00) (   5.733208e+00   0.000000e+00 -1.151033e+00) (   1.146642e+01   0.000000e+00 -1.284662e+00) (   1.719963e+01   0.000000e+00 -1.151168e+00) (   2.293283e+01   0.000000e+00 -1.654758e+00) 
16	(   1.146642e+00   0.000000e+00 -1.301222e+00) (   5.733208e+00   0.000000e+00 -1.163889e+00) (   1.146642e+01   0.000000e+00 -1.272697e+00) (   1.719963e+01   0.000000e+00 -1.159221e+00) (   2.293283e+01   0.000000e+00 -1.653718e+00) 
16.1	(   1.146642e+00   0.000000e+00 -1.290032e+00) (   5.733208e+00   0.000000e+00 -1.179471e+00) (   1.146642e+01   0.000000e+00 -1.257672e+00) (   1.719963e+01   0.000000e+00 -1.170324e+00) (   2.293283e+01   0.000000e+00 -1.652675e+00) 
16.2	(   1.146642e+00   0.000000e+00 -1.276322e+00) (   5.733208e+00   0.000000e+00 -1.197123e+00) (   1.146642e+01   0.000000e+00 -1.240542e+00) (   1.719963e+01   0.000000e+00 -1.183959e+00) (   2.293283e+01   0.000000e+00 -1.651716e+00) 
16.3	(   1.146642e+00   0.000000e+00 -1.259805e+00) (   5.733208e+00   0.000000e+00 -1.215982e+00) (   1.146642e+01   0.000000e+00 -1.222322e+00) (   1.719963e+01   0.000000e+00 -1.199544e+00) (   2.293283e+01   0.000000e+00 -1.650903e+00) 
16.4	(   1.146642e+00   0.000000e+00 -1.241263e+00) (   5.733208e+00   0.000000e+00 -1.235088e+00) (   1.146642e+01   0.000000e+00 -1.204032e+00) (   1.719963e+01   0.000000e+00 -1.216270e+00) (   2.293283e+01   0.000000e+00 -1.650270e+00) 
16.5	(   1.146642e+00   0.000000e+00 -1.221728e+00) (   5.733208e+00   0.000000e+00 -1.253450e+00) (   1.146642e+01   0.000000e+00 -1.186693e+00) (   1.719963e+01   0.000000e+00 -1.233255e+00) (   2.293283e+01   0.000000e+00 -1.649822e+00) 
16.6	(   1.146642e+00   0.000000e+00 -1.202202e+00) (   5.733208e+00   0.000000e+00 -1.269989e+00) (   1.146642e+01   0.000000e+00 -1.171160e+00) (   1.719963e+01   0.000000e+00 -1.249639e+00) (   2.293283e+01   0.000000e+00 -1.649541e+00) 
16.7	(   1.146642e+00   0.000000e+00 -1.183473e+00) (   5.733208e+00   0.000000e+00 -1.283718e+00) (   1.146642e+01   0.000000e+00 -1.158164e+00) (   1.719963e+01   0.000000e+00 -1.264383e+00) (   2.293283e+01   0.000000e+00 -1.649388e+00) 
16.8	(   1.146642e+00   0.000000e+00 -1.166448e+00) (   5.733208e+00   0.000000e+00 -1.294444e+00) (   1.146642e+01   0.000000e+00 -1.148280e+00) (   1.719963e+01   0.000000e+00 -1.276545e+00) (   2.293283e+01   0.000000e+00 -1.649319e+00) 
16.9	(   1.146642e+00   0.000000e+00 -1.152159e+00) (   5.733208e+00   0.000000e+00 -1.301065e+00) (   1.146642e+01   0.000000e+00 -1.141976e+00) (   1.719963e+01   0.000000e+00 -1.285451e+00) (   2.293283e+01   0.000000e+00 -1.649301e+00) 
17	(   1.146642e+00   0.000000e+00 -1.141327e+00) (   5.733208e+00   0.000000e+00 -1.302409e+00) (   1.146642e+01   0.000000e+00 -1.139449e+00) (   1.719963e+01   0.000000e+00 -1.290567e+00) (   2.293283e+01   0.000000e+00 -1.649325e+00) 
17.1	(   1.146642e+00   0.000000e+00 -1.134230e+00) (   5.733208e+00   0.000000e+00 -1.298130e+00) (   1.146642e+01   0.000000e+00 -1.140806e+00) (   1.719963e+01   0.000000e+00 -1.291102e+00) (   2.293283e+01   0.000000e+00 -1.649409e+00) 
17.2	(   1.146642e+00   0.000000e+00 -1.131161e+00) (   5.733208e+00   0.000000e+00 -1.288835e+00) (   1.146642e+01   0.000000e+00 -1.146009e+00) (   1.719963e+01   0.000000e+00 -1.286878e+00) (   2.293283e+01   0.000000e+00 -1.649599e+00) 
17.3	(   1.146642e+00   0.000000e+00 -1.132349e+00) (   5.733208e+00   0.000000e+00 -1.276530e+00) (   1.146642e+01   0.000000e+00 -1.154841e+00) (   1.719963e+01   0.000000e+00 -1.278998e+00) (   2.293283e+01   0.000000e+00 -1.649955e+00) 
17.4	(   1.146642e+00   0.000000e+00 -1.137846e+00) (   5.733208e+00   0.000000e+00 -1.260950e+00) (   1.146642e+01   0.000000e+00 -1.166896e+00) (   1.719963e+01   0.000000e+00 -1.267575e+00) (   2.293283e+01   0.000000e+00 -1.650539e+00) 
17.5	(   1.146642e+00   0.000000e+00 -1.147403e+00) (   5.733208e+00   0.000000e+00 -1.243035e+00) (   1.146642e+01   0.000000e+00 -1.181592e+00) (   1.719963e+01   0.000000e+00 -1.253395e+00) (   2.293283e+01   0.000000e+00 -1.651393e+00) 
17.6	(   1.146642e+00   0.000000e+00 -1.160622e+00) (   5.733208e+00   0.000000e+00 -1.223876e+00) (   1.146642e+01   0.000000e+00 -1.198276e+00) (   1.719963e+01   0.000000e+00 -1.237443e+00) (   2.293283e+01   0.000000e+00 -1.652528e+00) 
17.7	(   1.146642e+00   0.000000e+00 -1.177008e+00) (   5.733208e+00   0.000000e+00 -1.204562e+00) (   1.146642e+01   0.000000e+00 -1.216122e+00) (   1.719963e+01   0.000000e+00 -1.220703e+00) (   2.293283e+01   0.000000e+00 -1.653907e+00) 
17.8	(   1.146642e+00   0.000000e+00 -1.195819e+00) (   5.733208e+00   0.000000e+00 -1.186186e+00) (   1.146642e+01   0.000000e+00 -1.234231e+00) (   1.719963e+01   0.000000e+00 -1.204120e+00) (   2.293283e+01   0.000000e+00 -1.655438e+00) 
17.9	(   1.146642e+00   0.000000e+00 -1.215954e+00) (   5.733208e+00   0.000000e+00 -1.169655e+00) (   1.146642e+01   0.000000e+00 -1.251648e+00) (   1.719963e+01   0.000000e+00 -1.188603e+00) (   2.293283e+01   0.000000e+00 -1.656979e+00) 
18	(   1.146642e+00   0.000000e+00 -1.236403e+00) (   5.733208e+00   0.000000e+00 -1.155779e+00) (   1.146642e+01   0.000000e+00 -1.267349e+00) (   1.719963e+01   0.000000e+00 -1.174869e+00) (   2.293283e+01   0.000000e+00 -1.658359e+00) 
18.1	(   1.146642e+00   0.000000e+00 -1.256058e+00) (   5.733208e+00   0.000000e+00 -1.145210e+00) (   1.146642e+01   0.000000e+00 -1.280373e+00) (   1.719963e+01   0.000000e+00 -1.163509e+00) (   2.293283e+01   0.000000e+00 -1.659399e+00) 
18.2	(   1.146642e+00   0.000000e+00 -1.273317e+00) (   5.733208e+00   0.000000e+00 -1.138347e+00) (   1.146642e+01   0.000000e+00 -1.290287e+00) (   1.719963e+01   0.000000e+00 -1.154963e+00) (   2.293283e+01   0.000000e+00 -1.659953e+00) 
18.3	(   1.146642e+00   0.000000e+00 -1.287367e+00) (   5.733208e+00   0.000000e+00 -1.135451e+00) (   1.146642e+01   0.000000e+00 -1.296349e+00) (   1.719963e+01   0.000000e+00 -1.149553e+00) (   2.293283e+01   0.000000e+00 -1.659942e+00) 
18.4	(   1.146642e+00   0.000000e+00 -1.298348e+00) (   5.733208e+00   0.000000e+00 -1.136654e+00) (   1.146642e+01   0.000000e+00 -1.297524e+00) (   1.719963e+01   0.000000e+00 -1.147491e+00) (   2.293283e+01   0.000000e+00 -1.659363e+00) 
18.5	(   1.146642e+00   0.000000e+00 -1.304911e+00) (   5.733208e+00   0.000000e+00 -1.141906e+00) (   1.146642e+01   0.000000e+00 -1.293483e+00) (   1.719963e+01   0.000000e+00 -1.148839e+00) (   2.293283e+01   0.000000e+00 -1.658289e+00) 
18.6	(   1.146642e+00   0.000000e+00 -1.306012e+00) (   5.733208e+00   0.000000e+00 -1.151012e+00) (   1.146642e+01   0.000000e+00 -1.285126e+00) (   1.719963e+01   0.000000e+00 -1.153536e+00) (   2.293283e+01   0.000000e+00 -1.656877e+00) 
18.7	(   1.146642e+00   0.000000e+00 -1.301204e+00) (   5.733208e+00   0.000000e+00 -1.163524e+00) (   1.146642e+01   0.000000e+00 -1.273472e+00) (   1.719963e+01   0.000000e+00 -1.161365e+00) (   2.293283e+01   0.000000e+00 -1.655295e+00) 
18.8	(   1.146642e+00   0.000000e+00 -1.290898e+00) (   5.733208e+00   0.000000e+00 -1.178810e+00) (   1.146642e+01   0.000000e+00 -1.258743e+00) (   1.719963e+01   0.000000e+00 -1.171968e+00) (   2.293283e+01   0.000000e+00 -1.653725e+00) 
18.9	(   1.146642e+00   0.000000e+00 -1.277807e+00) (   5.733208e+00   0.000000e+00 -1.196204e+00) (   1.146642e+01   0.000000e+00 -1.241876e+00) (   1.719963e+01   0.000000e+00 -1.184892e+00) (   2.293283e+01   0.000000e+00 -1.652302e+00) 
19	(   1.146642e+00   0.000000e+00 -1.261923e+00) (   5.733208e+00   0.000000e+00 -1.214860e+00) (   1.146642e+01   0.000000e+00 -1.223880e+00) (   1.719963e+01   0.000000e+00 -1.199647e+00) (   2.293283e+01   0.000000e+00 -1.651134e+00) 
19.1	(   1.146642e+00   0.000000e+00 -1.243892e+00) (   5.733208e+00   0.000000e+00 -1.233817e+00) (   1.146642e+01   0.000000e+00 -1.205753e+00) (   1.719963e+01   0.000000e+00 -1.215547e+00) (   2.293283e+01   0.000000e+00 -1.650271e+00) 
19.2	(   1.146642e+00   0.000000e+00 -1.224752e+00) (   5.733208e+00   0.000000e+00 -1.252085e+00) (   1.146642e+01   0.000000e+00 -1.188489e+00) (   1.719963e+01   0.000000e+00 -1.231818e+00) (   2.293283e+01   0.000000e+00 -1.649709e+00) 
19.3	(   1.146642e+00   0.000000e+00 -1.205480e+00) (   5.733208e+00   0.000000e+00 -1.268602e+00) (   1.146642e+01   0.000000e+00 -1.172957e+00) (   1.719963e+01   0.000000e+00 -1.247695e+00) (   2.293283e+01   0.000000e+00 -1.649402e+00) 
19.4	(   1.146642e+00   0.000000e+00 -1.186845e+00) (   5.733208e+00   0.000000e+00 -1.282359e+00) (   1.146642e+01   0.000000e+00 -1.159866e+00) (   1.719963e+01   0.000000e+00 -1.262212e+00) (   2.293283e+01   0.000000e+00 -1.649271e+00) 
19.5	(   1.146642e+00   0.000000e+00 -1.169734e+00) (   5.733208e+00   0.000000e+00 -1.293116e+00) (   1.146642e+01   0.000000e+00 -1.149794e+00) (   1.719963e+01   0.000000e+00 -1.274439e+00) (   2.293283e+01   0.000000e+00 -1.649236e+00) 
19.6	(   1.146642e+00   0.000000e+00 -1.155170e+00) (   5.733208e+00   0.000000e+00 -1.299923e+00) (   1.146642e+01   0.000000e+00 -1.143202e+00) (   1.719963e+01   0.000000e+00 -1.283639e+00) (   2.293283e+01   0.000000e+00 -1.649232e+00) 
19.7	(   1.146642e+00   0.000000e+00 -1.143909e+00) (   5.733208e+00   0.000000e+00 -1.301606e+00) (   1.146642e+01   0.000000e+00 -1.140306e+00) (   1.719963e+01   0.000000e+00 -1.289307e+00) (   2.293283e+01   0.000000e+00 -1.649236e+00) 
19.8	(   1.146642e+00   0.000000e+00 -1.136294e+00) (   5.733208e+00   0.000000e+00 -1.297767e+00) (   1.146642e+01   0.000000e+00 -1.141219e+00) (   1.719963e+01   0.000000e+00 -1.290608e+00) (   2.293283e+01   0.000000e+00 -1.649275e+00) 
19.9	(   1.146642e+00   0.000000e+00 -1.132610e+00) (   5.733208e+00   0.000000e+00 -1.288935e+00) (   1.146642e+01   0.000000e+00 -1.145922e+00) (   1.719963e+01   0.000000e+00 -1.287139e+00) (   2.293283e+01   0.000000e+00 -1.649418e+00) 
20	(   1.146642e+00   0.000000e+00 -1.133112e+00) (   5.733208e+00   0.000000e+00 -1.277060e+00) (   1.146642e+01   0.000000e+00 -1.154226e+00) (   1.719963e+01   0.000000e+00 -1.279839e+00) (   2.293283e+01   0.000000e+00 -1.649751e+00) 
20.1	(   1.146642e+00   0.000000e+00 -1.137882e+00) (   5.733208e+00   0.000000e+00 -1.261913e+00) (   1.146642e+01   0.000000e+00 -1.165759e+00) (   1.719963e+01   0.000000e+00 -1.268806e+00) (   2.293283e+01   0.000000e+00 -1.650359e+00) 
20.2	(   1.146642e+00   0.000000e+00 -1.146726e+00) (   5.733208e+00   0.000000e+00 -1.244405e+00) (   1.146642e+01   0.000000e+00 -1.179975e+00) (   1.719963e+01   0.000000e+00 -1.254716e+00) (   2.293283e+01   0.000000e+00 -1.651294e+00) 
20.3	(   1.146642e+00   0.000000e+00 -1.159231e+00) (   5.733208e+00   0.000000e+00 -1.225620e+00) (   1.146642e+01   0.000000e+00 -1.196246e+00) (   1.719963e+01   0.000000e+00 -1.238530e+00) (   2.293283e+01   0.000000e+00 -1.652560e+00) 
20.4	(   1.146642e+00   0.000000e+00 -1.174944e+00) (   5.733208e+00   0.000000e+00 -1.206606e+00) (   1.146642e+01   0.000000e+00 -1.213794e+00) (   1.719963e+01   0.000000e+00 -1.221299e+00) (   2.293283e+01   0.000000e+00 -1.654103e+00) 
20.5	(   1.146642e+00   0.000000e+00 -1.193146e+00) (   5.733208e+00   0.000000e+00 -1.188431e+00) (   1.146642e+01   0.000000e+00 -1.231745e+00) (   1.719963e+01   0.000000e+00 -1.204060e+00) (   2.293283e+01   0.000000e+00 -1.655798e+00) 
20.6	(   1.146642e+00   0.000000e+00 -1.212804e+00) (   5.733208e+00   0.000000e+00 -1.171997e+00) (   1.146642e+01   0.000000e+00 -1.249158e+00) (   1.719963e+01   0.000000e+00 -1.187870e+00) (   2.293283e+01   0.000000e+00 -1.657476e+00) 
20.7	(   1.146642e+00   0.000000e+00 -1.232913e+00) (   5.733208e+00   0.000000e+00 -1.158081e+00) (   1.146642e+01   0.000000e+00 -1.265026e+00) (   1.719963e+01   0.000000e+00 -1.173604e+00) (   2.293283e+01   0.000000e+00 -1.658942e+00) 
20.8	(   1.146642e+00   0.000000e+00 -1.252489e+00) (   5.733208e+00   0.000000e+00 -1.147316e+00) (   1.146642e+01   0.000000e+00 -1.278364e+00) (   1.719963e+01   0.000000e+00 -1.161968e+00) (   2.293283e+01   0.000000e+00 -1.659995e+00) 
20.9	(   1.146642e+00   0.000000e+00 -1.270022e+00) (   5.733208e+00   0.000000e+00 -1.140152e+00) (   1.146642e+01   0.000000e+00 -1.288599e+00) (   1.719963e+01   0.000000e+00 -1.153457e+00) (   2.293283e+01   0.000000e+00 -1.660488e+00) 
21	(   1.146642e+00   0.000000e+00 -1.284542e+00) (   5.733208e+00   0.000000e+00 -1.136803e+00) (   1.146642e+01   0.000000e+00 -1.295159e+00) (   1.719963e+01   0.000000e+00 -1.148330e+00) (   2.293283e+01   0.000000e+00 -1.660351e+00) 
21.1	(   1.146642e+00   0.000000e+00 -1.296254e+00) (   5.733208e+00   0.000000e+00 -1.137428e+00) (   1.146642e+01   0.000000e+00 -1.296967e+00) (   1.719963e+01   0.000000e+00 -1.146712e+00) (   2.293283e+01   0.000000e+00 -1.659609e+00) 
21.2	(   1.146642e+00   0.000000e+00 -1.304005e+00) (   5.733208e+00   0.000000e+00 -1.141999e+00) (   1.146642e+01   0.000000e+00 -1.293579e+00) (   1.719963e+01   0.000000e+00 -1.148460e+00) (   2.293283e+01   0.000000e+00 -1.658374e+00) 
21.3	(   1.146642e+00   0.000000e+00 -1.306458e+00) (   5.733208e+00   0.000000e+00 -1.150361e+00) (   1.146642e+01   0.000000e+00 -1.285718e+00) (   1.719963e+01   0.000000e+00 -1.153405e+00) (   2.293283e+01   0.000000e+00 -1.656819e+00) 
21.4	(   1.146642e+00   0.000000e+00 -1.302860e+00) (   5.733208e+00   0.000000e+00 -1.162114e+00) (   1.146642e+01   0.000000e+00 -1.274498e+00) (   1.719963e+01   0.000000e+00 -1.161291e+00) (   2.293283e+01   0.000000e+00 -1.655131e+00) 
21.5	(   1.146642e+00   0.000000e+00 -1.293367e+00) (   5.733208e+00   0.000000e+00 -1.176676e+00) (   1.146642e+01   0.000000e+00 -1.260086e+00) (   1.719963e+01   0.000000e+00 -1.171807e+00) (   2.293283e+01   0.000000e+00 -1.653499e+00) 
21.6	(   1.146642e+00   0.000000e+00 -1.280474e+00) (   5.733208e+00   0.000000e+00 -1.193417e+00) (   1.146642e+01   0.000000e+00 -1.243394e+00) (   1.719963e+01   0.000000e+00 -1.184610e+00) (   2.293283e+01   0.000000e+00 -1.652067e+00) 
21.7	(   1.146642e+00   0.000000e+00 -1.264914e+00) (   5.733208e+00   0.000000e+00 -1.211571e+00) (   1.146642e+01   0.000000e+00 -1.225450e+00) (   1.719963e+01   0.000000e+00 -1.199317e+00) (   2.293283e+01   0.000000e+00 -1.650925e+00) 
21.8	(   1.146642e+00   0.000000e+00 -1.247029e+00) (   5.733208e+00   0.000000e+00 -1.230221e+00) (   1.146642e+01   0.000000e+00 -1.207242e+00) (   1.719963e+01   0.000000e+00 -1.215311e+00) (   2.293283e+01   0.000000e+00 -1.650112e+00) 
21.9	(   1.146642e+00   0.000000e+00 -1.227878e+00) (   5.733208e+00   0.000000e+00 -1.248396e+00) (   1.146642e+01   0.000000e+00 -1.189784e+00) (   1.719963e+01   0.000000e+00 -1.231844e+00) (   2.293283e+01   0.000000e+00 -1.649607e+00) 
22	(   1.146642e+00   0.000000e+00 -1.208450e+00) (   5.733208e+00   0.000000e+00 -1.265087e+00) (   1.146642e+01   0.000000e+00 -1.173986e+00) (   1.719963e+01   0.000000e+00 -1.248111e+00) (   2.293283e+01   0.000000e+00 -1.649349e+00) 
22.1	(   1.146642e+00   0.000000e+00 -1.189514e+00) (   5.733208e+00   0.000000e+00 -1.279250e+00) (   1.146642e+01   0.000000e+00 -1.160584e+00) (   1.719963e+01   0.000000e+00 -1.263079e+00) (   2.293283e+01   0.000000e+00 -1.649252e+00) 
22.2	(   1.146642e+00   0.000000e+00 -1.171960e+00) (   5.733208e+00   0.000000e+00 -1.290422e+00) (   1.146642e+01   0.000000e+00 -1.150182e+00) (   1.719963e+01   0.000000e+00 -1.275749e+00) (   2.293283e+01   0.000000e+00 -1.649232e+00) 
22.3	(   1.146642e+00   0.000000e+00 -1.156818e+00) (   5.733208e+00   0.000000e+00 -1.297999e+00) (   1.146642e+01   0.000000e+00 -1.143257e+00) (   1.719963e+01   0.000000e+00 -1.285334e+00) (   2.293283e+01   0.000000e+00 -1.649231e+00) 
22.4	(   1.146642e+00   0.000000e+00 -1.144896e+00) (   5.733208e+00   0.000000e+00 -1.300716e+00) (   1.146642e+01   0.000000e+00 -1.140037e+00) (   1.719963e+01   0.000000e+00 -1.291217e+00) (   2.293283e+01   0.000000e+00 -1.649238e+00) 
22.5	(   1.146642e+00   0.000000e+00 -1.136580e+00) (   5.733208e+00   0.000000e+00 -1.297974e+00) (   1.146642e+01   0.000000e+00 -1.140640e+00) (   1.719963e+01   0.000000e+00 -1.292414e+00) (   2.293283e+01   0.000000e+00 -1.649292e+00) 
22.6	(   1.146642e+00   0.000000e+00 -1.132161e+00) (   5.733208e+00   0.000000e+00 -1.290072e+00) (   1.146642e+01   0.000000e+00 -1.145040e+00) (   1.719963e+01   0.000000e+00 -1.288504e+00) (   2.293283e+01   0.000000e+00 -1.649473e+00) 
22.7	(   1.146642e+00   0.000000e+00 -1.131923e+00) (   5.733208e+00   0.000000e+00 -1.278847e+00) (   1.146642e+01   0.000000e+00 -1.153060e+00) (   1.719963e+01   0.000000e+00 -1.280536e+00) (   2.293283e+01   0.000000e+00 -1.649874e+00) 
22.8	(   1.146642e+00   0.000000e+00 -1.135976e+00) (   5.733208e+00   0.000000e+00 -1.264263e+00) (   1.146642e+01   0.000000e+00 -1.164334e+00) (   1.719963e+01   0.000000e+00 -1.268755e+00) (   2.293283e+01   0.000000e+00 -1.650575e+00) 
22.9	(   1.146642e+00   0.000000e+00 -1.144172e+00) (   5.733208e+00   0.000000e+00 -1.247108e+00) (   1.146642e+01   0.000000e+00 -1.178332e+00) (   1.719963e+01   0.000000e+00 -1.253857e+00) (   2.293283e+01   0.000000e+00 -1.651616e+00) 
23	(   1.146642e+00   0.000000e+00 -1.156116e+00) (   5.733208e+00   0.000000e+00 -1.228473e+00) (   1.146642e+01   0.000000e+00 -1.194433e+00) (   1.719963e+01   0.000000e+00 -1.236925e+00) (   2.293283e+01   0.000000e+00 -1.652985e+00) 
23.1	(   1.146642e+00   0.000000e+00 -1.171415e+00) (   5.733208e+00   0.000000e+00 -1.209399e+00) (   1.146642e+01   0.000000e+00 -1.211889e+00) (   1.719963e+01   0.000000e+00 -1.219132e+00) (   2.293283e+01   0.000000e+00 -1.654606e+00) 
23.2	(   1.146642e+00   0.000000e+00 -1.189373e+00) (   5.733208e+00   0.000000e+00 -1.190969e+00) (   1.146642e+01   0.000000e+00 -1.229849e+00) (   1.719963e+01   0.000000e+00 -1.201639e+00) (   2.293283e+01   0.000000e+00 -1.656347e+00) 
23.3	(   1.146642e+00   0.000000e+00 -1.209052e+00) (   5.733208e+00   0.000000e+00 -1.174143e+00) (   1.146642e+01   0.000000e+00 -1.247377e+00) (   1.719963e+01   0.000000e+00 -1.185536e+00) (   2.293283e+01   0.000000e+00 -1.658015e+00) 
23.4	(   1.146642e+00   0.000000e+00 -1.229414e+00) (   5.733208e+00   0.000000e+00 -1.159706e+00) (   1.146642e+01   0.000000e+00 -1.263482e+00) (   1.719963e+01   0.000000e+00 -1.171663e+00) (   2.293283e+01   0.000000e+00 -1.659404e+00) 
23.5	(   1.146642e+00   0.000000e+00 -1.249500e+00) (   5.733208e+00   0.000000e+00 -1.148326e+00) (   1.146642e+01   0.000000e+00 -1.277169e+00) (   1.719963e+01   0.000000e+00 -1.160659e+00) (   2.293283e+01   0.000000e+00 -1.660330e+00) 
23.6	(   1.146642e+00   0.000000e+00 -1.267800e+00) (   5.733208e+00   0.000000e+00 -1.140496e+00) (   1.146642e+01   0.000000e+00 -1.287800e+00) (   1.719963e+01   0.000000e+00 -1.152872e+00) (   2.293283e+01   0.000000e+00 -1.660664e+00) 
23.7	(   1.146642e+00   0.000000e+00 -1.283149e+00) (   5.733208e+00   0.000000e+00 -1.136448e+00) (   1.146642e+01   0.000000e+00 -1.294882e+00) (   1.719963e+01   0.000000e+00 -1.148413e+00) (   2.293283e+01   0.000000e+00 -1.660357e+00) 
23.8	(   1.146642e+00   0.000000e+00 -1.295690e+00) (   5.733208e+00   0.000000e+00 -1.136378e+00) (   1.146642e+01   0.000000e+00 -1.297299e+00) (   1.719963e+01   0.000000e+00 -1.147296e+00) (   2.293283e+01   0.000000e+00 -1.659460e+00) 
23.9	(   1.146642e+00   0.000000e+00 -1.304351e+00) (   5.733208e+00   0.000000e+00 -1.140288e+00) (   1.146642e+01   0.000000e+00 -1.294512e+00) (   1.719963e+01   0.000000e+00 -1.149259e+00) (   2.293283e+01   0.000000e+00 -1.658104e+00) 
24	(   1.146642e+00   0.000000e+00 -1.307628e+00) (   5.733208e+00   0.000000e+00 -1.148062e+00) (   1.146642e+01   0.000000e+00 -1.287011e+00) (   1.719963e+01   0.000000e+00 -1.154114e+00) (   2.293283e+01   0.000000e+00 -1.656472e+00) 
24.1	(   1.146642e+00   0.000000e+00 -1.304684e+00) (   5.733208e+00   0.000000e+00 -1.159351e+00) (   1.146642e+01   0.000000e+00 -1.276169e+00) (   1.719963e+01   0.000000e+00 -1.161666e+00) (   2.293283e+01   0.000000e+00 -1.654763e+00) 
24.2	(   1.146642e+00   0.000000e+00 -1.295604e+00) (   5.733208e+00   0.000000e+00 -1.173610e+00) (   1.146642e+01   0.000000e+00 -1.262011e+00) (   1.719963e+01   0.000000e+00 -1.171788e+00) (   2.293283e+01   0.000000e+00 -1.653151e+00) 
24.3	(   1.146642e+00   0.000000e+00 -1.282644e+00) (   5.733208e+00   0.000000e+00 -1.190217e+00) (   1.146642e+01   0.000000e+00 -1.245423e+00) (   1.719963e+01   0.000000e+00 -1.184309e+00) (   2.293283e+01   0.000000e+00 -1.651769e+00) 
24.4	(   1.146642e+00   0.000000e+00 -1.267196e+00) (   5.733208e+00   0.000000e+00 -1.208442e+00) (   1.146642e+01   0.000000e+00 -1.227454e+00) (   1.719963e+01   0.000000e+00 -1.198948e+00) (   2.293283e+01   0.000000e+00 -1.650697e+00) 
24.5	(   1.146642e+00   0.000000e+00 -1.249286e+00) (   5.733208e+00   0.000000e+00 -1.227378e+00) (   1.146642e+01   0.000000e+00 -1.209088e+00) (   1.719963e+01   0.000000e+00 -1.215111e+00) (   2.293283e+01   0.000000e+00 -1.649958e+00) 
24.6	(   1.146642e+00   0.000000e+00 -1.229977e+00) (   5.733208e+00   0.000000e+00 -1.246029e+00) (   1.146642e+01   0.000000e+00 -1.191354e+00) (   1.719963e+01   0.000000e+00 -1.231981e+00) (   2.293283e+01   0.000000e+00 -1.649518e+00) 
24.7	(   1.146642e+00   0.000000e+00 -1.210299e+00) (   5.733208e+00   0.000000e+00 -1.263374e+00) (   1.146642e+01   0.000000e+00 -1.175203e+00) (   1.719963e+01   0.000000e+00 -1.248667e+00) (   2.293283e+01   0.000000e+00 -1.649309e+00) 
24.8	(   1.146642e+00   0.000000e+00 -1.191049e+00) (   5.733208e+00   0.000000e+00 -1.278311e+00) (   1.146642e+01   0.000000e+00 -1.161388e+00) (   1.719963e+01   0.000000e+00 -1.264033e+00) (   2.293283e+01   0.000000e+00 -1.649240e+00) 
24.9	(   1.146642e+00   0.000000e+00 -1.173113e+00) (   5.733208e+00   0.000000e+00 -1.290288e+00) (   1.146642e+01   0.000000e+00 -1.150543e+00) (   1.719963e+01   0.000000e+00 -1.276986e+00) (   2.293283e+01   0.000000e+00 -1.649231e+00) 
25	(   1.146642e+00   0.000000e+00 -1.157533e+00) (   5.733208e+00   0.000000e+00 -1.298758e+00) (   1.146642e+01   0.000000e+00 -1.143162e+00) (   1.719963e+01   0.000000e+00 -1.286729e+00) (   2.293283e+01   0.000000e+00 -1.649232e+00) 
25.1	(   1.146642e+00   0.000000e+00 -1.145159e+00) (   5.733208e+00   0.000000e+00 -1.302313e+00) (   1.146642e+01   0.000000e+00 -1.139494e+00) (   1.719963e+01   0.000000e+00 -1.292550e+00) (   2.293283e+01   0.000000e+00 -1.649239e+00) 
25.2	(   1.146642e+00   0.000000e+00 -1.136410e+00) (   5.733208e+00   0.000000e+00 -1.300221e+00) (   1.146642e+01   0.000000e+00 -1.139668e+00) (   1.719963e+01   0.000000e+00 -1.293401e+00) (   2.293283e+01   0.000000e+00 -1.649302e+00) 
25.3	(   1.146642e+00   0.000000e+00 -1.131565e+00) (   5.733208e+00   0.000000e+00 -1.292698e+00) (   1.146642e+01   0.000000e+00 -1.143664e+00) (   1.719963e+01   0.000000e+00 -1.288970e+00) (   2.293283e+01   0.000000e+00 -1.649506e+00) 
25.4	(   1.146642e+00   0.000000e+00 -1.130914e+00) (   5.733208e+00   0.000000e+00 -1.281453e+00) (   1.146642e+01   0.000000e+00 -1.151329e+00) (   1.719963e+01   0.000000e+00 -1.280473e+00) (   2.293283e+01   0.000000e+00 -1.649941e+00) 
25.5	(   1.146642e+00   0.000000e+00 -1.134581e+00) (   5.733208e+00   0.000000e+00 -1.266977e+00) (   1.146642e+01   0.000000e+00 -1.162316e+00) (   1.719963e+01   0.000000e+00 -1.268211e+00) (   2.293283e+01   0.000000e+00 -1.650683e+00) 
25.6	(   1.146642e+00   0.000000e+00 -1.142450e+00) (   5.733208e+00   0.000000e+00 -1.249798e+00) (   1.146642e+01   0.000000e+00 -1.176121e+00) (   1.719963e+01   0.000000e+00 -1.252956e+00) (   2.293283e+01   0.000000e+00 -1.651766e+00) 
25.7	(   1.146642e+00   0.000000e+00 -1.154130e+00) (   5.733208e+00   0.000000e+00 -1.231001e+00) (   1.146642e+01   0.000000e+00 -1.192126e+00) (   1.719963e+01   0.000000e+00 -1.235835e+00) (   2.293283e+01   0.000000e+00 -1.653165e+00) 
25.8	(   1.146642e+00   0.000000e+00 -1.169259e+00) (   5.733208e+00   0.000000e+00 -1.211651e+00) (   1.146642e+01   0.000000e+00 -1.209612e+00) (   1.719963e+01   0.000000e+00 -1.218038e+00) (   2.293283e+01   0.000000e+00 -1.654800e+00) 
25.9	(   1.146642e+00   0.000000e+00 -1.187165e+00) (   5.733208e+00   0.000000e+00 -1.192826e+00) (   1.146642e+01   0.000000e+00 -1.227740e+00) (   1.719963e+01   0.000000e+00 -1.200733e+00) (   2.293283e+01   0.000000e+00 -1.656534e+00) 
26	(   1.146642e+00   0.000000e+00 -1.206964e+00) (   5.733208e+00   0.000000e+00 -1.175517e+00) (   1.146642e+01   0.000000e+00 -1.245569e+00) (   1.719963e+01   0.000000e+00 -1.184998e+00) (   2.293283e+01   0.000000e+00 -1.658180e+00) 
26.1	(   1.146642e+00   0.000000e+00 -1.227579e+00) (   5.733208e+00   0.000000e+00 -1.160499e+00) (   1.146642e+01   0.000000e+00 -1.262114e+00) (   1.719963e+01   0.000000e+00 -1.171618e+00) (   2.293283e+01   0.000000e+00 -1.659529e+00) 
26.2	(   1.146642e+00   0.000000e+00 -1.248069e+00) (   5.733208e+00   0.000000e+00 -1.148473e+00) (   1.146642e+01   0.000000e+00 -1.276356e+00) (   1.719963e+01   0.000000e+00 -1.161167e+00) (   2.293283e+01   0.000000e+00 -1.660405e+00) 
26.3	(   1.146642e+00   0.000000e+00 -1.266906e+00) (   5.733208e+00   0.000000e+00 -1.139965e+00) (   1.146642e+01   0.000000e+00 -1.287602e+00) (   1.719963e+01   0.000000e+00 -1.153915e+00) (   2.293283e+01   0.000000e+00 -1.660685e+00) 
26.4	(   1.146642e+00   0.000000e+00 -1.282801e+00) (   5.733208e+00   0.000000e+00 -1.135240e+00) (   1.146642e+01   0.000000e+00 -1.295401e+00) (   1.719963e+01   0.000000e+00 -1.149891e+00) (   2.293283e+01   0.000000e+00 -1.660331e+00) 
26.5	(   1.146642e+00   0.000000e+00 -1.295856e+00) (   5.733208e+00   0.000000e+00 -1.134535e+00) (   1.146642e+01   0.000000e+00 -1.298546e+00) (   1.719963e+01   0.000000e+00 -1.148992e+00) (   2.293283e+01   0.000000e+00 -1.659400e+00) 
26.6	(   1.146642e+00   0.000000e+00 -1.304999e+00) (   5.733208e+00   0.000000e+00 -1.137889e+00) (   1.146642e+01   0.000000e+00 -1.296378e+00) (   1.719963e+01   0.000000e+00 -1.151015e+00) (   2.293283e+01   0.000000e+00 -1.658026e+00) 
26.7	(   1.146642e+00   0.000000e+00 -1.308653e+00) (   5.733208e+00   0.000000e+00 -1.145220e+00) (   1.146642e+01   0.000000e+00 -1.289120e+00) (   1.719963e+01   0.000000e+00 -1.155787e+00) (   2.293283e+01   0.000000e+00 -1.656392e+00) 
26.8	(   1.146642e+00   0.000000e+00 -1.306014e+00) (   5.733208e+00   0.000000e+00 -1.156236e+00) (   1.146642e+01   0.000000e+00 -1.278524e+00) (   1.719963e+01   0.000000e+00 -1.163160e+00) (   2.293283e+01   0.000000e+00 -1.654692e+00) 
26.9	(   1.146642e+00   0.000000e+00 -1.297152e+00) (   5.733208e+00   0.000000e+00 -1.170416e+00) (   1.146642e+01   0.000000e+00 -1.264502e+00) (   1.719963e+01   0.000000e+00 -1.172993e+00) (   2.293283e+01   0.000000e+00 -1.653095e+00) 
27	(   1.146642e+00   0.000000e+00 -1.284104e+00) (   5.733208e+00   0.000000e+00 -1.187131e+00) (   1.146642e+01   0.000000e+00 -1.247912e+00) (   1.719963e+01   0.000000e+00 -1.185104e+00) (   2.293283e+01   0.000000e+00 -1.651731e+00) 
27.1	(   1.146642e+00   0.000000e+00 -1.268726e+00) (   5.733208e+00   0.000000e+00 -1.205656e+00) (   1.146642e+01   0.000000e+00 -1.229833e+00) (   1.719963e+01   0.000000e+00 -1.199233e+00) (   2.293283e+01   0.000000e+00 -1.650676e+00) 
27.2	(   1.146642e+00   0.000000e+00 -1.250794e+00) (   5.733208e+00   0.000000e+00 -1.225078e+00) (   1.146642e+01   0.000000e+00 -1.211295e+00) (   1.719963e+01   0.000000e+00 -1.214821e+00) (   2.293283e+01   0.000000e+00 -1.649949e+00) 
27.3	(   1.146642e+00   0.000000e+00 -1.231358e+00) (   5.733208e+00   0.000000e+00 -1.244351e+00) (   1.146642e+01   0.000000e+00 -1.193356e+00) (   1.719963e+01   0.000000e+00 -1.231076e+00) (   2.293283e+01   0.000000e+00 -1.649515e+00) 
27.4	(   1.146642e+00   0.000000e+00 -1.211472e+00) (   5.733208e+00   0.000000e+00 -1.262425e+00) (   1.146642e+01   0.000000e+00 -1.177019e+00) (   1.719963e+01   0.000000e+00 -1.247125e+00) (   2.293283e+01   0.000000e+00 -1.649308e+00) 
27.5	(   1.146642e+00   0.000000e+00 -1.191966e+00) (   5.733208e+00   0.000000e+00 -1.278156e+00) (   1.146642e+01   0.000000e+00 -1.163033e+00) (   1.719963e+01   0.000000e+00 -1.261882e+00) (   2.293283e+01   0.000000e+00 -1.649240e+00) 
27.6	(   1.146642e+00   0.000000e+00 -1.173722e+00) (   5.733208e+00   0.000000e+00 -1.290985e+00) (   1.146642e+01   0.000000e+00 -1.152031e+00) (   1.719963e+01   0.000000e+00 -1.274318e+00) (   2.293283e+01   0.000000e+00 -1.649232e+00) 
27.7	(   1.146642e+00   0.000000e+00 -1.157785e+00) (   5.733208e+00   0.000000e+00 -1.300395e+00) (   1.146642e+01   0.000000e+00 -1.144471e+00) (   1.719963e+01   0.000000e+00 -1.283600e+00) (   2.293283e+01   0.000000e+00 -1.649232e+00) 
27.8	(   1.146642e+00   0.000000e+00 -1.145058e+00) (   5.733208e+00   0.000000e+00 -1.304850e+00) (   1.146642e+01   0.000000e+00 -1.140564e+00) (   1.719963e+01   0.000000e+00 -1.289144e+00) (   2.293283e+01   0.000000e+00 -1.649237e+00) 
27.9	(   1.146642e+00   0.000000e+00 -1.135987e+00) (   5.733208e+00   0.000000e+00 -1.303490e+00) (   1.146642e+01   0.000000e+00 -1.140380e+00) (   1.719963e+01   0.000000e+00 -1.290090e+00) (   2.293283e+01   0.000000e+00 -1.649295e+00) 
28	(   1.146642e+00   0.000000e+00 -1.130853e+00) (   5.733208e+00   0.000000e+00 -1.296442e+00) (   1.146642e+01   0.000000e+00 -1.143865e+00) (   1.719963e+01   0.000000e+00 -1.286159e+00) (   2.293283e+01   0.000000e+00 -1.649485e+00) 
28.1	(   1.146642e+00   0.000000e+00 -1.129949e+00) (   5.733208e+00   0.000000e+00 -1.285102e+00) (   1.146642e+01   0.000000e+00 -1.150858e+00) (   1.719963e+01   0.000000e+00 -1.278307e+00) (   2.293283e+01   0.000000e+00 -1.649899e+00) 
28.2	(   1.146642e+00   0.000000e+00 -1.133421e+00) (   5.733208e+00   0.000000e+00 -1.270809e+00) (   1.146642e+01   0.000000e+00 -1.161044e+00) (   1.719963e+01   0.000000e+00 -1.266725e+00) (   2.293283e+01   0.000000e+00 -1.650607e+00) 
28.3	(   1.146642e+00   0.000000e+00 -1.141179e+00) (   5.733208e+00   0.000000e+00 -1.253617e+00) (   1.146642e+01   0.000000e+00 -1.173988e+00) (   1.719963e+01   0.000000e+00 -1.252235e+00) (   2.293283e+01   0.000000e+00 -1.651649e+00) 
28.4	(   1.146642e+00   0.000000e+00 -1.152832e+00) (   5.733208e+00   0.000000e+00 -1.234587e+00) (   1.146642e+01   0.000000e+00 -1.189153e+00) (   1.719963e+01   0.000000e+00 -1.235915e+00) (   2.293283e+01   0.000000e+00 -1.653009e+00) 
28.5	(   1.146642e+00   0.000000e+00 -1.168025e+00) (   5.733208e+00   0.000000e+00 -1.214809e+00) (   1.146642e+01   0.000000e+00 -1.205935e+00) (   1.719963e+01   0.000000e+00 -1.218894e+00) (   2.293283e+01   0.000000e+00 -1.654611e+00) 
28.6	(   1.146642e+00   0.000000e+00 -1.186094e+00) (   5.733208e+00   0.000000e+00 -1.195381e+00) (   1.146642e+01   0.000000e+00 -1.223579e+00) (   1.719963e+01   0.000000e+00 -1.202289e+00) (   2.293283e+01   0.000000e+00 -1.656328e+00) 
28.7	(   1.146642e+00   0.000000e+00 -1.206170e+00) (   5.733208e+00   0.000000e+00 -1.177363e+00) (   1.146642e+01   0.000000e+00 -1.241183e+00) (   1.719963e+01   0.000000e+00 -1.187133e+00) (   2.293283e+01   0.000000e+00 -1.657981e+00) 
28.8	(   1.146642e+00   0.000000e+00 -1.227119e+00) (   5.733208e+00   0.000000e+00 -1.161551e+00) (   1.146642e+01   0.000000e+00 -1.257813e+00) (   1.719963e+01   0.000000e+00 -1.174171e+00) (   2.293283e+01   0.000000e+00 -1.659366e+00) 
28.9	(   1.146642e+00   0.000000e+00 -1.248017e+00) (   5.733208e+00   0.000000e+00 -1.148716e+00) (   1.146642e+01   0.000000e+00 -1.272434e+00) (   1.719963e+01   0.000000e+00 -1.163937e+00) (   2.293283e+01   0.000000e+00 -1.660302e+00) 
29	(   1.146642e+00   0.000000e+00 -1.267323e+00) (   5.733208e+00   0.000000e+00 -1.139426e+00) (   1.146642e+01   0.000000e+00 -1.284161e+00) (   1.719963e+01   0.000000e+00 -1.156711e+00) (   2.293283e+01   0.000000e+00 -1.660659e+00) 
29.1	(   1.146642e+00   0.000000e+00 -1.283699e+00) (   5.733208e+00   0.000000e+00 -1.133991e+00) (   1.146642e+01   0.000000e+00 -1.292618e+00) (   1.719963e+01   0.000000e+00 -1.152561e+00) (   2.293283e+01   0.000000e+00 -1.660389e+00) 
29.2	(   1.146642e+00   0.000000e+00 -1.297320e+00) (   5.733208e+00   0.000000e+00 -1.132676e+00) (   1.146642e+01   0.000000e+00 -1.296746e+00) (   1.719963e+01   0.000000e+00 -1.151438e+00) (   2.293283e+01   0.000000e+00 -1.659534e+00) 
29.3	(   1.146642e+00   0.000000e+00 -1.306912e+00) (   5.733208e+00   0.000000e+00 -1.135530e+00) (   1.146642e+01   0.000000e+00 -1.295737e+00) (   1.719963e+01   0.000000e+00 -1.153209e+00) (   2.293283e+01   0.000000e+00 -1.658218e+00) 
29.4	(   1.146642e+00   0.000000e+00 -1.310779e+00) (   5.733208e+00   0.000000e+00 -1.142467e+00) (   1.146642e+01   0.000000e+00 -1.289587e+00) (   1.719963e+01   0.000000e+00 -1.157714e+00) (   2.293283e+01   0.000000e+00 -1.656619e+00) 
29.5	(   1.146642e+00   0.000000e+00 -1.308162e+00) (   5.733208e+00   0.000000e+00 -1.153220e+00) (   1.146642e+01   0.000000e+00 -1.279855e+00) (   1.719963e+01   0.000000e+00 -1.164798e+00) (   2.293283e+01   0.000000e+00 -1.654928e+00) 
29.6	(   1.146642e+00   0.000000e+00 -1.299180e+00) (   5.733208e+00   0.000000e+00 -1.167266e+00) (   1.146642e+01   0.000000e+00 -1.266651e+00) (   1.719963e+01   0.000000e+00 -1.174282e+00) (   2.293283e+01   0.000000e+00 -1.653314e+00) 
29.7	(   1.146642e+00   0.000000e+00 -1.285676e+00) (   5.733208e+00   0.000000e+00 -1.183953e+00) (   1.146642e+01   0.000000e+00 -1.250747e+00) (   1.719963e+01   0.000000e+00 -1.185933e+00) (   2.293283e+01   0.000000e+00 -1.651916e+00) 
29.8	(   1.146642e+00   0.000000e+00 -1.270110e+00) (   5.733208e+00   0.000000e+00 -1.202559e+00) (   1.146642e+01   0.000000e+00 -1.233204e+00) (   1.719963e+01   0.000000e+00 -1.199451e+00) (   2.293283e+01   0.000000e+00 -1.650815e+00) 
29.9	(   1.146642e+00   0.000000e+00 -1.251940e+00) (   5.733208e+00   0.000000e+00 -1.222169e+00) (   1.146642e+01   0.000000e+00 -1.215057e+00) (   1.719963e+01   0.000000e+00 -1.214293e+00) (   2.293283e+01   0.000000e+00 -1.650041e+00) 
30	(   1.146642e+00   0.000000e+00 -1.232221e+00) (   5.733208e+00   0.000000e+00 -1.241719e+00) (   1.146642e+01   0.000000e+00 -1.197349e+00) (   1.719963e+01   0.000000e+00 -1.229755e+00) (   2.293283e+01   0.000000e+00 -1.649566e+00) 
30.1	(   1.146642e+00   0.000000e+00 -1.212022e+00) (   5.733208e+00   0.000000e+00 -1.260167e+00) (   1.146642e+01   0.000000e+00 -1.181102e+00) (   1.719963e+01   0.000000e+00 -1.245092e+00) (   2.293283e+01   0.000000e+00 -1.649330e+00) 
30.2	(   1.146642e+00   0.000000e+00 -1.192220e+00) (   5.733208e+00   0.000000e+00 -1.276371e+00) (   1.146642e+01   0.000000e+00 -1.167036e+00) (   1.719963e+01   0.000000e+00 -1.259307e+00) (   2.293283e+01   0.000000e+00 -1.649245e+00) 
30.3	(   1.146642e+00   0.000000e+00 -1.173675e+00) (   5.733208e+00   0.000000e+00 -1.289653e+00) (   1.146642e+01   0.000000e+00 -1.155782e+00) (   1.719963e+01   0.000000e+00 -1.271372e+00) (   2.293283e+01   0.000000e+00 -1.649232e+00) 
30.4	(   1.146642e+00   0.000000e+00 -1.157426e+00) (   5.733208e+00   0.000000e+00 -1.299682e+00) (   1.146642e+01   0.000000e+00 -1.147759e+00) (   1.719963e+01   0.000000e+00 -1.280408e+00) (   2.293283e+01   0.000000e+00 -1.649232e+00) 
30.5	(   1.146642e+00   0.000000e+00 -1.144408e+00) (   5.733208e+00   0.000000e+00 -1.304939e+00) (   1.146642e+01   0.000000e+00 -1.143253e+00) (   1.719963e+01   0.000000e+00 -1.285822e+00) (   2.293283e+01   0.000000e+00 -1.649235e+00) 
30.6	(   1.146642e+00   0.000000e+00 -1.135073e+00) (   5.733208e+00   0.000000e+00 -1.304457e+00) (   1.146642e+01   0.000000e+00 -1.142295e+00) (   1.719963e+01   0.000000e+00 -1.286950e+00) (   2.293283e+01   0.000000e+00 -1.649279e+00) 
30.7	(   1.146642e+00   0.000000e+00 -1.129699e+00) (   5.733208e+00   0.000000e+00 -1.298230e+00) (   1.146642e+01   0.000000e+00 -1.144866e+00) (   1.719963e+01   0.000000e+00 -1.283561e+00) (   2.293283e+01   0.000000e+00 -1.649440e+00) 
30.8	(   1.146642e+00   0.000000e+00 -1.128566e+00) (   5.733208e+00   0.000000e+00 -1.287343e+00) (   1.146642e+01   0.000000e+00 -1.150862e+00) (   1.719963e+01   0.000000e+00 -1.276203e+00) (   2.293283e+01   0.000000e+00 -1.649810e+00) 
30.9	(   1.146642e+00   0.000000e+00 -1.131844e+00) (   5.733208e+00   0.000000e+00 -1.273661e+00) (   1.146642e+01   0.000000e+00 -1.160039e+00) (   1.719963e+01   0.000000e+00 -1.265207e+00) (   2.293283e+01   0.000000e+00 -1.650468e+00) 
31	(   1.146642e+00   0.000000e+00 -1.139468e+00) (   5.733208e+00   0.000000e+00 -1.256947e+00) (   1.146642e+01   0.000000e+00 -1.172035e+00) (   1.719963e+01   0.000000e+00 -1.251341e+00) (   2.293283e+01   0.000000e+00 -1.651456e+00) 
31.1	(   1.146642e+00   0.000000e+00 -1.151049e+00) (   5.733208e+00   0.000000e+00 -1.238218e+00) (   1.146642e+01   0.000000e+00 -1.186370e+00) (   1.719963e+01   0.000000e+00 -1.235644e+00) (   2.293283e+01   0.000000e+00 -1.652770e+00) 
31.2	(   1.146642e+00   0.000000e+00 -1.166252e+00) (   5.733208e+00   0.000000e+00 -1.218554e+00) (   1.146642e+01   0.000000e+00 -1.202505e+00) (   1.719963e+01   0.000000e+00 -1.219196e+00) (   2.293283e+01   0.000000e+00 -1.654344e+00) 
31.3	(   1.146642e+00   0.000000e+00 -1.184426e+00) (   5.733208e+00   0.000000e+00 -1.199042e+00) (   1.146642e+01   0.000000e+00 -1.219718e+00) (   1.719963e+01   0.000000e+00 -1.203095e+00) (   2.293283e+01   0.000000e+00 -1.656062e+00) 
31.4	(   1.146642e+00   0.000000e+00 -1.204717e+00) (   5.733208e+00   0.000000e+00 -1.180752e+00) (   1.146642e+01   0.000000e+00 -1.237098e+00) (   1.719963e+01   0.000000e+00 -1.188365e+00) (   2.293283e+01   0.000000e+00 -1.657751e+00) 
31.5	(   1.146642e+00   0.000000e+00 -1.225946e+00) (   5.733208e+00   0.000000e+00 -1.164504e+00) (   1.146642e+01   0.000000e+00 -1.253726e+00) (   1.719963e+01   0.000000e+00 -1.175734e+00) (   2.293283e+01   0.000000e+00 -1.659203e+00) 
31.6	(   1.146642e+00   0.000000e+00 -1.247188e+00) (   5.733208e+00   0.000000e+00 -1.151095e+00) (   1.146642e+01   0.000000e+00 -1.268554e+00) (   1.719963e+01   0.000000e+00 -1.165734e+00) (   2.293283e+01   0.000000e+00 -1.660234e+00) 
31.7	(   1.146642e+00   0.000000e+00 -1.266933e+00) (   5.733208e+00   0.000000e+00 -1.141118e+00) (   1.146642e+01   0.000000e+00 -1.280602e+00) (   1.719963e+01   0.000000e+00 -1.158644e+00) (   2.293283e+01   0.000000e+00 -1.660699e+00) 
31.8	(   1.146642e+00   0.000000e+00 -1.283805e+00) (   5.733208e+00   0.000000e+00 -1.134939e+00) (   1.146642e+01   0.000000e+00 -1.289359e+00) (   1.719963e+01   0.000000e+00 -1.154536e+00) (   2.293283e+01   0.000000e+00 -1.660537e+00) 
31.9	(   1.146642e+00   0.000000e+00 -1.298034e+00) (   5.733208e+00   0.000000e+00 -1.132847e+00) (   1.146642e+01   0.000000e+00 -1.294059e+00) (   1.719963e+01   0.000000e+00 -1.153372e+00) (   2.293283e+01   0.000000e+00 -1.659768e+00) 
32	(   1.146642e+00   0.000000e+00 -1.308333e+00) (   5.733208e+00   0.000000e+00 -1.134930e+00) (   1.146642e+01   0.000000e+00 -1.293861e+00) (   1.719963e+01   0.000000e+00 -1.155045e+00) (   2.293283e+01   0.000000e+00 -1.658507e+00) 
32.1	(   1.146642e+00   0.000000e+00 -1.312850e+00) (   5.733208e+00   0.000000e+00 -1.141127e+00) (   1.146642e+01   0.000000e+00 -1.288616e+00) (   1.719963e+01   0.000000e+00 -1.159416e+00) (   2.293283e+01   0.000000e+00 -1.656927e+00) 
32.2	(   1.146642e+00   0.000000e+00 -1.310741e+00) (   5.733208e+00   0.000000e+00 -1.151223e+00) (   1.146642e+01   0.000000e+00 -1.279728e+00) (   1.719963e+01   0.000000e+00 -1.166326e+00) (   2.293283e+01   0.000000e+00 -1.655221e+00) 
32.3	(   1.146642e+00   0.000000e+00 -1.302062e+00) (   5.733208e+00   0.000000e+00 -1.164719e+00) (   1.146642e+01   0.000000e+00 -1.267292e+00) (   1.719963e+01   0.000000e+00 -1.175577e+00) (   2.293283e+01   0.000000e+00 -1.653572e+00) 
32.4	(   1.146642e+00   0.000000e+00 -1.288309e+00) (   5.733208e+00   0.000000e+00 -1.180973e+00) (   1.146642e+01   0.000000e+00 -1.252102e+00) (   1.719963e+01   0.000000e+00 -1.186925e+00) (   2.293283e+01   0.000000e+00 -1.652122e+00) 
32.5	(   1.146642e+00   0.000000e+00 -1.272716e+00) (   5.733208e+00   0.000000e+00 -1.199280e+00) (   1.146642e+01   0.000000e+00 -1.235204e+00) (   1.719963e+01   0.000000e+00 -1.200059e+00) (   2.293283e+01   0.000000e+00 -1.650966e+00) 
32.6	(   1.146642e+00   0.000000e+00 -1.254465e+00) (   5.733208e+00   0.000000e+00 -1.218758e+00) (   1.146642e+01   0.000000e+00 -1.217616e+00) (   1.719963e+01   0.000000e+00 -1.214416e+00) (   2.293283e+01   0.000000e+00 -1.650136e+00) 
32.7	(   1.146642e+00   0.000000e+00 -1.234548e+00) (   5.733208e+00   0.000000e+00 -1.238335e+00) (   1.146642e+01   0.000000e+00 -1.200364e+00) (   1.719963e+01   0.000000e+00 -1.229324e+00) (   2.293283e+01   0.000000e+00 -1.649618e+00) 
32.8	(   1.146642e+00   0.000000e+00 -1.214051e+00) (   5.733208e+00   0.000000e+00 -1.256982e+00) (   1.146642e+01   0.000000e+00 -1.184436e+00) (   1.719963e+01   0.000000e+00 -1.244075e+00) (   2.293283e+01   0.000000e+00 -1.649351e+00) 
32.9	(   1.146642e+00   0.000000e+00 -1.193896e+00) (   5.733208e+00   0.000000e+00 -1.273565e+00) (   1.146642e+01   0.000000e+00 -1.170548e+00) (   1.719963e+01   0.000000e+00 -1.257776e+00) (   2.293283e+01   0.000000e+00 -1.649250e+00) 
33	(   1.146642e+00   0.000000e+00 -1.174946e+00) (   5.733208e+00   0.000000e+00 -1.287237e+00) (   1.146642e+01   0.000000e+00 -1.159300e+00) (   1.719963e+01   0.000000e+00 -1.269471e+00) (   2.293283e+01   0.000000e+00 -1.649232e+00) 
33.1	(   1.146642e+00   0.000000e+00 -1.158215e+00) (   5.733208e+00   0.000000e+00 -1.297819e+00) (   1.146642e+01   0.000000e+00 -1.151095e+00) (   1.719963e+01   0.000000e+00 -1.278309e+00) (   2.293283e+01   0.000000e+00 -1.649232e+00) 
33.2	(   1.146642e+00   0.000000e+00 -1.144678e+00) (   5.733208e+00   0.000000e+00 -1.303915e+00) (   1.146642e+01   0.000000e+00 -1.146199e+00) (   1.719963e+01   0.000000e+00 -1.283615e+00) (   2.293283e+01   0.000000e+00 -1.649233e+00) 
33.3	(   1.146642e+00   0.000000e+00 -1.134835e+00) (   5.733208e+00   0.000000e+00 -1.304425e+00) (   1.146642e+01   0.000000e+00 -1.144699e+00) (   1.719963e+01   0.000000e+00 -1.284837e+00) (   2.293283e+01   0.000000e+00 -1.649266e+00) 
33.4	(   1.146642e+00   0.000000e+00 -1.128968e+00) (   5.733208e+00   0.000000e+00 -1.299168e+00) (   1.146642e+01   0.000000e+00 -1.146579e+00) (   1.719963e+01   0.000000e+00 -1.281737e+00) (   2.293283e+01   0.000000e+00 -1.649404e+00) 
33.5	(   1.146642e+00   0.000000e+00 -1.127359e+00) (   5.733208e+00   0.000000e+00 -1.288943e+00) (   1.146642e+01   0.000000e+00 -1.151774e+00) (   1.719963e+01   0.000000e+00 -1.274649e+00) (   2.293283e+01   0.000000e+00 -1.649740e+00) 
33.6	(   1.146642e+00   0.000000e+00 -1.130203e+00) (   5.733208e+00   0.000000e+00 -1.275881e+00) (   1.146642e+01   0.000000e+00 -1.160095e+00) (   1.719963e+01   0.000000e+00 -1.263957e+00) (   2.293283e+01   0.000000e+00 -1.650356e+00) 
33.7	(   1.146642e+00   0.000000e+00 -1.137463e+00) (   5.733208e+00   0.000000e+00 -1.259641e+00) (   1.146642e+01   0.000000e+00 -1.171232e+00) (   1.719963e+01   0.000000e+00 -1.250393e+00) (   2.293283e+01   0.000000e+00 -1.651299e+00) 
33.8	(   1.146642e+00   0.000000e+00 -1.148771e+00) (   5.733208e+00   0.000000e+00 -1.241169e+00) (   1.146642e+01   0.000000e+00 -1.184747e+00) (   1.719963e+01   0.000000e+00 -1.234987e+00) (   2.293283e+01   0.000000e+00 -1.652574e+00) 
33.9	(   1.146642e+00   0.000000e+00 -1.163801e+00) (   5.733208e+00   0.000000e+00 -1.221554e+00) (   1.146642e+01   0.000000e+00 -1.200156e+00) (   1.719963e+01   0.000000e+00 -1.218820e+00) (   2.293283e+01   0.000000e+00 -1.654127e+00) 
34	(   1.146642e+00   0.000000e+00 -1.181930e+00) (   5.733208e+00   0.000000e+00 -1.201885e+00) (   1.146642e+01   0.000000e+00 -1.216775e+00) (   1.719963e+01   0.000000e+00 -1.202993e+00) (   2.293283e+01   0.000000e+00 -1.655843e+00) 
34.1	(   1.146642e+00   0.000000e+00 -1.202321e+00) (   5.733208e+00   0.000000e+00 -1.183256e+00) (   1.146642e+01   0.000000e+00 -1.233722e+00) (   1.719963e+01   0.000000e+00 -1.188533e+00) (   2.293283e+01   0.000000e+00 -1.657547e+00) 
34.2	(   1.146642e+00   0.000000e+00 -1.223779e+00) (   5.733208e+00   0.000000e+00 -1.166552e+00) (   1.146642e+01   0.000000e+00 -1.250099e+00) (   1.719963e+01   0.000000e+00 -1.176195e+00) (   2.293283e+01   0.000000e+00 -1.659049e+00) 
34.3	(   1.146642e+00   0.000000e+00 -1.245361e+00) (   5.733208e+00   0.000000e+00 -1.152610e+00) (   1.146642e+01   0.000000e+00 -1.264899e+00) (   1.719963e+01   0.000000e+00 -1.166499e+00) (   2.293283e+01   0.000000e+00 -1.660154e+00) 
34.4	(   1.146642e+00   0.000000e+00 -1.265591e+00) (   5.733208e+00   0.000000e+00 -1.142066e+00) (   1.146642e+01   0.000000e+00 -1.277126e+00) (   1.719963e+01   0.000000e+00 -1.159713e+00) (   2.293283e+01   0.000000e+00 -1.660704e+00) 
34.5	(   1.146642e+00   0.000000e+00 -1.282987e+00) (   5.733208e+00   0.000000e+00 -1.135329e+00) (   1.146642e+01   0.000000e+00 -1.286084e+00) (   1.719963e+01   0.000000e+00 -1.155887e+00) (   2.293283e+01   0.000000e+00 -1.660626e+00) 
34.6	(   1.146642e+00   0.000000e+00 -1.297735e+00) (   5.733208e+00   0.000000e+00 -1.132709e+00) (   1.146642e+01   0.000000e+00 -1.291248e+00) (   1.719963e+01   0.000000e+00 -1.154950e+00) (   2.293283e+01   0.000000e+00 -1.659933e+00) 
34.7	(   1.146642e+00   0.000000e+00 -1.308670e+00) (   5.733208e+00   0.000000e+00 -1.134320e+00) (   1.146642e+01   0.000000e+00 -1.291811e+00) (   1.719963e+01   0.000000e+00 -1.156768e+00) (   2.293283e+01   0.000000e+00 -1.658726e+00) 
34.8	(   1.146642e+00   0.000000e+00 -1.313811e+00) (   5.733208e+00   0.000000e+00 -1.140105e+00) (   1.146642e+01   0.000000e+00 -1.287501e+00) (   1.719963e+01   0.000000e+00 -1.161175e+00) (   2.293283e+01   0.000000e+00 -1.657177e+00) 
34.9	(   1.146642e+00   0.000000e+00 -1.312227e+00) (   5.733208e+00   0.000000e+00 -1.149857e+00) (   1.146642e+01   0.000000e+00 -1.279473e+00) (   1.719963e+01   0.000000e+00 -1.167997e+00) (   2.293283e+01   0.000000e+00 -1.655472e+00) 
35	(   1.146642e+00   0.000000e+00 -1.303929e+00) (   5.733208e+00   0.000000e+00 -1.163093e+00) (   1.146642e+01   0.000000e+00 -1.267841e+00) (   1.719963e+01   0.000000e+00 -1.177038e+00) (   2.293283e+01   0.000000e+00 -1.653797e+00) 
35.1	(   1.146642e+00   0.000000e+00 -1.290257e+00) (   5.733208e+00   0.000000e+00 -1.179167e+00) (   1.146642e+01   0.000000e+00 -1.253378e+00) (   1.719963e+01   0.000000e+00 -1.188071e+00) (   2.293283e+01   0.000000e+00 -1.652306e+00) 
35.2	(   1.146642e+00   0.000000e+00 -1.274602e+00) (   5.733208e+00   0.000000e+00 -1.197373e+00) (   1.146642e+01   0.000000e+00 -1.237089e+00) (   1.719963e+01   0.000000e+00 -1.200787e+00) (   2.293283e+01   0.000000e+00 -1.651098e+00) 
35.3	(   1.146642e+00   0.000000e+00 -1.256372e+00) (   5.733208e+00   0.000000e+00 -1.216850e+00) (   1.146642e+01   0.000000e+00 -1.219969e+00) (   1.719963e+01   0.000000e+00 -1.214653e+00) (   2.293283e+01   0.000000e+00 -1.650221e+00) 
35.4	(   1.146642e+00   0.000000e+00 -1.236387e+00) (   5.733208e+00   0.000000e+00 -1.236527e+00) (   1.146642e+01   0.000000e+00 -1.203024e+00) (   1.719963e+01   0.000000e+00 -1.229019e+00) (   2.293283e+01   0.000000e+00 -1.649664e+00) 
35.5	(   1.146642e+00   0.000000e+00 -1.215740e+00) (   5.733208e+00   0.000000e+00 -1.255371e+00) (   1.146642e+01   0.000000e+00 -1.187221e+00) (   1.719963e+01   0.000000e+00 -1.243211e+00) (   2.293283e+01   0.000000e+00 -1.649370e+00) 
35.6	(   1.146642e+00   0.000000e+00 -1.195399e+00) (   5.733208e+00   0.000000e+00 -1.272250e+00) (   1.146642e+01   0.000000e+00 -1.173305e+00) (   1.719963e+01   0.000000e+00 -1.256380e+00) (   2.293283e+01   0.000000e+00 -1.649255e+00) 
35.7	(   1.146642e+00   0.000000e+00 -1.176226e+00) (   5.733208e+00   0.000000e+00 -1.286246e+00) (   1.146642e+01   0.000000e+00 -1.161867e+00) (   1.719963e+01   0.000000e+00 -1.267618e+00) (   2.293283e+01   0.000000e+00 -1.649232e+00) 
35.8	(   1.146642e+00   0.000000e+00 -1.159200e+00) (   5.733208e+00   0.000000e+00 -1.297214e+00) (   1.146642e+01   0.000000e+00 -1.153336e+00) (   1.719963e+01   0.000000e+00 -1.276115e+00) (   2.293283e+01   0.000000e+00 -1.649232e+00) 
35.9	(   1.146642e+00   0.000000e+00 -1.145327e+00) (   5.733208e+00   0.000000e+00 -1.303806e+00) (   1.146642e+01   0.000000e+00 -1.147984e+00) (   1.719963e+01   0.000000e+00 -1.281173e+00) (   2.293283e+01   0.000000e+00 -1.649232e+00) 
36	(   1.146642e+00   0.000000e+00 -1.135156e+00) (   5.733208e+00   0.000000e+00 -1.304840e+00) (   1.146642e+01   0.000000e+00 -1.145972e+00) (   1.719963e+01   0.000000e+00 -1.282337e+00) (   2.293283e+01   0.000000e+00 -1.649256e+00) 
36.1	(   1.146642e+00   0.000000e+00 -1.128972e+00) (   5.733208e+00   0.000000e+00 -1.300042e+00) (   1.146642e+01   0.000000e+00 -1.147293e+00) (   1.719963e+01   0.000000e+00 -1.279401e+00) (   2.293283e+01   0.000000e+00 -1.649377e+00) 
36.2	(   1.146642e+00   0.000000e+00 -1.127060e+00) (   5.733208e+00   0.000000e+00 -1.290104e+00) (   1.146642e+01   0.000000e+00 -1.151912e+00) (   1.719963e+01   0.000000e+00 -1.272532e+00) (   2.293283e+01   0.000000e+00 -1.649686e+00) 
36.3	(   1.146642e+00   0.000000e+00 -1.129617e+00) (   5.733208e+00   0.000000e+00 -1.277200e+00) (   1.146642e+01   0.000000e+00 -1.159669e+00) (   1.719963e+01   0.000000e+00 -1.262159e+00) (   2.293283e+01   0.000000e+00 -1.650265e+00) 
36.4	(   1.146642e+00   0.000000e+00 -1.136632e+00) (   5.733208e+00   0.000000e+00 -1.261091e+00) (   1.146642e+01   0.000000e+00 -1.170279e+00) (   1.719963e+01   0.000000e+00 -1.248989e+00) (   2.293283e+01   0.000000e+00 -1.651171e+00) 
36.5	(   1.146642e+00   0.000000e+00 -1.147756e+00) (   5.733208e+00   0.000000e+00 -1.242627e+00) (   1.146642e+01   0.000000e+00 -1.183313e+00) (   1.719963e+01   0.000000e+00 -1.234014e+00) (   2.293283e+01   0.000000e+00 -1.652410e+00) 
36.6	(   1.146642e+00   0.000000e+00 -1.162648e+00) (   5.733208e+00   0.000000e+00 -1.222909e+00) (   1.146642e+01   0.000000e+00 -1.198305e+00) (   1.719963e+01   0.000000e+00 -1.218268e+00) (   2.293283e+01   0.000000e+00 -1.653935e+00) 
36.7	(   1.146642e+00   0.000000e+00 -1.180712e+00) (   5.733208e+00   0.000000e+00 -1.203032e+00) (   1.146642e+01   0.000000e+00 -1.214585e+00) (   1.719963e+01   0.000000e+00 -1.202834e+00) (   2.293283e+01   0.000000e+00 -1.655640e+00) 
36.8	(   1.146642e+00   0.000000e+00 -1.201113e+00) (   5.733208e+00   0.000000e+00 -1.184105e+00) (   1.146642e+01   0.000000e+00 -1.231290e+00) (   1.719963e+01   0.000000e+00 -1.188743e+00) (   2.293283e+01   0.000000e+00 -1.657363e+00) 
36.9	(   1.146642e+00   0.000000e+00 -1.222637e+00) (   5.733208e+00   0.000000e+00 -1.167052e+00) (   1.146642e+01   0.000000e+00 -1.247523e+00) (   1.719963e+01   0.000000e+00 -1.176733e+00) (   2.293283e+01   0.000000e+00 -1.658900e+00) 
37	(   1.146642e+00   0.000000e+00 -1.244296e+00) (   5.733208e+00   0.000000e+00 -1.152737e+00) (   1.146642e+01   0.000000e+00 -1.262307e+00) (   1.719963e+01   0.000000e+00 -1.167338e+00) (   2.293283e+01   0.000000e+00 -1.660058e+00) 
37.1	(   1.146642e+00   0.000000e+00 -1.264634e+00) (   5.733208e+00   0.000000e+00 -1.141836e+00) (   1.146642e+01   0.000000e+00 -1.274641e+00) (   1.719963e+01   0.000000e+00 -1.160837e+00) (   2.293283e+01   0.000000e+00 -1.660677e+00) 
37.2	(   1.146642e+00   0.000000e+00 -1.282079e+00) (   5.733208e+00   0.000000e+00 -1.134777e+00) (   1.146642e+01   0.000000e+00 -1.283747e+00) (   1.719963e+01   0.000000e+00 -1.157278e+00) (   2.293283e+01   0.000000e+00 -1.660677e+00) 
37.3	(   1.146642e+00   0.000000e+00 -1.296678e+00) (   5.733208e+00   0.000000e+00 -1.131889e+00) (   1.146642e+01   0.000000e+00 -1.289161e+00) (   1.719963e+01   0.000000e+00 -1.156546e+00) (   2.293283e+01   0.000000e+00 -1.660054e+00) 
37.4	(   1.146642e+00   0.000000e+00 -1.307438e+00) (   5.733208e+00   0.000000e+00 -1.133305e+00) (   1.146642e+01   0.000000e+00 -1.290154e+00) (   1.719963e+01   0.000000e+00 -1.158441e+00) (   2.293283e+01   0.000000e+00 -1.658898e+00) 
37.5	(   1.146642e+00   0.000000e+00 -1.312498e+00) (   5.733208e+00   0.000000e+00 -1.138969e+00) (   1.146642e+01   0.000000e+00 -1.286408e+00) (   1.719963e+01   0.000000e+00 -1.162747e+00) (   2.293283e+01   0.000000e+00 -1.657374e+00) 
37.6	(   1.146642e+00   0.000000e+00 -1.311025e+00) (   5.733208e+00   0.000000e+00 -1.148674e+00) (   1.146642e+01   0.000000e+00 -1.278874e+00) (   1.719963e+01   0.000000e+00 -1.169275e+00) (   2.293283e+01   0.000000e+00 -1.655676e+00) 
37.7	(   1.146642e+00   0.000000e+00 -1.303066e+00) (   5.733208e+00   0.000000e+00 -1.161939e+00) (   1.146642e+01   0.000000e+00 -1.267710e+00) (   1.719963e+01   0.000000e+00 -1.177867e+00) (   2.293283e+01   0.000000e+00 -1.653992e+00) 
37.8	(   1.146642e+00   0.000000e+00 -1.289793e+00) (   5.733208e+00   0.000000e+00 -1.178101e+00) (   1.146642e+01   0.000000e+00 -1.253676e+00) (   1.719963e+01   0.000000e+00 -1.188365e+00) (   2.293283e+01   0.000000e+00 -1.652476e+00) 
37.9	(   1.146642e+00   0.000000e+00 -1.274484e+00) (   5.733208e+00   0.000000e+00 -1.196428e+00) (   1.146642e+01   0.000000e+00 -1.237759e+00) (   1.719963e+01   0.000000e+00 -1.200536e+00) (   2.293283e+01   0.000000e+00 -1.651235e+00) 
38	(   1.146642e+00   0.000000e+00 -1.256505e+00) (   5.733208e+00   0.000000e+00 -1.216050e+00) (   1.146642e+01   0.000000e+00 -1.220939e+00) (   1.719963e+01   0.000000e+00 -1.213908e+00) (   2.293283e+01   0.000000e+00 -1.650318e+00) 
38.1	(   1.146642e+00   0.000000e+00 -1.236732e+00) (   5.733208e+00   0.000000e+00 -1.235883e+00) (   1.146642e+01   0.000000e+00 -1.204222e+00) (   1.719963e+01   0.000000e+00 -1.227877e+00) (   2.293283e+01   0.000000e+00 -1.649723e+00) 
38.2	(   1.146642e+00   0.000000e+00 -1.216242e+00) (   5.733208e+00   0.000000e+00 -1.254880e+00) (   1.146642e+01   0.000000e+00 -1.188569e+00) (   1.719963e+01   0.000000e+00 -1.241799e+00) (   2.293283e+01   0.000000e+00 -1.649399e+00) 
38.3	(   1.146642e+00   0.000000e+00 -1.196047e+00) (   5.733208e+00   0.000000e+00 -1.271904e+00) (   1.146642e+01   0.000000e+00 -1.174745e+00) (   1.719963e+01   0.000000e+00 -1.254847e+00) (   2.293283e+01   0.000000e+00 -1.649265e+00) 
38.4	(   1.146642e+00   0.000000e+00 -1.176990e+00) (   5.733208e+00   0.000000e+00 -1.286014e+00) (   1.146642e+01   0.000000e+00 -1.163343e+00) (   1.719963e+01   0.000000e+00 -1.266094e+00) (   2.293283e+01   0.000000e+00 -1.649233e+00) 
38.5	(   1.146642e+00   0.000000e+00 -1.160019e+00) (   5.733208e+00   0.000000e+00 -1.297074e+00) (   1.146642e+01   0.000000e+00 -1.154799e+00) (   1.719963e+01   0.000000e+00 -1.274708e+00) (   2.293283e+01   0.000000e+00 -1.649232e+00) 
38.6	(   1.146642e+00   0.000000e+00 -1.146144e+00) (   5.733208e+00   0.000000e+00 -1.303748e+00) (   1.146642e+01   0.000000e+00 -1.149381e+00) (   1.719963e+01   0.000000e+00 -1.279963e+00) (   2.293283e+01   0.000000e+00 -1.649232e+00) 
38.7	(   1.146642e+00   0.000000e+00 -1.135948e+00) (   5.733208e+00   0.000000e+00 -1.304845e+00) (   1.146642e+01   0.000000e+00 -1.147244e+00) (   1.719963e+01   0.000000e+00 -1.281380e+00) (   2.293283e+01   0.000000e+00 -1.649251e+00) 
38.8	(   1.146642e+00   0.000000e+00 -1.129700e+00) (   5.733208e+00   0.000000e+00 -1.300093e+00) (   1.146642e+01   0.000000e+00 -1.148397e+00) (   1.719963e+01   0.000000e+00 -1.278753e+00) (   2.293283e+01   0.000000e+00 -1.649355e+00) 
38.9	(   1.146642e+00   0.000000e+00 -1.127687e+00) (   5.733208e+00   0.000000e+00 -1.290174e+00) (   1.146642e+01   0.000000e+00 -1.152787e+00) (   1.719963e+01   0.000000e+00 -1.272205e+00) (   2.293283e+01   0.000000e+00 -1.649634e+00) 
39	(   1.146642e+00   0.000000e+00 -1.130113e+00) (   5.733208e+00   0.000000e+00 -1.277268e+00) (   1.146642e+01   0.000000e+00 -1.160243e+00) (   1.719963e+01   0.000000e+00 -1.262147e+00) (   2.293283e+01   0.000000e+00 -1.650170e+00) 
39.1	(   1.146642e+00   0.000000e+00 -1.136988e+00) (   5.733208e+00   0.000000e+00 -1.261149e+00) (   1.146642e+01   0.000000e+00 -1.170484e+00) (   1.719963e+01   0.000000e+00 -1.249261e+00) (   2.293283e+01   0.000000e+00 -1.651024e+00) 
39.2	(   1.146642e+00   0.000000e+00 -1.147979e+00) (   5.733208e+00   0.000000e+00 -1.242668e+00) (   1.146642e+01   0.000000e+00 -1.183093e+00) (   1.719963e+01   0.000000e+00 -1.234516e+00) (   2.293283e+01   0.000000e+00 -1.652213e+00) 
39.3	(   1.146642e+00   0.000000e+00 -1.162712e+00) (   5.733208e+00   0.000000e+00 -1.222926e+00) (   1.146642e+01   0.000000e+00 -1.197621e+00) (   1.719963e+01   0.000000e+00 -1.218940e+00) (   2.293283e+01   0.000000e+00 -1.653697e+00) 
39.4	(   1.146642e+00   0.000000e+00 -1.180599e+00) (   5.733208e+00   0.000000e+00 -1.203026e+00) (   1.146642e+01   0.000000e+00 -1.213427e+00) (   1.719963e+01   0.000000e+00 -1.203612e+00) (   2.293283e+01   0.000000e+00 -1.655374e+00) 
39.5	(   1.146642e+00   0.000000e+00 -1.200807e+00) (   5.733208e+00   0.000000e+00 -1.184074e+00) (   1.146642e+01   0.000000e+00 -1.229694e+00) (   1.719963e+01   0.000000e+00 -1.189580e+00) (   2.293283e+01   0.000000e+00 -1.657085e+00) 
39.6	(   1.146642e+00   0.000000e+00 -1.222089e+00) (   5.733208e+00   0.000000e+00 -1.166999e+00) (   1.146642e+01   0.000000e+00 -1.245562e+00) (   1.719963e+01   0.000000e+00 -1.177624e+00) (   2.293283e+01   0.000000e+00 -1.658646e+00) 
39.7	(   1.146642e+00   0.000000e+00 -1.243416e+00) (   5.733208e+00   0.000000e+00 -1.152665e+00) (   1.146642e+01   0.000000e+00 -1.260103e+00) (   1.719963e+01   0.000000e+00 -1.168299e+00) (   2.293283e+01   0.000000e+00 -1.659868e+00) 
39.8	(   1.146642e+00   0.000000e+00 -1.263384e+00) (   5.733208e+00   0.000000e+00 -1.141758e+00) (   1.146642e+01   0.000000e+00 -1.272337e+00) (   1.719963e+01   0.000000e+00 -1.161891e+00) (   2.293283e+01   0.000000e+00 -1.660581e+00) 
39.9	(   1.146642e+00   0.000000e+00 -1.280405e+00) (   5.733208e+00   0.000000e+00 -1.134703e+00) (   1.146642e+01   0.000000e+00 -1.281458e+00) (   1.719963e+01   0.000000e+00 -1.158434e+00) (   2.293283e+01   0.000000e+00 -1.660684e+00) 
40	(   1.146642e+00   0.000000e+00 -1.294291e+00) (   5.733208e+00   0.000000e+00 -1.131821e+00) (   1.146642e+01   0.000000e+00 -1.287002e+00) (   1.719963e+01   0.000000e+00 -1.157788e+00) (   2.293283e+01   0.000000e+00 -1.660162e+00) 
