# Force       
# CofR        : (2.293280e+01 0.000000e+00 -2.860000e-01)
#
# Time        	total_x total_y total_z	pressure_x pressure_y pressure_z	viscous_x viscous_y viscous_z
0.1            -4.749423e+01 6.703371e-02 5.980931e+03 -4.756639e+01 6.703373e-02 5.980947e+03 7.215741e-02 -1.863904e-08 -1.590791e-02
0.2            3.282809e+01 3.732652e-02 5.958209e+03 3.271366e+01 3.732762e-02 5.958260e+03 1.144344e-01 -1.105279e-06 -5.125011e-02
0.3            4.822430e+01 4.125747e-02 5.947592e+03 4.808358e+01 4.125981e-02 5.947689e+03 1.407227e-01 -2.341254e-06 -9.735481e-02
0.4            -2.648936e+01 -4.709569e-02 5.864775e+03 -2.664842e+01 -4.709023e-02 5.864898e+03 1.590628e-01 -5.453815e-06 -1.229783e-01
0.5            4.242080e+01 -2.761465e-01 6.050911e+03 4.225040e+01 -2.761355e-01 6.051040e+03 1.703913e-01 -1.098297e-05 -1.293578e-01
0.6            9.228828e+01 -2.081494e-01 6.020411e+03 9.211060e+01 -2.081386e-01 6.020539e+03 1.776828e-01 -1.084940e-05 -1.282607e-01
0.7            1.865442e+01 -1.806751e-01 5.903893e+03 1.847706e+01 -1.806698e-01 5.904014e+03 1.773644e-01 -5.240072e-06 -1.210800e-01
0.8            9.278377e+01 -9.578691e-01 6.323953e+03 9.261185e+01 -9.578896e-01 6.324064e+03 1.719208e-01 2.047355e-05 -1.111693e-01
0.9            3.570869e+01 1.095080e-01 5.950939e+03 3.554715e+01 1.094655e-01 5.951038e+03 1.615362e-01 4.245968e-05 -9.972615e-02
1              2.635579e+01 4.105117e-02 5.894773e+03 2.620539e+01 4.101824e-02 5.894863e+03 1.504020e-01 3.293162e-05 -8.948675e-02
1.1            2.366211e+01 9.986299e-02 5.868741e+03 2.352439e+01 9.983352e-02 5.868819e+03 1.377151e-01 2.947046e-05 -7.816837e-02
1.2            5.816639e+01 3.870519e-01 6.131852e+03 5.804271e+01 3.870320e-01 6.131917e+03 1.236768e-01 1.992339e-05 -6.472115e-02
1.3            2.841575e+01 1.786270e-01 6.012881e+03 2.830806e+01 1.786148e-01 6.012933e+03 1.076822e-01 1.215732e-05 -5.186084e-02
1.4            1.000851e+01 -1.054802e-01 5.864125e+03 9.916340e+00 -1.054893e-01 5.864164e+03 9.216736e-02 9.028422e-06 -3.919059e-02
1.5            1.205331e+01 -4.918432e-02 5.867658e+03 1.197709e+01 -4.919638e-02 5.867684e+03 7.621587e-02 1.205202e-05 -2.676897e-02
1.6            2.551078e+01 -9.935781e-03 5.881274e+03 2.545021e+01 -9.954042e-03 5.881290e+03 6.056738e-02 1.826074e-05 -1.628783e-02
1.7            5.618966e+00 -6.262599e-02 5.783423e+03 5.572345e+00 -6.264478e-02 5.783433e+03 4.662065e-02 1.879287e-05 -9.855353e-03
1.8            5.669575e+00 1.979469e-01 5.872474e+03 5.634249e+00 1.979221e-01 5.872481e+03 3.532577e-02 2.473658e-05 -7.482715e-03
1.9            4.700621e+01 -1.635312e-01 5.935265e+03 4.697942e+01 -1.635648e-01 5.935274e+03 2.679123e-02 3.359237e-05 -9.167781e-03
2              2.075481e+00 3.577751e-01 5.957102e+03 2.053461e+00 3.577432e-01 5.957117e+03 2.201943e-02 3.187600e-05 -1.435246e-02
2.1            4.265067e+01 2.891295e-01 5.923517e+03 4.263083e+01 2.890979e-01 5.923539e+03 1.984538e-02 3.164941e-05 -2.126000e-02
2.2            3.809133e+01 3.126217e-01 5.935348e+03 3.807162e+01 3.125927e-01 5.935377e+03 1.971090e-02 2.903068e-05 -2.889603e-02
2.3            7.180202e+01 2.599471e-01 5.919915e+03 7.178192e+01 2.599208e-01 5.919952e+03 2.009790e-02 2.631947e-05 -3.605736e-02
2.4            3.784096e+01 1.766137e-01 5.934547e+03 3.781947e+01 1.765884e-01 5.934590e+03 2.148909e-02 2.530127e-05 -4.361139e-02
2.5            6.741095e+01 1.423870e-01 5.924497e+03 6.738514e+01 1.423608e-01 5.924549e+03 2.581151e-02 2.619418e-05 -5.227102e-02
2.6            4.965073e+01 5.521776e-02 5.924761e+03 4.961860e+01 5.519171e-02 5.924822e+03 3.213440e-02 2.605099e-05 -6.097397e-02
2.7            3.670825e+01 -4.779441e-02 5.910741e+03 3.666969e+01 -4.781687e-02 5.910809e+03 3.856052e-02 2.245880e-05 -6.829677e-02
2.8            6.473869e+01 -1.103655e-01 5.981779e+03 6.469243e+01 -1.103830e-01 5.981853e+03 4.625610e-02 1.750071e-05 -7.334137e-02
2.9            1.874006e+01 -1.877425e-01 5.886332e+03 1.868608e+01 -1.877561e-01 5.886408e+03 5.397362e-02 1.351156e-05 -7.593879e-02
3              4.711490e+01 4.275064e-01 5.914266e+03 4.705321e+01 4.274898e-01 5.914341e+03 6.168483e-02 1.659430e-05 -7.546855e-02
3.1            6.458598e+01 -9.575688e-02 5.975265e+03 6.451706e+01 -9.577798e-02 5.975338e+03 6.891941e-02 2.109908e-05 -7.241690e-02
3.2            1.740919e+01 -5.868559e-01 5.756740e+03 1.733592e+01 -5.868802e-01 5.756806e+03 7.326527e-02 2.422992e-05 -6.594225e-02
3.3            8.428556e+00 -2.034399e-01 5.848661e+03 8.354295e+00 -2.034654e-01 5.848719e+03 7.426123e-02 2.551444e-05 -5.716608e-02
3.4            1.046724e+01 -1.124687e-01 5.830082e+03 1.039426e+01 -1.125004e-01 5.830129e+03 7.298418e-02 3.171257e-05 -4.667258e-02
3.5            2.705035e+01 -1.017278e-01 5.879102e+03 2.698169e+01 -1.017643e-01 5.879135e+03 6.866373e-02 3.656052e-05 -3.319980e-02
3.6            1.851277e+01 2.025752e-01 5.840607e+03 1.845125e+01 2.025262e-01 5.840626e+03 6.152576e-02 4.893901e-05 -1.943561e-02
3.7            6.519540e+00 2.805365e-01 5.821519e+03 6.466016e+00 2.804747e-01 5.821525e+03 5.352453e-02 6.174197e-05 -6.248566e-03
3.8            1.483517e+01 3.595289e-01 5.841971e+03 1.479063e+01 3.594558e-01 5.841966e+03 4.454706e-02 7.314869e-05 4.418914e-03
3.9            3.058064e+01 4.431960e-01 5.860928e+03 3.054525e+01 4.431145e-01 5.860916e+03 3.539187e-02 8.153742e-05 1.292829e-02
4              8.562093e+00 4.363492e-01 5.875910e+03 8.534945e+00 4.362654e-01 5.875891e+03 2.714815e-02 8.376484e-05 1.864764e-02
4.1            1.605390e+01 3.254602e-01 5.880184e+03 1.603463e+01 3.253767e-01 5.880162e+03 1.926531e-02 8.342917e-05 2.219309e-02
4.2            2.415437e+01 3.160192e-01 5.895569e+03 2.414225e+01 3.159413e-01 5.895547e+03 1.212254e-02 7.784136e-05 2.253133e-02
4.3            1.565584e+01 1.810500e-01 5.896901e+03 1.565035e+01 1.809827e-01 5.896880e+03 5.490536e-03 6.731375e-05 2.037103e-02
4.4            2.005822e+00 3.496375e-02 5.915457e+03 2.006022e+00 3.490936e-02 5.915442e+03 -2.006888e-04 5.438940e-05 1.526443e-02
4.5            1.874227e+01 -5.108432e-02 5.922441e+03 1.874801e+01 -5.112962e-02 5.922432e+03 -5.744227e-03 4.530763e-05 8.901857e-03
4.6            1.131563e+01 -1.438809e-01 5.937640e+03 1.132413e+01 -1.439192e-01 5.937640e+03 -8.490594e-03 3.830329e-05 3.258237e-04
4.7            1.765191e+01 -2.602543e-01 5.947204e+03 1.766175e+01 -2.602825e-01 5.947213e+03 -9.838666e-03 2.819191e-05 -9.144416e-03
4.8            2.250374e+01 -2.774966e-01 5.945190e+03 2.251279e+01 -2.775149e-01 5.945210e+03 -9.050463e-03 1.836528e-05 -1.988929e-02
4.9            1.703428e+01 -2.925779e-01 5.953873e+03 1.704079e+01 -2.925909e-01 5.953904e+03 -6.519265e-03 1.295279e-05 -3.079591e-02
5              1.988824e+01 -3.014783e-01 5.931801e+03 1.988969e+01 -3.014886e-01 5.931842e+03 -1.447022e-03 1.027990e-05 -4.144453e-02
5.1            2.054093e+01 -3.206413e-01 5.930069e+03 2.053709e+01 -3.206497e-01 5.930119e+03 3.838621e-03 8.409575e-06 -5.011311e-02
5.2            5.938845e+00 -2.880526e-01 5.924317e+03 5.929348e+00 -2.880634e-01 5.924373e+03 9.496654e-03 1.077121e-05 -5.645661e-02
5.3            6.732826e+00 -1.956467e-01 5.910013e+03 6.717117e+00 -1.956587e-01 5.910074e+03 1.570984e-02 1.200786e-05 -6.032570e-02
5.4            1.680667e+01 -9.735678e-02 5.890037e+03 1.678437e+01 -9.736682e-02 5.890098e+03 2.229628e-02 1.004693e-05 -6.175010e-02
5.5            1.221373e+01 -3.193978e-02 5.884174e+03 1.218570e+01 -3.194890e-02 5.884234e+03 2.803874e-02 9.114600e-06 -6.041306e-02
5.6            2.017944e+01 4.414672e-02 5.882600e+03 2.014711e+01 4.413540e-02 5.882657e+03 3.233530e-02 1.131846e-05 -5.639605e-02
5.7            2.296997e+01 1.149076e-01 5.862234e+03 2.293451e+01 1.148945e-01 5.862284e+03 3.545684e-02 1.314208e-05 -5.022636e-02
5.8            8.256474e+00 1.228638e-01 5.858793e+03 8.219410e+00 1.228489e-01 5.858835e+03 3.706436e-02 1.487380e-05 -4.253035e-02
5.9            1.863382e+01 2.203565e-01 5.899453e+03 1.859718e+01 2.203409e-01 5.899486e+03 3.664364e-02 1.565653e-05 -3.361164e-02
6              1.334578e+01 -6.458219e-02 5.851269e+03 1.331203e+01 -6.459874e-02 5.851293e+03 3.374744e-02 1.655246e-05 -2.365973e-02
6.1            2.220420e+01 2.779539e-01 5.839014e+03 2.217326e+01 2.779394e-01 5.839027e+03 3.094559e-02 1.457260e-05 -1.387328e-02
6.2            2.373648e+01 2.496150e-01 5.839134e+03 2.370836e+01 2.496034e-01 5.839139e+03 2.812008e-02 1.161586e-05 -4.804330e-03
6.3            4.100727e+01 2.853570e-01 5.843345e+03 4.098298e+01 2.853391e-01 5.843341e+03 2.429636e-02 1.794526e-05 3.345315e-03
6.4            1.430650e+01 1.938269e-01 5.862028e+03 1.428607e+01 1.938037e-01 5.862018e+03 2.043518e-02 2.321129e-05 9.487375e-03
6.5            2.834613e+01 8.156764e-02 5.863836e+03 2.832870e+01 8.154357e-02 5.863823e+03 1.743749e-02 2.407405e-05 1.306913e-02
6.6            2.683260e+01 5.675099e-02 5.867369e+03 2.681834e+01 5.672813e-02 5.867354e+03 1.426096e-02 2.286080e-05 1.454226e-02
6.7            2.103960e+01 1.708414e-02 5.889135e+03 2.102836e+01 1.706340e-02 5.889121e+03 1.124034e-02 2.073170e-05 1.444886e-02
6.8            2.336112e+01 -1.201608e-01 5.904899e+03 2.335177e+01 -1.201848e-01 5.904886e+03 9.350311e-03 2.394242e-05 1.261010e-02
6.9            1.649918e+01 -2.200726e-01 5.875608e+03 1.649140e+01 -2.201066e-01 5.875598e+03 7.773535e-03 3.397028e-05 9.633765e-03
7              1.710184e+01 -2.094332e-01 5.900198e+03 1.709528e+01 -2.094696e-01 5.900192e+03 6.558158e-03 3.631861e-05 5.684329e-03
7.1            -2.037428e+00 -2.480769e-01 5.901922e+03 -2.044003e+00 -2.481094e-01 5.901922e+03 6.575682e-03 3.254106e-05 3.512426e-04
7.2            -1.388216e+01 -2.540327e-01 5.919637e+03 -1.388937e+01 -2.540675e-01 5.919643e+03 7.216122e-03 3.472408e-05 -5.302414e-03
7.3            8.029735e-01 -2.170741e-01 5.911597e+03 7.945345e-01 -2.171104e-01 5.911607e+03 8.438906e-03 3.625997e-05 -1.082164e-02
7.4            -1.123482e+01 -1.429803e-01 5.915763e+03 -1.124511e+01 -1.430116e-01 5.915779e+03 1.028687e-02 3.128317e-05 -1.578533e-02
7.5            -7.342208e+00 -4.463925e-01 5.921000e+03 -7.355080e+00 -4.464210e-01 5.921020e+03 1.287193e-02 2.846260e-05 -2.028647e-02
7.6            3.633411e+00 -7.094912e-02 5.901710e+03 3.617758e+00 -7.097598e-02 5.901734e+03 1.565303e-02 2.686061e-05 -2.371449e-02
7.7            3.289200e+00 -4.015751e-02 5.919861e+03 3.270309e+00 -4.017734e-02 5.919887e+03 1.889126e-02 1.982540e-05 -2.634169e-02
7.8            2.914017e+01 6.106723e-02 5.877246e+03 2.911862e+01 6.105643e-02 5.877274e+03 2.154441e-02 1.080038e-05 -2.816926e-02
7.9            -3.707621e+00 9.814843e-02 5.901941e+03 -3.731048e+00 9.814195e-02 5.901969e+03 2.342687e-02 6.485556e-06 -2.851062e-02
8              -9.775886e+00 7.441713e-02 5.900782e+03 -9.801071e+00 7.441365e-02 5.900809e+03 2.518504e-02 3.472695e-06 -2.780552e-02
8.1            4.130459e+01 1.242545e-01 5.871913e+03 4.127858e+01 1.242569e-01 5.871939e+03 2.600793e-02 -2.385362e-06 -2.601507e-02
8.2            1.982916e+00 9.972220e-02 5.898103e+03 1.956043e+00 9.972687e-02 5.898127e+03 2.687308e-02 -4.666101e-06 -2.376149e-02
8.3            -1.900105e+00 9.117549e-02 5.901235e+03 -1.926291e+00 9.117543e-02 5.901256e+03 2.618669e-02 5.573965e-08 -2.065021e-02
8.4            2.069633e+01 9.255411e-02 5.888054e+03 2.067158e+01 9.255175e-02 5.888071e+03 2.474745e-02 2.356853e-06 -1.727710e-02
8.5            1.254940e+01 7.998967e-02 5.898605e+03 1.252641e+01 7.999018e-02 5.898619e+03 2.298783e-02 -5.125779e-07 -1.405906e-02
8.6            6.368747e+00 4.172534e-02 5.910976e+03 6.348080e+00 4.172928e-02 5.910987e+03 2.066682e-02 -3.938534e-06 -1.118908e-02
8.7            2.903800e+01 2.153265e-03 5.893321e+03 2.901969e+01 2.159299e-03 5.893330e+03 1.831538e-02 -6.034586e-06 -9.136930e-03
8.8            2.583207e+01 -7.357584e-02 5.903061e+03 2.581535e+01 -7.356531e-02 5.903070e+03 1.671707e-02 -1.052357e-05 -8.365156e-03
8.9            2.295028e+01 -1.231316e-01 5.896138e+03 2.293555e+01 -1.231266e-01 5.896146e+03 1.473501e-02 -4.997085e-06 -8.308282e-03
9              1.502445e+01 -7.892297e-02 5.901293e+03 1.501076e+01 -7.892471e-02 5.901302e+03 1.369594e-02 1.739173e-06 -9.245200e-03
9.1            2.987616e+01 -1.543402e-01 5.911746e+03 2.986255e+01 -1.543311e-01 5.911757e+03 1.361235e-02 -9.110900e-06 -1.111395e-02
9.2            2.243339e+01 -1.963333e-01 5.904400e+03 2.241987e+01 -1.963114e-01 5.904414e+03 1.351587e-02 -2.191965e-05 -1.339848e-02
9.3            3.334311e+01 -2.373798e-01 5.893275e+03 3.332845e+01 -2.373641e-01 5.893291e+03 1.465189e-02 -1.572906e-05 -1.621770e-02
9.4            3.968554e+01 -2.994125e-01 5.882862e+03 3.966981e+01 -2.994042e-01 5.882881e+03 1.572288e-02 -8.284980e-06 -1.869594e-02
9.5            6.393452e+01 -2.221421e-01 5.867845e+03 6.391830e+01 -2.221301e-01 5.867866e+03 1.621443e-02 -1.199776e-05 -2.051078e-02
9.6            2.687232e+01 -1.052164e-01 5.881546e+03 2.685491e+01 -1.051974e-01 5.881568e+03 1.740609e-02 -1.898965e-05 -2.207330e-02
9.7            5.401954e+00 -6.279183e-02 5.905572e+03 5.383037e+00 -6.276839e-02 5.905595e+03 1.891730e-02 -2.343823e-05 -2.306472e-02
9.8            2.979599e+01 -1.726070e-01 5.872934e+03 2.977395e+01 -1.725766e-01 5.872958e+03 2.204262e-02 -3.042783e-05 -2.344885e-02
9.9            2.249053e-01 -9.879497e-01 5.851852e+03 1.995245e-01 -9.879145e-01 5.851876e+03 2.538085e-02 -3.511628e-05 -2.352603e-02
10             -5.865205e+00 1.518265e-01 5.862714e+03 -5.893787e+00 1.518572e-01 5.862737e+03 2.858238e-02 -3.068172e-05 -2.310398e-02
10.1           -1.940314e+01 1.508231e-01 5.868650e+03 -1.943394e+01 1.508551e-01 5.868672e+03 3.079844e-02 -3.205372e-05 -2.182537e-02
10.2           -2.926882e+00 2.692925e-01 5.862358e+03 -2.960228e+00 2.693343e-01 5.862378e+03 3.334619e-02 -4.178363e-05 -2.034366e-02
10.3           -2.765688e+01 2.367771e-01 5.879277e+03 -2.769124e+01 2.368232e-01 5.879295e+03 3.435411e-02 -4.605792e-05 -1.778577e-02
10.4           -3.272301e+01 1.858627e-01 5.866464e+03 -3.275813e+01 1.858983e-01 5.866478e+03 3.511656e-02 -3.556896e-05 -1.448472e-02
10.5           -2.136257e+01 1.452997e-01 5.849938e+03 -2.139699e+01 1.453266e-01 5.849948e+03 3.441822e-02 -2.689377e-05 -9.875662e-03
10.6           -1.638437e+01 7.110327e-02 5.847746e+03 -1.641799e+01 7.112479e-02 5.847751e+03 3.362646e-02 -2.152800e-05 -4.821283e-03
10.7           -7.637435e+01 -8.958047e-02 5.699649e+03 -7.640644e+01 -8.956358e-02 5.699648e+03 3.209576e-02 -1.688972e-05 5.076606e-04
10.8           -2.234305e+01 8.196722e-02 5.934677e+03 -2.237358e+01 8.198882e-02 5.934672e+03 3.052452e-02 -2.159957e-05 5.084703e-03
10.9           -3.236914e+01 -6.879736e-02 5.890281e+03 -3.239774e+01 -6.876946e-02 5.890271e+03 2.859685e-02 -2.790864e-05 9.696864e-03
11             -3.003571e+01 -1.673824e-01 5.941660e+03 -3.006206e+01 -1.673593e-01 5.941646e+03 2.635081e-02 -2.303452e-05 1.398450e-02
11.1           6.335522e+00 -2.214216e-01 5.921683e+03 6.312600e+00 -2.214092e-01 5.921665e+03 2.292134e-02 -1.240388e-05 1.820050e-02
11.2           -5.620407e+00 -9.145892e-02 5.898872e+03 -5.641349e+00 -9.144674e-02 5.898852e+03 2.094197e-02 -1.218013e-05 1.999901e-02
11.3           -5.360134e+00 -1.275770e-01 5.911898e+03 -5.378515e+00 -1.275528e-01 5.911877e+03 1.838116e-02 -2.419453e-05 2.083190e-02
11.4           -1.276566e+01 -3.102576e-02 5.951872e+03 -1.278126e+01 -3.100079e-02 5.951852e+03 1.560609e-02 -2.497364e-05 2.011395e-02
11.5           2.652313e+01 -8.397577e-02 5.940284e+03 2.650938e+01 -8.395834e-02 5.940266e+03 1.375308e-02 -1.743175e-05 1.754466e-02
11.6           4.124723e+01 3.711371e-02 5.953589e+03 4.123464e+01 3.712959e-02 5.953576e+03 1.258492e-02 -1.587232e-05 1.300542e-02
11.7           6.997037e+01 5.090927e-02 5.954694e+03 6.995752e+01 5.094142e-02 5.954688e+03 1.284686e-02 -3.215067e-05 6.392164e-03
11.8           6.877567e+01 1.058476e-01 5.955523e+03 6.876164e+01 1.058923e-01 5.955525e+03 1.403395e-02 -4.465822e-05 -1.685546e-03
11.9           5.507455e+01 3.464178e-02 5.954892e+03 5.505883e+01 3.469463e-02 5.954903e+03 1.571593e-02 -5.285122e-05 -1.043575e-02
12             5.930397e+01 3.820275e-02 5.950659e+03 5.928651e+01 3.825583e-02 5.950679e+03 1.746109e-02 -5.308231e-05 -1.940974e-02
12.1           7.553414e+01 -3.330963e-02 5.949102e+03 7.551451e+01 -3.326243e-02 5.949130e+03 1.962244e-02 -4.720080e-05 -2.845118e-02
12.2           4.510169e+01 -4.419859e-02 5.960235e+03 4.508005e+01 -4.415704e-02 5.960273e+03 2.164355e-02 -4.155152e-05 -3.741837e-02
12.3           6.008646e+01 -1.313994e-02 5.911859e+03 6.006441e+01 -1.309803e-02 5.911903e+03 2.204842e-02 -4.190555e-05 -4.447164e-02
12.4           5.675733e+01 5.783980e-03 6.046767e+03 5.673440e+01 5.826765e-03 6.046817e+03 2.293445e-02 -4.278478e-05 -5.042170e-02
12.5           2.818148e+01 -1.701897e-01 5.912793e+03 2.815740e+01 -1.701493e-01 5.912849e+03 2.407756e-02 -4.039933e-05 -5.553222e-02
12.6           -3.000109e+01 2.149745e-02 5.890191e+03 -3.002507e+01 2.152987e-02 5.890249e+03 2.398020e-02 -3.241345e-05 -5.807468e-02
12.7           5.136584e+00 -1.070469e-01 5.841947e+03 5.111512e+00 -1.070146e-01 5.842006e+03 2.507201e-02 -3.225419e-05 -5.963655e-02
12.8           1.593442e+01 -1.271686e-01 5.823910e+03 1.590865e+01 -1.271251e-01 5.823969e+03 2.576764e-02 -4.346893e-05 -5.924377e-02
12.9           -4.687847e+00 5.735553e-01 5.800467e+03 -4.714616e+00 5.735949e-01 5.800524e+03 2.676853e-02 -3.956385e-05 -5.677624e-02
13             -3.382306e+01 3.357348e-02 5.821549e+03 -3.385186e+01 3.359793e-02 5.821602e+03 2.879537e-02 -2.445226e-05 -5.241523e-02
13.1           -5.770319e+01 -5.755907e-02 5.786488e+03 -5.773427e+01 -5.754336e-02 5.786533e+03 3.107439e-02 -1.570897e-05 -4.560562e-02
13.2           -4.573548e+01 -2.015645e-02 5.788578e+03 -4.577074e+01 -2.014271e-02 5.788616e+03 3.526537e-02 -1.374615e-05 -3.806877e-02
13.3           -8.243255e+01 1.256153e-01 5.769907e+03 -8.247062e+01 1.256406e-01 5.769936e+03 3.806952e-02 -2.525314e-05 -2.896085e-02
13.4           -4.694517e+01 9.504219e-02 5.762097e+03 -4.698569e+01 9.507844e-02 5.762116e+03 4.051642e-02 -3.625383e-05 -1.835920e-02
13.5           -7.414394e+01 1.290675e-01 5.804160e+03 -7.418472e+01 1.290946e-01 5.804166e+03 4.078272e-02 -2.708991e-05 -6.225003e-03
13.6           -2.259041e+01 2.435079e-01 5.823514e+03 -2.263219e+01 2.435291e-01 5.823509e+03 4.177743e-02 -2.117197e-05 4.908397e-03
13.7           -3.489221e+01 2.611046e-02 5.854625e+03 -3.493211e+01 2.614700e-02 5.854608e+03 3.989818e-02 -3.653795e-05 1.721822e-02
13.8           -5.742177e+01 1.336151e-01 5.717088e+03 -5.745886e+01 1.336642e-01 5.717060e+03 3.709269e-02 -4.908248e-05 2.717743e-02
13.9           -4.734636e+01 -9.441146e-02 5.769128e+03 -4.737773e+01 -9.436639e-02 5.769089e+03 3.136854e-02 -4.507305e-05 3.833002e-02
14             -2.061319e+01 -1.517176e-01 5.922375e+03 -2.063927e+01 -1.516843e-01 5.922328e+03 2.607739e-02 -3.321052e-05 4.605162e-02
14.1           1.251028e+01 -2.394781e-01 5.940293e+03 1.249042e+01 -2.394348e-01 5.940242e+03 1.985561e-02 -4.330333e-05 5.158788e-02
14.2           2.575627e+01 -2.251175e-01 5.936447e+03 2.574174e+01 -2.250518e-01 5.936394e+03 1.452796e-02 -6.571250e-05 5.335822e-02
14.3           6.704742e+01 -3.589975e-01 5.957711e+03 6.703705e+01 -3.589265e-01 5.957657e+03 1.037544e-02 -7.096974e-05 5.325389e-02
14.4           -1.393482e+01 -5.084529e-01 5.725106e+03 -1.394289e+01 -5.084013e-01 5.725058e+03 8.068068e-03 -5.155693e-05 4.781024e-02
14.5           7.921337e+01 -2.634544e-01 5.992817e+03 7.920496e+01 -2.634056e-01 5.992778e+03 8.412851e-03 -4.874309e-05 3.871740e-02
14.6           6.401480e+01 -2.321085e-01 6.034681e+03 6.400539e+01 -2.320410e-01 6.034655e+03 9.411186e-03 -6.758430e-05 2.580664e-02
14.7           1.198297e+02 -3.038711e-01 6.009262e+03 1.198166e+02 -3.037958e-01 6.009253e+03 1.316568e-02 -7.525557e-05 9.228383e-03
14.8           8.354695e+01 -1.092622e-01 5.972825e+03 8.352790e+01 -1.091934e-01 5.972836e+03 1.904533e-02 -6.882500e-05 -1.108801e-02
14.9           8.548139e+01 -7.536124e-02 5.993148e+03 8.545807e+01 -7.529512e-02 5.993179e+03 2.331983e-02 -6.612021e-05 -3.114749e-02
15             7.268435e+00 2.892324e-01 5.803750e+03 7.242223e+00 2.892985e-01 5.803803e+03 2.621203e-02 -6.617752e-05 -5.250949e-02
15.1           7.369158e+01 1.199284e-01 5.947136e+03 7.366474e+01 1.199889e-01 5.947207e+03 2.683877e-02 -6.045072e-05 -7.171180e-02
15.2           4.060727e+01 1.858564e-01 5.913899e+03 4.058004e+01 1.859137e-01 5.913991e+03 2.722260e-02 -5.727348e-05 -9.191698e-02
15.3           4.137557e+00 4.530484e-01 5.749062e+03 4.110415e+00 4.531088e-01 5.749172e+03 2.714210e-02 -6.039611e-05 -1.093555e-01
15.4           1.311182e+02 7.171963e-01 6.197527e+03 1.310911e+02 7.172507e-01 6.197648e+03 2.704533e-02 -5.439907e-05 -1.214849e-01
15.5           -1.520582e+01 1.454086e-01 5.831468e+03 -1.523184e+01 1.454507e-01 5.831596e+03 2.601819e-02 -4.207019e-05 -1.287204e-01
15.6           -8.909667e+01 -9.867940e-01 5.753809e+03 -8.912174e+01 -9.867564e-01 5.753939e+03 2.507678e-02 -3.760656e-05 -1.291943e-01
15.7           -8.455995e+01 2.284703e-01 5.775451e+03 -8.458712e+01 2.285079e-01 5.775576e+03 2.716544e-02 -3.754584e-05 -1.251542e-01
15.8           -1.106086e+02 -1.331576e-02 5.755547e+03 -1.106393e+02 -1.327054e-02 5.755663e+03 3.076411e-02 -4.521443e-05 -1.162587e-01
15.9           -1.636121e+02 1.624979e-01 5.761282e+03 -1.636483e+02 1.625388e-01 5.761385e+03 3.622538e-02 -4.093331e-05 -1.024171e-01
16             -1.127466e+02 1.562076e-01 5.707262e+03 -1.127900e+02 1.562344e-01 5.707347e+03 4.339310e-02 -2.676449e-05 -8.449660e-02
16.1           -1.229625e+02 1.744413e+00 5.862133e+03 -1.230120e+02 1.744429e+00 5.862195e+03 4.955410e-02 -1.681926e-05 -6.240899e-02
16.2           -2.650631e+02 -1.376423e-01 5.353447e+03 -2.651155e+02 -1.376259e-01 5.353484e+03 5.236229e-02 -1.642933e-05 -3.764059e-02
16.3           -8.138567e+01 -1.618668e-01 5.744012e+03 -8.143906e+01 -1.618400e-01 5.744023e+03 5.339505e-02 -2.676792e-05 -1.085157e-02
16.4           -1.181266e+02 4.186812e-02 5.763262e+03 -1.181787e+02 4.191263e-02 5.763246e+03 5.211606e-02 -4.451453e-05 1.530399e-02
16.5           1.539401e+01 6.317730e-02 6.080177e+03 1.534788e+01 6.322062e-02 6.080136e+03 4.612486e-02 -4.332638e-05 4.120877e-02
16.6           -1.374893e+01 -1.349195e-01 5.900317e+03 -1.378857e+01 -1.348740e-01 5.900258e+03 3.963326e-02 -4.553359e-05 5.926350e-02
16.7           1.100691e+01 -2.047860e-01 5.823582e+03 1.097839e+01 -2.047452e-01 5.823507e+03 2.851727e-02 -4.075683e-05 7.502079e-02
16.8           4.796287e+01 -1.907617e-01 5.909212e+03 4.794556e+01 -1.907233e-01 5.909130e+03 1.731625e-02 -3.841775e-05 8.288292e-02
16.9           8.047339e+01 -2.381962e-01 5.873458e+03 8.046735e+01 -2.381562e-01 5.873375e+03 6.035464e-03 -3.996260e-05 8.250181e-02
17             1.282504e+02 -3.688818e-01 5.960384e+03 1.282519e+02 -3.688444e-01 5.960311e+03 -1.541591e-03 -3.737416e-05 7.321662e-02
17.1           1.450424e+02 -1.496876e-01 6.032750e+03 1.450499e+02 -1.496510e-01 6.032693e+03 -7.461445e-03 -3.667631e-05 5.725699e-02
17.2           1.421451e+02 -1.662562e-01 6.100861e+03 1.421533e+02 -1.662218e-01 6.100826e+03 -8.212940e-03 -3.446582e-05 3.517038e-02
17.3           1.408335e+02 -2.189069e-01 6.094776e+03 1.408374e+02 -2.188704e-01 6.094766e+03 -3.898135e-03 -3.643848e-05 9.668587e-03
17.4           1.414127e+02 -3.681606e-02 6.192816e+03 1.414074e+02 -3.678762e-02 6.192833e+03 5.309624e-03 -2.843891e-05 -1.735685e-02
17.5           8.850285e+01 -2.443022e-02 6.075792e+03 8.848319e+01 -2.441513e-02 6.075840e+03 1.966509e-02 -1.508199e-05 -4.741992e-02
17.6           7.504009e+01 5.273089e-02 5.995149e+03 7.500491e+01 5.274095e-02 5.995228e+03 3.518286e-02 -1.005107e-05 -7.971174e-02
17.7           3.853430e+02 6.363572e-01 7.009179e+03 3.852941e+02 6.363619e-01 7.009286e+03 4.895971e-02 -4.673849e-06 -1.076884e-01
17.8           4.124424e-01 1.435985e-01 5.860098e+03 3.520865e-01 1.436122e-01 5.860234e+03 6.035585e-02 -1.362893e-05 -1.367167e-01
17.9           -3.218133e+01 1.170654e-01 5.909052e+03 -3.224745e+01 1.170824e-01 5.909212e+03 6.612444e-02 -1.704445e-05 -1.601078e-01
18             -2.699068e+01 -8.686253e-02 5.888634e+03 -2.705594e+01 -8.683838e-02 5.888813e+03 6.526198e-02 -2.414699e-05 -1.789724e-01
18.1           1.655248e+00 6.092723e-01 5.772080e+03 1.595355e+00 6.093047e-01 5.772271e+03 5.989276e-02 -3.240287e-05 -1.907744e-01
18.2           -9.378369e+01 1.503745e-01 5.806568e+03 -9.383534e+01 1.504054e-01 5.806761e+03 5.165524e-02 -3.091037e-05 -1.930006e-01
18.3           -1.460666e+02 4.408826e-01 5.891713e+03 -1.461118e+02 4.409099e-01 5.891901e+03 4.516950e-02 -2.730199e-05 -1.879067e-01
18.4           -1.088689e+02 -6.740679e-01 5.748148e+03 -1.089059e+02 -6.740412e-01 5.748318e+03 3.700091e-02 -2.671197e-05 -1.703767e-01
18.5           -1.673217e+02 9.223451e-01 5.577245e+03 -1.673547e+02 9.223652e-01 5.577395e+03 3.305338e-02 -2.008806e-05 -1.491689e-01
18.6           -2.802880e+02 -2.267639e-01 5.386572e+03 -2.803232e+02 -2.267498e-01 5.386698e+03 3.517564e-02 -1.407870e-05 -1.255797e-01
18.7           -2.083545e+02 -1.874391e-01 5.775021e+03 -2.083968e+02 -1.874291e-01 5.775119e+03 4.233666e-02 -9.983829e-06 -9.867024e-02
18.8           -1.978099e+02 -2.022516e+00 5.615154e+03 -1.978594e+02 -2.022484e+00 5.615223e+03 4.956292e-02 -3.183221e-05 -6.838615e-02
18.9           -1.815502e+02 3.274613e-02 5.634622e+03 -1.816051e+02 3.277192e-02 5.634657e+03 5.488245e-02 -2.579069e-05 -3.560786e-02
19             -2.194534e+02 1.067804e-01 5.694490e+03 -2.195098e+02 1.068033e-01 5.694494e+03 5.643133e-02 -2.292648e-05 -4.287854e-03
19.1           -8.668866e+01 8.971485e-01 5.656219e+03 -8.674406e+01 8.971788e-01 5.656196e+03 5.540245e-02 -3.030642e-05 2.332082e-02
19.2           -1.547417e+01 1.068927e-01 5.932376e+03 -1.552221e+01 1.069267e-01 5.932329e+03 4.804155e-02 -3.394292e-05 4.721659e-02
19.3           3.669333e+01 -4.705449e-02 5.810188e+03 3.665840e+01 -4.702606e-02 5.810122e+03 3.492691e-02 -2.843091e-05 6.601922e-02
19.4           7.806500e+01 -9.809727e-02 5.981601e+03 7.804348e+01 -9.806839e-02 5.981526e+03 2.152071e-02 -2.888864e-05 7.502433e-02
19.5           8.339090e+01 -2.011165e-01 5.960314e+03 8.338275e+01 -2.010872e-01 5.960242e+03 8.153473e-03 -2.935264e-05 7.251404e-02
19.6           1.276453e+02 -3.417707e-01 5.931609e+03 1.276462e+02 -3.417503e-01 5.931550e+03 -9.053953e-04 -2.048535e-05 5.879898e-02
19.7           1.195756e+02 -4.079000e-01 5.984546e+03 1.195817e+02 -4.078863e-01 5.984506e+03 -6.022265e-03 -1.367697e-05 3.947430e-02
19.8           1.473562e+02 -4.926843e-01 6.035409e+03 1.473626e+02 -4.926698e-01 6.035395e+03 -6.372766e-03 -1.449842e-05 1.360998e-02
19.9           1.222704e+02 -2.612100e-01 6.174802e+03 1.222737e+02 -2.611950e-01 6.174816e+03 -3.234073e-03 -1.501946e-05 -1.451793e-02
20             1.085833e+02 -2.356090e-01 6.108964e+03 1.085763e+02 -2.355916e-01 6.109008e+03 6.978212e-03 -1.745887e-05 -4.392250e-02
20.1           1.319739e+02 -2.226445e-01 6.107179e+03 1.319521e+02 -2.226324e-01 6.107252e+03 2.179811e-02 -1.209833e-05 -7.278991e-02
20.2           6.527304e+01 1.553479e-02 6.112187e+03 6.523156e+01 1.555236e-02 6.112290e+03 4.147786e-02 -1.757319e-05 -1.027561e-01
20.3           2.229459e+02 1.597916e-01 6.598862e+03 2.228842e+02 1.598172e-01 6.598995e+03 6.169072e-02 -2.557535e-05 -1.330347e-01
20.4           1.127426e+02 1.428998e-01 6.163447e+03 1.126644e+02 1.429282e-01 6.163606e+03 7.819490e-02 -2.839737e-05 -1.588527e-01
20.5           4.739368e+01 4.505137e-01 6.085002e+03 4.730357e+01 4.505400e-01 6.085182e+03 9.011162e-02 -2.630407e-05 -1.800712e-01
20.6           7.761747e+00 9.383263e-01 6.018491e+03 7.668507e+00 9.383551e-01 6.018687e+03 9.324035e-02 -2.886128e-05 -1.962719e-01
20.7           6.512695e-01 1.941661e-01 5.737381e+03 5.635416e-01 1.941950e-01 5.737586e+03 8.772790e-02 -2.887887e-05 -2.053839e-01
20.8           -8.832085e+01 6.528631e-01 5.800096e+03 -8.839663e+01 6.528937e-01 5.800303e+03 7.578101e-02 -3.065002e-05 -2.076722e-01
20.9           -1.064993e+02 3.123734e-01 5.710792e+03 -1.065603e+02 3.124077e-01 5.710989e+03 6.095888e-02 -3.424948e-05 -1.978635e-01
21             -1.950642e+02 2.772267e-03 5.779538e+03 -1.951116e+02 2.821442e-03 5.779719e+03 4.742604e-02 -4.917428e-05 -1.810549e-01
21.1           -1.412688e+02 -1.874298e-01 5.734240e+03 -1.413053e+02 -1.873860e-01 5.734397e+03 3.652692e-02 -4.379951e-05 -1.575891e-01
21.2           -2.074021e-01 -1.575297e-01 6.214939e+03 -2.405288e-01 -1.574904e-01 6.215072e+03 3.312674e-02 -3.927120e-05 -1.323498e-01
21.3           -1.463117e+02 -4.498848e-01 5.939287e+03 -1.463443e+02 -4.498452e-01 5.939393e+03 3.260795e-02 -3.965751e-05 -1.058944e-01
21.4           -2.344343e+02 -1.525330e-02 5.573643e+03 -2.344756e+02 -1.522531e-02 5.573722e+03 4.123897e-02 -2.799065e-05 -7.917146e-02
21.5           -1.619207e+02 -1.086961e+00 5.789836e+03 -1.619684e+02 -1.086930e+00 5.789882e+03 4.768088e-02 -3.126160e-05 -4.664158e-02
21.6           -1.862481e+02 -3.251371e-01 5.826339e+03 -1.863031e+02 -3.251006e-01 5.826358e+03 5.502053e-02 -3.648906e-05 -1.838335e-02
21.7           -1.472888e+02 -5.991588e-01 5.927969e+03 -1.473446e+02 -5.991097e-01 5.927958e+03 5.579894e-02 -4.913065e-05 1.071884e-02
21.8           -1.086622e+02 -3.719493e-01 5.748088e+03 -1.087140e+02 -3.718882e-01 5.748054e+03 5.176603e-02 -6.112830e-05 3.322109e-02
21.9           -4.103900e+01 -2.381097e-01 5.738303e+03 -4.108265e+01 -2.380427e-01 5.738254e+03 4.364878e-02 -6.703663e-05 4.936022e-02
22             -6.841136e+00 -2.730328e-01 5.773158e+03 -6.870230e+00 -2.729632e-01 5.773098e+03 2.909416e-02 -6.963523e-05 6.017112e-02
22.1           3.467793e+01 -7.352790e-02 5.908882e+03 3.466536e+01 -7.345742e-02 5.908819e+03 1.256537e-02 -7.048009e-05 6.279500e-02
22.2           1.230551e+02 1.476081e-02 5.959325e+03 1.230525e+02 1.482541e-02 5.959275e+03 2.601498e-03 -6.460026e-05 5.033903e-02
22.3           7.999555e+01 4.726475e-02 5.965363e+03 8.000202e+01 4.731813e-02 5.965329e+03 -6.472998e-03 -5.338159e-05 3.328052e-02
22.4           1.398108e+02 1.063503e-01 6.162314e+03 1.398209e+02 1.063941e-01 6.162304e+03 -1.000842e-02 -4.377569e-05 1.052163e-02
22.5           2.577892e+02 4.193788e-01 6.908508e+03 2.577956e+02 4.194114e-01 6.908526e+03 -6.361706e-03 -3.266026e-05 -1.734634e-02
22.6           1.739821e+02 2.882828e-01 6.169821e+03 1.739813e+02 2.883056e-01 6.169868e+03 8.255827e-04 -2.288650e-05 -4.634321e-02
22.7           8.213050e+01 4.888453e-01 6.109875e+03 8.211620e+01 4.888560e-01 6.109950e+03 1.430095e-02 -1.064564e-05 -7.479087e-02
22.8           1.097527e+02 2.903255e-01 6.088299e+03 1.097211e+02 2.903343e-01 6.088401e+03 3.167835e-02 -8.868806e-06 -1.015162e-01
22.9           4.118428e+01 4.081104e-01 6.052485e+03 4.113237e+01 4.081172e-01 6.052614e+03 5.191637e-02 -6.836894e-06 -1.287512e-01
23             6.171015e+01 2.985514e-01 6.010462e+03 6.164014e+01 2.985686e-01 6.010616e+03 7.000892e-02 -1.715228e-05 -1.539154e-01
23.1           2.189658e+01 8.417044e-01 6.040412e+03 2.181079e+01 8.417254e-01 6.040589e+03 8.578938e-02 -2.097577e-05 -1.770533e-01
23.2           2.079439e+02 3.181269e-02 6.349848e+03 2.078495e+02 3.183760e-02 6.350038e+03 9.440495e-02 -2.491212e-05 -1.904680e-01
23.3           1.521018e+02 -4.869414e-02 6.147596e+03 1.520099e+02 -4.866900e-02 6.147796e+03 9.187829e-02 -2.514049e-05 -1.997615e-01
23.4           5.058550e+01 -1.074498e+00 6.054133e+03 5.050414e+01 -1.074475e+00 6.054337e+03 8.136613e-02 -2.326355e-05 -2.033529e-01
23.5           1.232574e+01 -4.111405e-01 5.825333e+03 1.225907e+01 -4.111100e-01 5.825533e+03 6.666966e-02 -3.043936e-05 -1.994192e-01
23.6           -6.741180e+01 5.651977e-01 5.711797e+03 -6.746332e+01 5.652272e-01 5.711986e+03 5.152499e-02 -2.950889e-05 -1.889306e-01
23.7           -9.367776e+01 -2.403293e-01 5.911007e+03 -9.371620e+01 -2.403036e-01 5.911175e+03 3.843907e-02 -2.572959e-05 -1.687337e-01
23.8           -1.520023e+02 -1.970254e-01 5.753474e+03 -1.520319e+02 -1.969896e-01 5.753619e+03 2.963559e-02 -3.575159e-05 -1.452046e-01
23.9           -1.322616e+02 2.103820e+00 5.772018e+03 -1.322886e+02 2.103846e+00 5.772140e+03 2.698733e-02 -2.621957e-05 -1.225508e-01
24             -5.734542e+01 -4.093953e-01 6.137757e+03 -5.737761e+01 -4.093744e-01 6.137855e+03 3.219093e-02 -2.093764e-05 -9.735996e-02
24.1           -1.364582e+02 4.597632e-01 5.855446e+03 -1.364986e+02 4.597888e-01 5.855519e+03 4.033360e-02 -2.566059e-05 -7.295400e-02
24.2           -1.745469e+02 -8.810654e-01 5.697708e+03 -1.745949e+02 -8.810388e-01 5.697753e+03 4.806337e-02 -2.663318e-05 -4.571002e-02
24.3           -7.898597e+01 1.717742e-01 6.039803e+03 -7.903950e+01 1.718128e-01 6.039822e+03 5.352245e-02 -3.856829e-05 -1.834368e-02
24.4           -1.036168e+02 -3.959605e-01 5.696324e+03 -1.036720e+02 -3.959120e-01 5.696319e+03 5.516399e-02 -4.845973e-05 5.164549e-03
24.5           -5.350648e+01 -1.061884e-01 5.819431e+03 -5.355772e+01 -1.061336e-01 5.819405e+03 5.124837e-02 -5.484377e-05 2.621766e-02
24.6           6.195507e+01 -4.446896e-01 6.085051e+03 6.191347e+01 -4.446326e-01 6.085010e+03 4.159333e-02 -5.705008e-05 4.169411e-02
24.7           2.881773e+01 -2.487446e-01 5.883960e+03 2.878885e+01 -2.486904e-01 5.883910e+03 2.887384e-02 -5.422982e-05 5.001759e-02
24.8           1.822572e+01 -6.621029e-02 5.992483e+03 1.821200e+01 -6.615998e-02 5.992432e+03 1.371232e-02 -5.030214e-05 5.088797e-02
24.9           6.180279e+01 -7.915616e-01 5.912483e+03 6.179861e+01 -7.915194e-01 5.912444e+03 4.184919e-03 -4.217244e-05 3.842026e-02
25             1.201784e+02 -3.689563e-02 6.058176e+03 1.201810e+02 -3.687682e-02 6.058155e+03 -2.606176e-03 -1.881329e-05 2.131439e-02
25.1           1.342196e+02 -5.139860e-02 6.058710e+03 1.342253e+02 -5.139550e-02 6.058709e+03 -5.691882e-03 -3.100441e-06 1.014587e-03
25.2           1.246173e+02 4.861124e-03 5.998819e+03 1.246195e+02 4.853963e-03 5.998843e+03 -2.167280e-03 7.160985e-06 -2.411018e-02
25.3           1.361053e+02 2.449064e-01 6.094320e+03 1.361002e+02 2.448953e-01 6.094368e+03 5.111104e-03 1.112313e-05 -4.877637e-02
25.4           1.394368e+02 5.562911e-01 6.128219e+03 1.394192e+02 5.562685e-01 6.128294e+03 1.762676e-02 2.269024e-05 -7.468152e-02
25.5           1.258890e+02 6.071490e-01 6.168792e+03 1.258544e+02 6.071204e-01 6.168893e+03 3.462584e-02 2.861668e-05 -1.009652e-01
25.6           6.390947e+00 5.432131e-01 5.860149e+03 6.338343e+00 5.431876e-01 5.860276e+03 5.260412e-02 2.551288e-05 -1.266952e-01
25.7           8.122112e+01 7.645783e-01 6.043928e+03 8.115333e+01 7.645612e-01 6.044078e+03 6.779537e-02 1.710625e-05 -1.497921e-01
25.8           8.893015e+01 4.747047e-01 6.164674e+03 8.884896e+01 4.746914e-01 6.164846e+03 8.118574e-02 1.324050e-05 -1.714048e-01
25.9           -8.562275e+00 4.374568e-01 5.986551e+03 -8.648863e+00 4.374507e-01 5.986737e+03 8.658721e-02 6.065561e-06 -1.864384e-01
26             2.584070e+01 8.561288e-02 5.929428e+03 2.575778e+01 8.560559e-02 5.929624e+03 8.291497e-02 7.287241e-06 -1.959767e-01
26.1           -9.354058e+01 4.307783e-01 5.740186e+03 -9.361195e+01 4.307754e-01 5.740388e+03 7.137699e-02 2.910728e-06 -2.016000e-01
26.2           2.790918e+01 1.170403e-02 5.883180e+03 2.785180e+01 1.170290e-02 5.883380e+03 5.737566e-02 1.131237e-06 -1.998889e-01
26.3           -9.518349e+01 -6.011323e-01 5.798471e+03 -9.522606e+01 -6.011285e-01 5.798662e+03 4.257817e-02 -3.804319e-06 -1.918462e-01
26.4           -1.034964e+02 2.455727e+00 5.634444e+03 -1.035269e+02 2.455720e+00 5.634621e+03 3.049225e-02 6.920045e-06 -1.769013e-01
26.5           -1.534498e+02 -1.032671e+00 5.542087e+03 -1.534733e+02 -1.032667e+00 5.542245e+03 2.352879e-02 -3.938975e-06 -1.573458e-01
26.6           -1.888828e+02 -2.865050e-01 5.621942e+03 -1.889049e+02 -2.865007e-01 5.622077e+03 2.207229e-02 -4.285040e-06 -1.353469e-01
26.7           -1.135844e+02 -4.260110e-01 5.857276e+03 -1.136128e+02 -4.260064e-01 5.857387e+03 2.833877e-02 -4.548873e-06 -1.119267e-01
26.8           -2.145870e+02 -1.426312e+00 5.704121e+03 -2.146236e+02 -1.426297e+00 5.704208e+03 3.661546e-02 -1.454313e-05 -8.709043e-02
26.9           -2.050518e+02 -6.893904e-01 5.747570e+03 -2.050979e+02 -6.893646e-01 5.747630e+03 4.605512e-02 -2.575597e-05 -5.965744e-02
27             -1.107099e+02 -1.618592e-01 5.940053e+03 -1.107630e+02 -1.618327e-01 5.940085e+03 5.305490e-02 -2.654174e-05 -3.201548e-02
27.1           -4.747413e+01 1.054280e-02 6.041041e+03 -4.753091e+01 1.057694e-02 6.041048e+03 5.678521e-02 -3.414347e-05 -7.372143e-03
27.2           -7.774007e+01 -5.121256e-02 5.559979e+03 -7.779227e+01 -5.116587e-02 5.559963e+03 5.220310e-02 -4.669594e-05 1.528687e-02
27.3           -4.375842e+00 -1.203871e-01 5.859816e+03 -4.419472e+00 -1.203423e-01 5.859785e+03 4.362933e-02 -4.478061e-05 3.167593e-02
27.4           3.903892e+01 7.042156e-03 5.927426e+03 3.900670e+01 7.076953e-03 5.927383e+03 3.221885e-02 -3.479714e-05 4.240691e-02
27.5           3.768733e+01 8.015253e-02 5.940012e+03 3.766902e+01 8.018140e-02 5.939966e+03 1.830658e-02 -2.887511e-05 4.591938e-02
27.6           1.415839e+02 1.517494e-01 5.993152e+03 1.415735e+02 1.517674e-01 5.993116e+03 1.048848e-02 -1.801128e-05 3.591242e-02
27.7           1.408260e+02 1.869144e-01 6.040366e+03 1.408248e+02 1.869181e-01 6.040343e+03 1.226468e-03 -3.761662e-06 2.280996e-02
27.8           1.613371e+02 1.939495e-01 6.090113e+03 1.613398e+02 1.939443e-01 6.090109e+03 -2.700035e-03 5.234853e-06 3.967186e-03
27.9           1.644285e+02 2.438210e-01 6.076965e+03 1.644294e+02 2.438060e-01 6.076984e+03 -9.537487e-04 1.505848e-05 -1.944024e-02
28             8.236376e+01 5.491253e-01 6.103022e+03 8.235776e+01 5.490965e-01 6.103066e+03 5.997255e-03 2.884034e-05 -4.430871e-02
28.1           1.098224e+02 5.579699e-01 6.091746e+03 1.098057e+02 5.579304e-01 6.091815e+03 1.670420e-02 3.949235e-05 -6.889328e-02
28.2           1.566227e+02 5.881926e-01 6.053623e+03 1.565924e+02 5.881447e-01 6.053718e+03 3.027132e-02 4.789677e-05 -9.415739e-02
28.3           1.619670e+01 4.485073e-01 5.970097e+03 1.614976e+01 4.484605e-01 5.970218e+03 4.693954e-02 4.679072e-05 -1.208208e-01
28.4           4.909393e+01 6.434167e-01 5.961734e+03 4.903162e+01 6.433728e-01 5.961880e+03 6.231489e-02 4.388950e-05 -1.461982e-01
28.5           9.667825e+01 8.613521e-02 5.990074e+03 9.660364e+01 8.609332e-02 5.990242e+03 7.460497e-02 4.188958e-05 -1.685277e-01
28.6           6.850437e+01 1.979538e+00 5.960292e+03 6.842184e+01 1.979503e+00 5.960478e+03 8.252510e-02 3.500117e-05 -1.867989e-01
28.7           5.553308e+01 -2.814655e-01 6.037303e+03 5.545401e+01 -2.815010e-01 6.037501e+03 7.907357e-02 3.548790e-05 -1.979716e-01
28.8           8.493834e+01 2.144868e-01 6.140065e+03 8.487172e+01 2.144550e-01 6.140268e+03 6.662104e-02 3.179084e-05 -2.031400e-01
28.9           3.271264e+01 -2.865318e-01 6.012210e+03 3.265957e+01 -2.865635e-01 6.012415e+03 5.307171e-02 3.168316e-05 -2.043667e-01
29             -2.503737e+01 -1.424929e-01 5.859322e+03 -2.507702e+01 -1.425172e-01 5.859522e+03 3.964884e-02 2.428375e-05 -1.992468e-01
29.1           4.130450e+01 -2.517417e-01 5.971445e+03 4.127797e+01 -2.517661e-01 5.971631e+03 2.653244e-02 2.444682e-05 -1.856065e-01
29.2           -1.223169e+02 -1.995360e+00 5.803792e+03 -1.223352e+02 -1.995387e+00 5.803959e+03 1.829285e-02 2.630081e-05 -1.673514e-01
29.3           -1.252759e+02 -1.638320e+00 5.707297e+03 -1.252921e+02 -1.638344e+00 5.707442e+03 1.613775e-02 2.410114e-05 -1.457683e-01
29.4           -1.590604e+02 -5.044037e-01 5.766891e+03 -1.590827e+02 -5.044366e-01 5.767013e+03 2.233175e-02 3.287705e-05 -1.212634e-01
29.5           -2.240824e+02 -4.950301e-02 5.752719e+03 -2.241129e+02 -4.952989e-02 5.752816e+03 3.044559e-02 2.688111e-05 -9.660072e-02
29.6           -1.491021e+02 3.348990e-02 5.876532e+03 -1.491433e+02 3.346151e-02 5.876602e+03 4.115260e-02 2.839541e-05 -6.948819e-02
29.7           -2.044673e+02 -1.491183e-01 5.597849e+03 -2.045161e+02 -1.491363e-01 5.597894e+03 4.877517e-02 1.797425e-05 -4.553036e-02
29.8           -1.783322e+02 -3.033936e-01 5.697597e+03 -1.783851e+02 -3.034090e-01 5.697615e+03 5.286971e-02 1.537355e-05 -1.808209e-02
29.9           -9.224483e+01 8.419687e-02 5.780091e+03 -9.229631e+01 8.418720e-02 5.780086e+03 5.148474e-02 9.669724e-06 4.961868e-03
30             -1.223911e+02 -5.966168e-03 5.777703e+03 -1.224348e+02 -5.970399e-03 5.777681e+03 4.369803e-02 4.230831e-06 2.283841e-02
30.1           9.806837e+00 8.897613e-03 5.841077e+03 9.774689e+00 8.897524e-03 5.841040e+03 3.214768e-02 8.967202e-08 3.640465e-02
30.2           7.597202e+01 -1.769662e-01 5.905849e+03 7.595371e+01 -1.769579e-01 5.905807e+03 1.831186e-02 -8.261112e-06 4.230592e-02
30.3           8.536968e+01 -1.230048e-02 5.996532e+03 8.536153e+01 -1.228840e-02 5.996497e+03 8.151337e-03 -1.208629e-05 3.584485e-02
30.4           1.133434e+02 -7.178014e-02 6.136823e+03 1.133430e+02 -7.176990e-02 6.136801e+03 3.463960e-04 -1.023799e-05 2.198348e-02
30.5           1.641917e+02 -6.230294e-02 6.075070e+03 1.641974e+02 -6.229443e-02 6.075066e+03 -5.706418e-03 -8.502769e-06 4.244205e-03
30.6           1.399222e+02 1.643572e-01 6.094126e+03 1.399279e+02 1.643611e-01 6.094145e+03 -5.717366e-03 -3.809725e-06 -1.881708e-02
30.7           1.088888e+02 2.630573e-01 6.129342e+03 1.088896e+02 2.630529e-01 6.129386e+03 -7.903547e-04 4.403522e-06 -4.399014e-02
30.8           1.443862e+02 1.053203e-01 6.109054e+03 1.443769e+02 1.053101e-01 6.109124e+03 9.342381e-03 1.021003e-05 -6.932357e-02
30.9           1.379420e+02 4.185837e-01 6.096954e+03 1.379201e+02 4.185681e-01 6.097049e+03 2.197249e-02 1.559116e-05 -9.501781e-02
31             5.771573e+01 -1.740430e-01 5.888713e+03 5.767768e+01 -1.740597e-01 5.888835e+03 3.804924e-02 1.669896e-05 -1.219386e-01
31.1           7.556067e+01 5.410796e-01 6.042963e+03 7.550769e+01 5.410681e-01 6.043110e+03 5.297330e-02 1.142930e-05 -1.470494e-01
31.2           6.289588e+01 4.455114e-01 6.055649e+03 6.282932e+01 4.455024e-01 6.055820e+03 6.655444e-02 9.072658e-06 -1.708542e-01
31.3           -9.435206e+01 3.317777e-01 5.781036e+03 -9.442475e+01 3.317742e-01 5.781224e+03 7.268557e-02 3.528437e-06 -1.877069e-01
31.4           -9.106671e+00 9.934598e-02 5.824913e+03 -9.176686e+00 9.933918e-02 5.825111e+03 7.001491e-02 6.797941e-06 -1.976513e-01
31.5           1.295975e+02 3.705902e-01 6.365699e+03 1.295366e+02 3.705892e-01 6.365903e+03 6.082103e-02 1.014021e-06 -2.045486e-01
31.6           1.518261e+01 -9.171142e-01 5.951679e+03 1.513473e+01 -9.171172e-01 5.951887e+03 4.788315e-02 3.035614e-06 -2.076332e-01
31.7           3.531555e-01 -5.428514e-01 5.888895e+03 3.199375e-01 -5.428446e-01 5.889097e+03 3.321804e-02 -6.725870e-06 -2.020014e-01
31.8           -5.016118e+01 -2.350011e+00 5.766183e+03 -5.018258e+01 -2.350002e+00 5.766373e+03 2.139681e-02 -9.702021e-06 -1.905474e-01
31.9           -2.827157e+02 -2.478539e-01 5.356572e+03 -2.827273e+02 -2.478417e-01 5.356745e+03 1.158593e-02 -1.217749e-05 -1.726679e-01
32             -1.884494e+02 2.173351e-01 5.647259e+03 -1.884577e+02 2.173357e-01 5.647408e+03 8.261064e-03 -6.945082e-07 -1.491475e-01
32.1           -3.102529e+02 -5.768590e-01 5.350070e+03 -3.102653e+02 -5.768620e-01 5.350197e+03 1.234019e-02 2.969910e-06 -1.276639e-01
32.2           -1.221831e+02 5.255759e-02 6.123517e+03 -1.222036e+02 5.255962e-02 6.123619e+03 2.053085e-02 -2.023729e-06 -1.023915e-01
32.3           -2.424423e+02 -7.917336e-01 5.442210e+03 -2.424729e+02 -7.917340e-01 5.442286e+03 3.059102e-02 4.319976e-07 -7.558081e-02
32.4           -2.118165e+02 1.314380e-01 5.631686e+03 -2.118565e+02 1.314447e-01 5.631737e+03 3.998819e-02 -6.645383e-06 -5.041316e-02
32.5           -1.020924e+02 -6.317804e-03 5.770827e+03 -1.021357e+02 -6.308752e-03 5.770850e+03 4.326974e-02 -9.052649e-06 -2.358407e-02
32.6           -1.241109e+02 -1.604548e-01 5.657496e+03 -1.241541e+02 -1.604458e-01 5.657497e+03 4.324583e-02 -8.954777e-06 -1.154891e-03
32.7           -6.467569e+01 7.035889e-02 5.795175e+03 -6.471212e+01 7.036911e-02 5.795158e+03 3.643164e-02 -1.021881e-05 1.680156e-02
32.8           -1.026851e+02 -3.409558e-02 5.614409e+03 -1.027092e+02 -3.408603e-02 5.614378e+03 2.406617e-02 -9.552872e-06 3.106841e-02
32.9           2.381679e+01 -2.025672e-01 5.851951e+03 2.380361e+01 -2.025528e-01 5.851915e+03 1.318205e-02 -1.437049e-05 3.635758e-02
33             6.906420e+01 -7.028132e-03 5.957270e+03 6.906246e+01 -7.009392e-03 5.957238e+03 1.737365e-03 -1.874023e-05 3.162169e-02
33.1           1.063324e+02 -1.419926e-02 5.967247e+03 1.063386e+02 -1.418323e-02 5.967228e+03 -6.127531e-03 -1.602185e-05 1.842031e-02
33.2           1.447485e+02 -2.719450e-02 6.016765e+03 1.447595e+02 -2.718118e-02 6.016764e+03 -1.099717e-02 -1.331462e-05 8.086088e-04
33.3           1.365327e+02 1.973343e-01 6.175642e+03 1.365445e+02 1.973452e-01 6.175664e+03 -1.181809e-02 -1.083292e-05 -2.204427e-02
33.4           1.348109e+02 2.753777e-01 6.191585e+03 1.348183e+02 2.753814e-01 6.191632e+03 -7.440451e-03 -3.743805e-06 -4.688491e-02
33.5           1.770850e+02 3.410017e-01 6.145700e+03 1.770835e+02 3.409989e-01 6.145773e+03 1.493153e-03 2.855005e-06 -7.294778e-02
33.6           1.671327e+02 2.911413e-01 6.091943e+03 1.671187e+02 2.911341e-01 6.092041e+03 1.399288e-02 7.203143e-06 -9.776411e-02
33.7           9.575337e+01 4.821899e-01 6.052373e+03 9.572440e+01 4.821846e-01 6.052497e+03 2.896596e-02 5.279864e-06 -1.235030e-01
33.8           7.718110e+01 5.813947e-01 5.968979e+03 7.713655e+01 5.814004e-01 5.969128e+03 4.455163e-02 -5.735761e-06 -1.492560e-01
33.9           6.861023e+01 3.682748e-01 6.022781e+03 6.855186e+01 3.682893e-01 6.022954e+03 5.836741e-02 -1.445186e-05 -1.729544e-01
34             5.793433e+01 8.169067e-02 6.010987e+03 5.786911e+01 8.171147e-02 6.011174e+03 6.521971e-02 -2.079697e-05 -1.868527e-01
34.1           1.090721e+02 8.519154e-01 5.992296e+03 1.090071e+02 8.519365e-01 5.992495e+03 6.501965e-02 -2.111258e-05 -1.990979e-01
34.2           8.615554e+01 1.223276e-01 6.130179e+03 8.609800e+01 1.223519e-01 6.130388e+03 5.754233e-02 -2.427329e-05 -2.083995e-01
34.3           -1.936509e+02 -2.629635e-01 5.604670e+03 -1.936929e+02 -2.629284e-01 5.604878e+03 4.200112e-02 -3.514228e-05 -2.078340e-01
34.4           -2.145388e+01 -2.621105e-01 5.825698e+03 -2.148211e+01 -2.620717e-01 5.825903e+03 2.823180e-02 -3.882318e-05 -2.047654e-01
34.5           -3.255075e+01 -7.967384e-01 5.860096e+03 -3.256524e+01 -7.966835e-01 5.860290e+03 1.449025e-02 -5.489126e-05 -1.940381e-01
34.6           -1.397250e+02 7.118610e-02 5.844322e+03 -1.397281e+02 7.124179e-02 5.844497e+03 3.070182e-03 -5.569109e-05 -1.750362e-01
34.7           -1.502164e+02 -2.609022e-01 5.662425e+03 -1.502166e+02 -2.608528e-01 5.662580e+03 2.022406e-04 -4.948606e-05 -1.550425e-01
34.8           -2.376174e+02 -2.931581e-01 5.545107e+03 -2.376199e+02 -2.931129e-01 5.545239e+03 2.500883e-03 -4.525353e-05 -1.321786e-01
34.9           -1.679334e+02 1.446587e-01 5.690893e+03 -1.679443e+02 1.446932e-01 5.691000e+03 1.090307e-02 -3.452797e-05 -1.067365e-01
35             -1.772069e+02 -2.043112e+00 5.693130e+03 -1.772275e+02 -2.043067e+00 5.693210e+03 2.056069e-02 -4.499379e-05 -8.004497e-02
35.1           -1.922142e+02 4.010223e-01 5.844821e+03 -1.922443e+02 4.010743e-01 5.844875e+03 3.013218e-02 -5.195217e-05 -5.352780e-02
35.2           -9.251383e+01 1.621340e-01 5.932279e+03 -9.254747e+01 1.621923e-01 5.932305e+03 3.363438e-02 -5.826818e-05 -2.626741e-02
35.3           -1.272510e+02 3.061971e-01 5.786008e+03 -1.272861e+02 3.062604e-01 5.786014e+03 3.511906e-02 -6.334951e-05 -5.338737e-03
35.4           -4.043423e+01 2.777862e-01 5.833525e+03 -4.046461e+01 2.778469e-01 5.833513e+03 3.037709e-02 -6.072275e-05 1.154826e-02
35.5           -3.482032e+00 2.388322e-01 5.848398e+03 -3.499959e+00 2.388878e-01 5.848373e+03 1.792674e-02 -5.552860e-05 2.492195e-02
35.6           5.086657e+01 1.646075e-01 5.862887e+03 5.086105e+01 1.646607e-01 5.862856e+03 5.514971e-03 -5.321189e-05 3.062814e-02
35.7           8.738032e+01 9.628614e-02 6.020014e+03 8.738635e+01 9.634006e-02 6.019988e+03 -6.032868e-03 -5.391484e-05 2.650259e-02
35.8           9.635653e+01 -1.144932e-01 6.062067e+03 9.637058e+01 -1.144418e-01 6.062053e+03 -1.405272e-02 -5.143592e-05 1.408499e-02
35.9           8.192041e+01 -1.503178e-01 6.069281e+03 8.193768e+01 -1.502664e-01 6.069286e+03 -1.726889e-02 -5.144073e-05 -4.539125e-03
36             1.494716e+02 -3.422813e-01 6.069227e+03 1.494876e+02 -3.422252e-01 6.069255e+03 -1.596500e-02 -5.616516e-05 -2.787807e-02
36.1           1.400731e+02 -1.265758e-01 6.220636e+03 1.400840e+02 -1.265159e-01 6.220688e+03 -1.087110e-02 -5.990457e-05 -5.194663e-02
36.2           7.620439e+01 -8.871770e-02 6.100704e+03 7.620568e+01 -8.865152e-02 6.100781e+03 -1.298645e-03 -6.618212e-05 -7.687200e-02
36.3           8.257514e+01 -1.256498e-02 6.128343e+03 8.256303e+01 -1.249343e-02 6.128444e+03 1.210861e-02 -7.154848e-05 -1.008578e-01
36.4           8.418488e+01 -4.123658e-01 5.839071e+03 8.415855e+01 -4.122833e-01 5.839196e+03 2.633119e-02 -8.253177e-05 -1.247447e-01
36.5           9.753501e+01 -6.357262e-03 6.016024e+03 9.749551e+01 -6.259626e-03 6.016172e+03 3.949889e-02 -9.763527e-05 -1.488633e-01
36.6           5.559131e+01 2.479678e-01 5.961992e+03 5.554071e+01 2.480727e-01 5.962163e+03 5.059511e-02 -1.049084e-04 -1.709093e-01
36.7           4.527235e+01 -3.879117e-02 5.988225e+03 4.521300e+01 -3.868201e-02 5.988414e+03 5.935824e-02 -1.091658e-04 -1.889080e-01
36.8           -4.577956e+00 -2.792463e-01 5.658804e+03 -4.637383e+00 -2.791279e-01 5.659004e+03 5.942658e-02 -1.184135e-04 -1.997557e-01
36.9           9.533566e+01 2.631250e-02 6.060040e+03 9.528632e+01 2.643673e-02 6.060244e+03 4.934176e-02 -1.242270e-04 -2.037289e-01
37             1.015668e+02 6.489951e-01 5.962553e+03 1.015313e+02 6.491274e-01 5.962758e+03 3.552512e-02 -1.322542e-04 -2.058368e-01
37.1           -7.546587e+00 8.101703e-02 5.864587e+03 -7.566555e+00 8.114341e-02 5.864789e+03 1.996807e-02 -1.263826e-04 -2.019047e-01
37.2           -7.959303e+01 -5.244232e-01 5.684503e+03 -7.960149e+01 -5.242915e-01 5.684698e+03 8.460362e-03 -1.317430e-04 -1.953022e-01
37.3           8.134406e+01 -4.797143e-01 5.961646e+03 8.134523e+01 -4.795834e-01 5.961826e+03 -1.168465e-03 -1.309250e-04 -1.800421e-01
37.4           4.535401e+01 7.951912e-01 6.142778e+03 4.536195e+01 7.953124e-01 6.142937e+03 -7.939568e-03 -1.212460e-04 -1.591889e-01
37.5           -1.418962e+02 -6.202659e-01 5.490585e+03 -1.418913e+02 -6.201627e-01 5.490723e+03 -4.895368e-03 -1.032152e-04 -1.382283e-01
37.6           -8.794997e+01 -1.657414e+00 5.818670e+03 -8.795239e+01 -1.657313e+00 5.818783e+03 2.424804e-03 -1.007992e-04 -1.129785e-01
37.7           -1.764325e+02 4.263769e-02 5.662417e+03 -1.764452e+02 4.275478e-02 5.662504e+03 1.271571e-02 -1.170896e-04 -8.781246e-02
37.8           -2.288309e+02 1.674216e-01 5.418302e+03 -2.288526e+02 1.675431e-01 5.418364e+03 2.175140e-02 -1.214816e-04 -6.118562e-02
37.9           -1.590906e+02 7.909987e-01 5.568727e+03 -1.591166e+02 7.911115e-01 5.568761e+03 2.598709e-02 -1.128283e-04 -3.417605e-02
38             7.804495e+00 9.334801e-02 6.016868e+03 7.775872e+00 9.346475e-02 6.016880e+03 2.862325e-02 -1.167390e-04 -1.172449e-02
38.1           -5.038320e+01 3.004814e-01 5.826982e+03 -5.040657e+01 3.005999e-01 5.826977e+03 2.336746e-02 -1.184040e-04 5.499787e-03
38.2           -3.131220e+01 1.737209e-01 5.839621e+03 -3.132738e+01 1.738365e-01 5.839604e+03 1.517424e-02 -1.155943e-04 1.751237e-02
38.3           2.749912e+01 1.343119e-01 5.771798e+03 2.749516e+01 1.344266e-01 5.771774e+03 3.966739e-03 -1.146518e-04 2.452451e-02
38.4           6.732067e+01 1.017084e-01 5.983270e+03 6.732946e+01 1.018272e-01 5.983246e+03 -8.789517e-03 -1.187962e-04 2.385119e-02
38.5           1.075230e+02 -1.055655e-01 5.985637e+03 1.075380e+02 -1.054450e-01 5.985625e+03 -1.499093e-02 -1.205458e-04 1.137519e-02
38.6           1.491574e+02 -2.513756e-01 6.055696e+03 1.491776e+02 -2.512516e-01 6.055700e+03 -2.015624e-02 -1.239664e-04 -4.452213e-03
38.7           1.494522e+02 -3.620999e-01 6.108377e+03 1.494716e+02 -3.619693e-01 6.108403e+03 -1.937916e-02 -1.306764e-04 -2.665667e-02
38.8           1.195968e+02 -3.168589e-01 6.099103e+03 1.196126e+02 -3.167226e-01 6.099153e+03 -1.574132e-02 -1.362866e-04 -5.063254e-02
38.9           1.507043e+02 -5.224358e-01 6.158230e+03 1.507126e+02 -5.222912e-01 6.158304e+03 -8.279153e-03 -1.446667e-04 -7.454584e-02
39             1.868604e+02 -2.268191e-01 6.115279e+03 1.868573e+02 -2.266719e-01 6.115377e+03 3.171771e-03 -1.472358e-04 -9.765155e-02
39.1           1.294704e+02 -2.069431e-01 6.091675e+03 1.294540e+02 -2.067909e-01 6.091796e+03 1.638114e-02 -1.521536e-04 -1.211106e-01
39.2           8.269904e+01 -9.016838e-02 5.908691e+03 8.266744e+01 -9.001356e-02 5.908837e+03 3.160410e-02 -1.548168e-04 -1.460364e-01
39.3           2.931512e+01 -1.832455e-01 5.889340e+03 2.927236e+01 -1.830843e-01 5.889508e+03 4.276332e-02 -1.612148e-04 -1.671289e-01
39.4           1.082107e+02 -3.081858e-01 6.014992e+03 1.081605e+02 -3.080172e-01 6.015177e+03 5.015767e-02 -1.686039e-04 -1.849291e-01
39.5           4.437914e+01 -1.311389e-01 5.821067e+03 4.432790e+01 -1.309743e-01 5.821263e+03 5.123917e-02 -1.646012e-04 -1.960511e-01
39.6           3.812605e+00 1.227780e+00 5.843045e+03 3.767965e+00 1.227949e+00 5.843248e+03 4.464011e-02 -1.685607e-04 -2.034820e-01
39.7           -1.508170e+02 -5.369911e-02 5.352950e+03 -1.508520e+02 -5.352380e-02 5.353161e+03 3.506689e-02 -1.753101e-04 -2.112707e-01
39.8           -2.237914e+01 5.079527e-01 5.905723e+03 -2.239697e+01 5.081190e-01 5.905927e+03 1.783471e-02 -1.663416e-04 -2.043548e-01
39.9           -8.881637e+01 -5.415803e-01 5.785835e+03 -8.881817e+01 -5.414177e-01 5.786030e+03 1.792468e-03 -1.626113e-04 -1.948180e-01
40             -1.207620e+02 1.979084e+00 5.820558e+03 -1.207522e+02 1.979248e+00 5.820737e+03 -9.719470e-03 -1.641800e-04 -1.792287e-01
