# Moment      
# CofR        : (2.293280e+01 0.000000e+00 -2.860000e-01)
#
# Time        	total_x total_y total_z	pressure_x pressure_y pressure_z	viscous_x viscous_y viscous_z
0.1            4.495607e-02 2.409007e+02 9.217002e-02 4.494728e-02 2.410024e+02 9.216158e-02 8.790035e-06 -1.017063e-01 8.438119e-06
0.2            5.573396e-02 1.803029e+02 6.449070e-02 5.572701e-02 1.804858e+02 6.448774e-02 6.946834e-06 -1.829001e-01 2.967579e-06
0.3            3.237069e-02 1.380600e+02 8.525050e-02 3.236794e-02 1.383083e+02 8.524981e-02 2.747816e-06 -2.482495e-01 6.898468e-07
0.4            4.297673e-02 1.258443e+02 6.874009e-02 4.297315e-02 1.261334e+02 6.874363e-02 3.581151e-06 -2.890390e-01 -3.544488e-06
0.5            4.071508e-02 5.669209e+01 1.114692e-01 4.070798e-02 5.699914e+01 1.114737e-01 7.099907e-06 -3.070543e-01 -4.419710e-06
0.6            2.378412e-03 -1.195215e+01 1.572335e-01 2.376141e-03 -1.164328e+01 1.572491e-01 2.270461e-06 -3.088609e-01 -1.558933e-05
0.7            -3.780498e-02 -2.538490e+01 -1.111696e-02 -3.779258e-02 -2.508890e+01 -1.108794e-02 -1.240759e-05 -2.960028e-01 -2.901827e-05
0.8            1.695880e-01 -5.132828e+01 -1.431593e-01 1.696170e-01 -5.105416e+01 -1.430977e-01 -2.899600e-05 -2.741246e-01 -6.159805e-05
0.9            -1.232457e-01 -9.816847e+01 3.832703e-02 -1.232111e-01 -9.792337e+01 3.840507e-02 -3.454446e-05 -2.450932e-01 -7.803987e-05
1              -5.821888e-02 -1.138688e+02 -5.968859e-03 -5.817866e-02 -1.136581e+02 -5.898123e-03 -4.022226e-05 -2.106940e-01 -7.073588e-05
1.1            -6.669915e-02 -1.199595e+02 -1.937482e-03 -6.664818e-02 -1.197896e+02 -1.867410e-03 -5.097171e-05 -1.698787e-01 -7.007169e-05
1.2            -7.610929e-02 -1.185141e+02 7.999144e-02 -7.605659e-02 -1.183892e+02 8.004479e-02 -5.269950e-05 -1.248454e-01 -5.334283e-05
1.3            -3.365920e-03 -1.154573e+02 1.398430e-02 -3.319133e-03 -1.153778e+02 1.402626e-02 -4.678759e-05 -7.947561e-02 -4.196261e-05
1.4            5.824186e-02 -7.520200e+01 -3.215719e-02 5.828178e-02 -7.516638e+01 -3.212032e-02 -3.992267e-05 -3.562735e-02 -3.687318e-05
1.5            7.820392e-02 -3.663949e+01 -2.474724e-02 7.822288e-02 -3.664477e+01 -2.471878e-02 -1.896210e-05 5.282779e-03 -2.845730e-05
1.6            9.156237e-02 2.601524e+00 -4.636418e-02 9.155857e-02 2.562843e+00 -4.634705e-02 3.805436e-06 3.868141e-02 -1.712881e-05
1.7            1.073418e-01 6.403787e+01 -4.080797e-02 1.073220e-01 6.397372e+01 -4.080353e-02 1.974836e-05 6.414895e-02 -4.443067e-06
1.8            8.636814e-02 1.060194e+02 -1.091941e-01 8.633908e-02 1.059393e+02 -1.091927e-01 2.905599e-05 8.002801e-02 -1.391785e-06
1.9            2.319573e-01 1.455060e+02 -2.798723e-01 2.319152e-01 1.454199e+02 -2.798693e-01 4.208955e-05 8.611071e-02 -3.025795e-06
2              2.876095e-02 2.151504e+02 -1.128277e-01 2.870632e-02 2.150670e+02 -1.128388e-01 5.463871e-05 8.339869e-02 1.113180e-05
2.1            1.721996e-02 2.404771e+02 -7.808237e-02 1.716958e-02 2.404041e+02 -7.809749e-02 5.037739e-05 7.302499e-02 1.512069e-05
2.2            -3.896556e-02 2.854276e+02 -5.559542e-03 -3.901258e-02 2.853712e+02 -5.558904e-03 4.702255e-05 5.640037e-02 -6.382666e-07
2.3            -6.791340e-02 3.036839e+02 4.017850e-02 -6.795924e-02 3.036479e+02 4.018162e-02 4.583496e-05 3.605033e-02 -3.120711e-06
2.4            -8.366235e-02 3.443031e+02 5.932498e-02 -8.369644e-02 3.442900e+02 5.933814e-02 3.409066e-05 1.306951e-02 -1.316006e-05
2.5            -7.960548e-02 3.470957e+02 1.022025e-01 -7.961684e-02 3.471088e+02 1.022277e-01 1.135974e-05 -1.313489e-02 -2.519459e-05
2.6            -6.297568e-02 3.612003e+02 5.601045e-02 -6.295928e-02 3.612407e+02 5.604260e-02 -1.640555e-05 -4.036928e-02 -3.214512e-05
2.7            -3.998745e-02 3.640491e+02 4.129042e-02 -3.994802e-02 3.641149e+02 4.132797e-02 -3.942966e-05 -6.585986e-02 -3.755342e-05
2.8            5.130563e-03 3.480440e+02 2.617265e-02 5.187517e-03 3.481335e+02 2.621527e-02 -5.695444e-05 -8.952244e-02 -4.262459e-05
2.9            4.191019e-02 3.431231e+02 -1.670994e-02 4.197011e-02 3.432320e+02 -1.666836e-02 -5.992096e-05 -1.088764e-01 -4.157684e-05
3              -2.427805e-01 3.124653e+02 -6.908577e-02 -2.427285e-01 3.125892e+02 -6.904887e-02 -5.194749e-05 -1.238717e-01 -3.689155e-05
3.1            8.340055e-02 2.871325e+02 -5.858810e-02 8.343861e-02 2.872664e+02 -5.855766e-02 -3.805653e-05 -1.338737e-01 -3.044377e-05
3.2            2.958197e-01 2.326599e+02 -2.061840e-01 2.958510e-01 2.327958e+02 -2.061622e-01 -3.123981e-05 -1.359581e-01 -2.184396e-05
3.3            1.794078e-01 2.639952e+02 -1.417429e-01 1.794328e-01 2.641252e+02 -1.417232e-01 -2.503938e-05 -1.299696e-01 -1.968919e-05
3.4            1.584858e-01 2.467880e+02 -1.634890e-01 1.585013e-01 2.469062e+02 -1.634665e-01 -1.545834e-05 -1.182177e-01 -2.248303e-05
3.5            1.394289e-01 2.462024e+02 -1.609532e-01 1.394273e-01 2.463041e+02 -1.609316e-01 1.638877e-06 -1.017217e-01 -2.164632e-05
3.6            7.411654e-02 2.426426e+02 -8.866447e-02 7.410673e-02 2.427255e+02 -8.864212e-02 9.812435e-06 -8.281861e-02 -2.235793e-05
3.7            4.319306e-02 2.501822e+02 -5.336042e-02 4.318471e-02 2.502438e+02 -5.332908e-02 8.351687e-06 -6.158233e-02 -3.134211e-05
3.8            -6.702065e-04 2.592369e+02 -2.225482e-02 -6.719664e-04 2.592768e+02 -2.221339e-02 1.759876e-06 -3.997058e-02 -4.143054e-05
3.9            -3.951276e-02 2.645366e+02 2.655140e-02 -3.950348e-02 2.645564e+02 2.660303e-02 -9.277297e-06 -1.984224e-02 -5.163210e-05
4              -9.692354e-02 2.921221e+02 7.792825e-02 -9.690254e-02 2.921245e+02 7.799138e-02 -2.099604e-05 -2.319858e-03 -6.313131e-05
4.1            -1.355509e-01 3.111909e+02 1.129758e-01 -1.355166e-01 3.111782e+02 1.130478e-01 -3.421287e-05 1.274233e-02 -7.204058e-05
4.2            -1.539370e-01 3.292229e+02 1.252777e-01 -1.538918e-01 3.291981e+02 1.253523e-01 -4.520626e-05 2.475163e-02 -7.458963e-05
4.3            -1.633188e-01 3.536917e+02 1.218556e-01 -1.632653e-01 3.536592e+02 1.219281e-01 -5.355924e-05 3.248743e-02 -7.253332e-05
4.4            -1.424068e-01 3.898576e+02 9.079594e-02 -1.423487e-01 3.898220e+02 9.086669e-02 -5.804238e-05 3.551473e-02 -7.075146e-05
4.5            -1.179058e-01 4.015868e+02 5.664538e-02 -1.178476e-01 4.015513e+02 5.671368e-02 -5.820690e-05 3.550620e-02 -6.829726e-05
4.6            -1.085678e-01 4.232399e+02 4.627468e-02 -1.085131e-01 4.232084e+02 4.633917e-02 -5.468836e-05 3.149666e-02 -6.448986e-05
4.7            -4.716164e-02 4.354906e+02 8.976111e-03 -4.710567e-02 4.354653e+02 9.031489e-03 -5.597202e-05 2.527192e-02 -5.537759e-05
4.8            -1.769880e-03 4.459553e+02 -1.754736e-03 -1.708184e-03 4.459392e+02 -1.707558e-03 -6.169592e-05 1.615132e-02 -4.717834e-05
4.9            2.808095e-02 4.607070e+02 -1.896763e-02 2.814278e-02 4.607017e+02 -1.892421e-02 -6.182430e-05 5.334827e-03 -4.341983e-05
5              9.142287e-02 4.772820e+02 -3.847318e-02 9.147976e-02 4.772895e+02 -3.843266e-02 -5.689807e-05 -7.430660e-03 -4.051462e-05
5.1            1.202055e-01 4.654749e+02 -3.522078e-02 1.202512e-01 4.654947e+02 -3.518447e-02 -4.571117e-05 -1.981469e-02 -3.630934e-05
5.2            1.335285e-01 4.694347e+02 -6.582908e-02 1.335579e-01 4.694659e+02 -6.579867e-02 -2.948083e-05 -3.115965e-02 -3.040711e-05
5.3            1.164808e-01 4.632189e+02 -1.086386e-01 1.164981e-01 4.632598e+02 -1.086165e-01 -1.724437e-05 -4.095856e-02 -2.210183e-05
5.4            9.275990e-02 4.547454e+02 -1.086840e-01 9.277588e-02 4.547939e+02 -1.086714e-01 -1.598272e-05 -4.846677e-02 -1.261306e-05
5.5            6.463864e-02 4.486778e+02 -7.030989e-02 6.466076e-02 4.487305e+02 -7.030154e-02 -2.212356e-05 -5.273701e-02 -8.350376e-06
5.6            1.890606e-02 4.445835e+02 -2.388517e-02 1.892966e-02 4.446370e+02 -2.387543e-02 -2.360159e-05 -5.354818e-02 -9.739672e-06
5.7            -3.286464e-03 4.382201e+02 -1.405637e-02 -3.265107e-03 4.382717e+02 -1.404622e-02 -2.135777e-05 -5.154159e-02 -1.014894e-05
5.8            -4.804375e-02 4.451611e+02 4.973708e-03 -4.802387e-02 4.452083e+02 4.983288e-03 -1.987954e-05 -4.717549e-02 -9.580406e-06
5.9            -1.075264e-01 4.549784e+02 4.403845e-02 -1.075058e-01 4.550189e+02 4.405166e-02 -2.066571e-05 -4.051112e-02 -1.321926e-05
6              -7.896991e-02 4.518641e+02 3.184908e-02 -7.893946e-02 4.518958e+02 3.186826e-02 -3.044840e-05 -3.171511e-02 -1.918239e-05
6.1            -1.436117e-01 4.540967e+02 3.119781e-02 -1.435657e-01 4.541195e+02 3.122074e-02 -4.598148e-05 -2.283927e-02 -2.293344e-05
6.2            -1.019550e-01 4.635777e+02 -1.733082e-03 -1.019000e-01 4.635920e+02 -1.710845e-03 -5.499970e-05 -1.437019e-02 -2.223682e-05
6.3            -7.953453e-02 4.694309e+02 -3.626506e-02 -7.947531e-02 4.694374e+02 -3.624290e-02 -5.922705e-05 -6.523179e-03 -2.215474e-05
6.4            -3.466568e-03 4.946606e+02 -3.079705e-02 -3.402619e-03 4.946608e+02 -3.077364e-02 -6.394953e-05 -2.512714e-04 -2.340646e-05
6.5            1.919263e-02 5.017610e+02 -2.016687e-02 1.926827e-02 5.017574e+02 -2.014021e-02 -7.563944e-05 3.655857e-03 -2.666228e-05
6.6            4.109772e-02 5.147947e+02 -7.022761e-02 4.118891e-02 5.147888e+02 -7.020280e-02 -9.119326e-05 5.934088e-03 -2.480917e-05
6.7            8.159811e-02 5.293972e+02 -7.993506e-02 8.169070e-02 5.293907e+02 -7.992050e-02 -9.258764e-05 6.440690e-03 -1.456761e-05
6.8            1.249200e-01 5.402036e+02 -1.359692e-01 1.249890e-01 5.401989e+02 -1.359609e-01 -6.895922e-05 4.627949e-03 -8.251346e-06
6.9            1.128635e-01 5.417372e+02 -1.047784e-01 1.129018e-01 5.417360e+02 -1.047711e-01 -3.824924e-05 1.176120e-03 -7.279795e-06
7              1.253779e-01 5.541026e+02 -7.149472e-02 1.253993e-01 5.541058e+02 -7.149293e-02 -2.137944e-05 -3.151141e-03 -1.787782e-06
7.1            1.270481e-01 5.655421e+02 -7.259975e-03 1.270629e-01 5.655504e+02 -7.267459e-03 -1.477471e-05 -8.311027e-03 7.484570e-06
7.2            1.180978e-01 5.746668e+02 3.160879e-02 1.181034e-01 5.746802e+02 3.159910e-02 -5.514906e-06 -1.341672e-02 9.694379e-06
7.3            9.318256e-02 5.692124e+02 1.750195e-02 9.317512e-02 5.692308e+02 1.748930e-02 7.440502e-06 -1.836737e-02 1.265435e-05
7.4            5.252789e-02 5.744118e+02 -8.173406e-03 5.250726e-02 5.744348e+02 -8.199316e-03 2.062660e-05 -2.301286e-02 2.590996e-05
7.5            2.911653e-01 5.625683e+02 -3.451867e-02 2.911400e-01 5.625954e+02 -3.455340e-02 2.526527e-05 -2.709363e-02 3.473433e-05
7.6            -4.195764e-02 5.687652e+02 6.308048e-02 -4.197232e-02 5.687952e+02 6.305089e-02 1.467560e-05 -3.000674e-02 2.959775e-05
7.7            -4.395965e-02 5.739583e+02 2.397853e-02 -4.395731e-02 5.739905e+02 2.395531e-02 -2.345747e-06 -3.213277e-02 2.322561e-05
7.8            -7.773992e-02 5.637717e+02 -5.241070e-03 -7.773063e-02 5.638044e+02 -5.266232e-03 -9.292910e-06 -3.271412e-02 2.516224e-05
7.9            -9.449119e-02 5.873268e+02 -4.860921e-02 -9.448746e-02 5.873583e+02 -4.863687e-02 -3.730275e-06 -3.148455e-02 2.766087e-05
8              -8.427015e-02 5.996052e+02 -5.835462e-02 -8.427304e-02 5.996341e+02 -5.838214e-02 2.883867e-06 -2.895541e-02 2.751739e-05
8.1            -1.115748e-01 5.882816e+02 -6.384671e-02 -1.115825e-01 5.883066e+02 -6.387456e-02 7.678293e-06 -2.498748e-02 2.784826e-05
8.2            -6.217379e-02 6.237972e+02 -3.822076e-02 -6.219367e-02 6.238179e+02 -3.824896e-02 1.988165e-05 -2.064915e-02 2.820182e-05
8.3            -2.668976e-02 6.444957e+02 -3.774947e-02 -2.672513e-02 6.445110e+02 -3.777335e-02 3.536757e-05 -1.527322e-02 2.388277e-05
8.4            3.061904e-03 6.542924e+02 -5.605200e-02 3.019477e-03 6.543022e+02 -5.607225e-02 4.242708e-05 -9.754173e-03 2.024300e-05
8.5            4.599925e-02 6.811192e+02 -6.837328e-02 4.595956e-02 6.811239e+02 -6.839542e-02 3.969428e-05 -4.744357e-03 2.214867e-05
8.6            8.763044e-02 7.084704e+02 -5.365409e-02 8.759495e-02 7.084708e+02 -5.367916e-02 3.548783e-05 -4.431306e-04 2.506655e-05
8.7            1.174488e-01 7.178150e+02 -2.433679e-02 1.174140e-01 7.178127e+02 -2.436032e-02 3.482799e-05 2.350632e-03 2.353014e-05
8.8            1.384194e-01 7.411449e+02 -5.624250e-03 1.383700e-01 7.411418e+02 -5.642731e-03 4.936824e-05 3.054135e-03 1.848051e-05
8.9            1.359382e-01 7.577579e+02 -3.267334e-02 1.358589e-01 7.577552e+02 -3.268164e-02 7.932308e-05 2.669922e-03 8.305754e-06
9              1.037358e-01 7.803818e+02 -5.141908e-02 1.036372e-01 7.803812e+02 -5.142206e-02 9.855858e-05 5.937197e-04 2.980418e-06
9.1            8.013276e-02 7.860190e+02 -2.040334e-02 8.005152e-02 7.860221e+02 -2.041715e-02 8.123606e-05 -3.061928e-03 1.381736e-05
9.2            5.118477e-02 7.954894e+02 7.655041e-02 5.113405e-02 7.954968e+02 7.652582e-02 5.071208e-05 -7.390122e-03 2.458917e-05
9.3            2.880789e-02 7.930932e+02 1.581263e-01 2.877229e-02 7.931060e+02 1.581146e-01 3.560322e-05 -1.277368e-02 1.171409e-05
9.4            -1.757589e-02 7.892967e+02 1.343730e-01 -1.760910e-02 7.893144e+02 1.343790e-01 3.321034e-05 -1.769658e-02 -5.985645e-06
9.5            -6.485318e-02 7.723118e+02 7.082777e-02 -6.488207e-02 7.723331e+02 7.084159e-02 2.889673e-05 -2.137522e-02 -1.381741e-05
9.6            -7.105316e-02 7.800950e+02 -2.056347e-02 -7.107301e-02 7.801194e+02 -2.055019e-02 1.985329e-05 -2.439520e-02 -1.328256e-05
9.7            -7.744897e-02 7.801978e+02 -2.899674e-02 -7.746175e-02 7.802240e+02 -2.898713e-02 1.278458e-05 -2.625003e-02 -9.610361e-06
9.8            -6.125292e-02 7.536932e+02 2.491605e-03 -6.126718e-02 7.537209e+02 2.498779e-03 1.426401e-05 -2.770855e-02 -7.173946e-06
9.9            2.000735e-01 7.398778e+02 2.421330e-01 2.000524e-01 7.399056e+02 2.421438e-01 2.113706e-05 -2.783241e-02 -1.080266e-05
10             -3.404739e-02 7.438163e+02 -2.171142e-02 -3.407047e-02 7.438425e+02 -2.168950e-02 2.308155e-05 -2.626455e-02 -2.192207e-05
10.1           3.040167e-03 7.428781e+02 -3.016086e-02 3.026465e-03 7.429011e+02 -3.013760e-02 1.370189e-05 -2.293731e-02 -2.326042e-05
10.2           5.448362e-03 7.308467e+02 -9.613622e-02 5.444434e-03 7.308658e+02 -9.612386e-02 3.927926e-06 -1.910965e-02 -1.235907e-05
10.3           4.726870e-02 7.428326e+02 -9.247005e-02 4.725865e-02 7.428461e+02 -9.246965e-02 1.004665e-05 -1.352199e-02 -4.005625e-07
10.4           8.373480e-02 7.435780e+02 -9.984732e-02 8.370792e-02 7.435855e+02 -9.985123e-02 2.688359e-05 -7.551361e-03 3.912826e-06
10.5           1.287591e-01 7.483320e+02 -9.157598e-02 1.287148e-01 7.483325e+02 -9.158055e-02 4.424115e-05 -4.473902e-04 4.576948e-06
10.6           1.432475e-01 7.617226e+02 -5.461891e-02 1.431949e-01 7.617166e+02 -5.462275e-02 5.264066e-05 6.054848e-03 3.836837e-06
10.7           1.616063e-01 7.767353e+02 -4.435808e-02 1.615592e-01 7.767235e+02 -4.435820e-02 4.716007e-05 1.180932e-02 1.200310e-07
10.8           1.243096e-01 8.342226e+02 -3.626554e-02 1.242808e-01 8.342070e+02 -3.626602e-02 2.877482e-05 1.561654e-02 4.883249e-07
10.9           1.064326e-01 8.557294e+02 -2.257864e-02 1.064128e-01 8.557119e+02 -2.258613e-02 1.984842e-05 1.756572e-02 7.491324e-06
11             9.534083e-02 9.012620e+02 2.513481e-02 9.530718e-02 9.012443e+02 2.512921e-02 3.365121e-05 1.777569e-02 5.594571e-06
11.1           7.151360e-02 9.272779e+02 1.125866e-02 7.146535e-02 9.272607e+02 1.126475e-02 4.825207e-05 1.717677e-02 -6.083418e-06
11.2           1.132362e-02 9.648085e+02 -3.269037e-02 1.127699e-02 9.647955e+02 -3.268262e-02 4.663072e-05 1.306037e-02 -7.750825e-06
11.3           -2.119329e-02 1.009673e+03 -2.660272e-02 -2.123206e-02 1.009666e+03 -2.660901e-02 3.877190e-05 7.022426e-03 6.293484e-06
11.4           -4.975131e-02 1.057642e+03 2.724106e-02 -4.978621e-02 1.057643e+03 2.723159e-02 3.489314e-05 -9.031933e-04 9.472216e-06
11.5           -3.843729e-02 1.079612e+03 6.573782e-02 -3.847154e-02 1.079624e+03 6.574326e-02 3.425586e-05 -1.142236e-02 -5.438065e-06
11.6           -6.656693e-02 1.108001e+03 7.417876e-02 -6.658725e-02 1.108025e+03 7.419398e-02 2.032305e-05 -2.383762e-02 -1.522544e-05
11.7           -8.246998e-02 1.121909e+03 4.146194e-02 -8.247353e-02 1.121947e+03 4.146807e-02 3.551940e-06 -3.783703e-02 -6.134046e-06
11.8           -5.325448e-02 1.137576e+03 -1.427618e-05 -5.325712e-02 1.137628e+03 -2.071542e-05 2.636132e-06 -5.179803e-02 6.439234e-06
11.9           -2.971101e-02 1.152148e+03 2.688660e-02 -2.973293e-02 1.152212e+03 2.687055e-02 2.192348e-05 -6.400010e-02 1.604922e-05
12             -4.933241e-02 1.146691e+03 3.542366e-02 -4.937067e-02 1.146765e+03 3.540756e-02 3.825613e-05 -7.378334e-02 1.610395e-05
12.1           -2.826902e-02 1.131720e+03 3.689312e-02 -2.830420e-02 1.131801e+03 3.688412e-02 3.517384e-05 -8.073457e-02 8.999549e-06
12.2           -2.008490e-02 1.136034e+03 2.036926e-02 -2.010666e-02 1.136118e+03 2.036097e-02 2.176140e-05 -8.405965e-02 8.293510e-06
12.3           -6.625070e-03 1.081464e+03 -4.668474e-02 -6.642729e-03 1.081545e+03 -4.670069e-02 1.765864e-05 -8.159702e-02 1.595314e-05
12.4           -1.764021e-02 1.097210e+03 -1.600761e-01 -1.767345e-02 1.097285e+03 -1.601093e-01 3.324471e-05 -7.509561e-02 3.317568e-05
12.5           5.774865e-02 1.046020e+03 -1.275485e-01 5.769995e-02 1.046084e+03 -1.275933e-01 4.869575e-05 -6.432725e-02 4.484846e-05
12.6           4.839419e-02 1.031379e+03 -9.796383e-02 4.835727e-02 1.031428e+03 -9.800695e-02 3.692071e-05 -4.879760e-02 4.312138e-05
12.7           1.039736e-01 9.752489e+02 -3.963726e-02 1.039708e-01 9.752808e+02 -3.967582e-02 2.808224e-06 -3.193428e-02 3.856233e-05
12.8           8.985409e-02 9.432786e+02 -3.427975e-02 8.986434e-02 9.432914e+02 -3.432352e-02 -1.025948e-05 -1.284894e-02 4.377591e-05
12.9           -1.524641e-01 9.288218e+02 1.024786e-01 -1.524675e-01 9.288145e+02 1.024233e-01 3.455796e-06 7.304782e-03 5.535375e-05
13             6.808280e-02 9.275309e+02 4.152049e-03 6.806091e-02 9.275036e+02 4.097487e-03 2.189181e-05 2.735082e-02 5.456229e-05
13.1           1.448168e-01 9.309602e+02 2.457768e-02 1.447802e-01 9.309138e+02 2.453902e-02 3.661712e-05 4.638981e-02 3.865415e-05
13.2           9.505218e-02 9.350722e+02 5.329920e-02 9.502138e-02 9.350101e+02 5.326791e-02 3.080185e-05 6.210702e-02 3.128678e-05
13.3           4.478102e-02 9.632475e+02 6.672668e-02 4.476084e-02 9.631720e+02 6.668579e-02 2.018637e-05 7.546247e-02 4.088966e-05
13.4           4.859187e-02 9.867826e+02 7.701750e-02 4.855699e-02 9.866976e+02 7.696650e-02 3.488002e-05 8.505098e-02 5.099925e-05
13.5           1.024582e-01 1.045884e+03 1.173621e-02 1.023884e-01 1.045793e+03 1.168935e-02 6.979308e-05 9.164715e-02 4.686003e-05
13.6           -2.534772e-03 1.083360e+03 -3.893423e-02 -2.626291e-03 1.083269e+03 -3.897345e-02 9.151979e-05 9.144678e-02 3.921962e-05
13.7           -3.689487e-02 1.125912e+03 -1.214223e-02 -3.697771e-02 1.125825e+03 -1.219033e-02 8.284443e-05 8.741556e-02 4.809813e-05
13.8           -4.171612e-02 1.190946e+03 -1.146954e-02 -4.177589e-02 1.190869e+03 -1.152779e-02 5.977047e-05 7.686263e-02 5.824752e-05
13.9           -4.559174e-02 1.273899e+03 2.921487e-02 -4.565305e-02 1.273836e+03 2.916233e-02 6.130945e-05 6.258857e-02 5.254750e-05
14             -3.049279e-02 1.370921e+03 -2.692990e-03 -3.055464e-02 1.370880e+03 -2.731532e-03 6.185016e-05 4.176669e-02 3.854149e-05
14.1           -7.630547e-02 1.430771e+03 -1.317677e-02 -7.632882e-02 1.430754e+03 -1.322179e-02 2.335384e-05 1.653724e-02 4.501707e-05
14.2           -9.731810e-02 1.485703e+03 6.368770e-03 -9.728909e-02 1.485715e+03 6.307071e-03 -2.900810e-05 -1.241441e-02 6.169877e-05
14.3           -1.212959e-01 1.529931e+03 6.660754e-02 -1.212596e-01 1.529974e+03 6.653958e-02 -3.623450e-05 -4.310221e-02 6.795722e-05
14.4           -9.831837e-02 1.548631e+03 9.019994e-02 -9.831712e-02 1.548707e+03 9.015140e-02 -1.248452e-06 -7.597893e-02 4.853746e-05
14.5           -1.417599e-01 1.581136e+03 2.167737e-02 -1.417736e-01 1.581246e+03 2.163642e-02 1.362671e-05 -1.096970e-01 4.094915e-05
14.6           -1.612771e-01 1.599145e+03 -3.215980e-02 -1.612705e-01 1.599286e+03 -3.221597e-02 -6.668223e-06 -1.412137e-01 5.617338e-05
14.7           -1.179939e-01 1.555784e+03 -1.414835e-02 -1.179813e-01 1.555952e+03 -1.421350e-02 -1.264499e-05 -1.681561e-01 6.515152e-05
14.8           -8.381037e-02 1.513996e+03 1.279846e-02 -8.381198e-02 1.514186e+03 1.274212e-02 1.604677e-06 -1.900333e-01 5.633873e-05
14.9           -6.862724e-02 1.495863e+03 -7.025997e-02 -6.865113e-02 1.496065e+03 -7.031040e-02 2.389264e-05 -2.021869e-01 5.043738e-05
15             -1.470626e-01 1.389407e+03 -5.046200e-02 -1.471022e-01 1.389613e+03 -5.051563e-02 3.965754e-05 -2.059897e-01 5.362631e-05
15.1           -8.267141e-02 1.331232e+03 7.707789e-03 -8.272098e-02 1.331431e+03 7.656064e-03 4.956384e-05 -1.984341e-01 5.172471e-05
15.2           -4.743450e-02 1.267212e+03 -1.386712e-02 -4.748091e-02 1.267393e+03 -1.392127e-02 4.641729e-05 -1.810060e-01 5.415145e-05
15.3           -2.308234e-01 1.138795e+03 -1.345502e-01 -2.308588e-01 1.138947e+03 -1.346146e-01 3.535840e-05 -1.519442e-01 6.444344e-05
15.4           -2.618259e-01 1.148104e+03 -7.665584e-02 -2.618595e-01 1.148218e+03 -7.672051e-02 3.362946e-05 -1.137353e-01 6.467082e-05
15.5           -5.028649e-02 1.049284e+03 2.373488e-02 -5.033689e-02 1.049353e+03 2.366960e-02 5.039580e-05 -6.963293e-02 6.527490e-05
15.6           2.838684e-01 1.015899e+03 -1.309670e-01 2.838153e-01 1.015920e+03 -1.310300e-01 5.305415e-05 -2.097675e-02 6.305905e-05
15.7           -2.373799e-02 9.816784e+02 -1.172231e-01 -2.377113e-02 9.816492e+02 -1.172866e-01 3.314227e-05 2.915847e-02 6.347010e-05
15.8           3.081204e-02 9.915472e+02 -9.416052e-02 3.079800e-02 9.914695e+02 -9.423411e-02 1.403921e-05 7.765824e-02 7.358626e-05
15.9           5.594110e-02 1.031503e+03 -1.015827e-01 5.593093e-02 1.031382e+03 -1.016608e-01 1.016899e-05 1.203066e-01 7.818580e-05
16             -1.102431e-02 1.043471e+03 -8.205163e-02 -1.104804e-02 1.043315e+03 -8.212324e-02 2.373207e-05 1.554045e-01 7.160690e-05
16.1           -3.022901e-01 1.119231e+03 -6.010170e-01 -3.023366e-01 1.119048e+03 -6.010739e-01 4.653469e-05 1.837793e-01 5.687908e-05
16.2           9.217438e-02 1.120824e+03 7.444234e-02 9.212545e-02 1.120621e+03 7.438378e-02 4.892200e-05 2.031185e-01 5.855986e-05
16.3           4.716344e-02 1.275140e+03 7.092917e-02 4.713803e-02 1.274928e+03 7.089386e-02 2.540232e-05 2.116811e-01 3.530601e-05
16.4           -8.369207e-02 1.414098e+03 8.490317e-03 -8.371360e-02 1.413889e+03 8.445908e-03 2.152243e-05 2.086449e-01 4.440935e-05
16.5           -7.045328e-02 1.562428e+03 2.946591e-02 -7.045651e-02 1.562233e+03 2.942890e-02 3.232669e-06 1.947509e-01 3.701066e-05
16.6           -9.395315e-02 1.668981e+03 8.426234e-02 -9.392792e-02 1.668817e+03 8.423331e-02 -2.523700e-05 1.638307e-01 2.902632e-05
16.7           -7.621432e-02 1.769093e+03 9.373072e-02 -7.615548e-02 1.768969e+03 9.371291e-02 -5.883940e-05 1.244392e-01 1.781501e-05
16.8           -1.086117e-01 1.894306e+03 8.912563e-02 -1.085347e-01 1.894232e+03 8.912991e-02 -7.698436e-05 7.407186e-02 -4.278902e-06
16.9           -9.436811e-02 1.981099e+03 4.536540e-02 -9.430494e-02 1.981083e+03 4.537581e-02 -6.316507e-05 1.629797e-02 -1.040952e-05
17             1.735261e-02 2.044687e+03 -4.363092e-03 1.737677e-02 2.044737e+03 -4.367004e-03 -2.416310e-05 -5.067998e-02 3.912569e-06
17.1           -5.706470e-02 2.093309e+03 2.283629e-02 -5.706487e-02 2.093429e+03 2.281668e-02 1.653178e-07 -1.191926e-01 1.960981e-05
17.2           -5.777066e-02 2.109310e+03 2.828685e-02 -5.775166e-02 2.109496e+03 2.826623e-02 -1.900014e-05 -1.862883e-01 2.062571e-05
17.3           -8.274019e-02 2.083353e+03 -1.464489e-02 -8.268558e-02 2.083600e+03 -1.466203e-02 -5.460863e-05 -2.466505e-01 1.714643e-05
17.4           -2.222386e-02 2.049288e+03 -5.838941e-02 -2.215000e-02 2.049585e+03 -5.840519e-02 -7.386375e-05 -2.969991e-01 1.578454e-05
17.5           -6.588132e-02 1.953802e+03 -2.080304e-02 -6.581276e-02 1.954140e+03 -2.081127e-02 -6.855757e-05 -3.381565e-01 8.223776e-06
17.6           -5.167012e-02 1.847959e+03 5.997923e-03 -5.161809e-02 1.848326e+03 5.993400e-03 -5.202220e-05 -3.667232e-01 4.523582e-06
17.7           -1.803477e-01 2.019877e+03 -1.022746e-01 -1.803177e-01 2.020255e+03 -1.022775e-01 -2.996923e-05 -3.774352e-01 2.853000e-06
17.8           -1.175746e-01 1.570143e+03 -7.220152e-02 -1.175584e-01 1.570513e+03 -7.220900e-02 -1.621190e-05 -3.694223e-01 7.479880e-06
17.9           -1.278226e-01 1.470668e+03 -5.156010e-02 -1.277938e-01 1.471007e+03 -5.156227e-02 -2.884458e-05 -3.383746e-01 2.165929e-06
18             -1.413478e-01 1.334129e+03 -9.680949e-02 -1.413138e-01 1.334415e+03 -9.680594e-02 -3.400786e-05 -2.860545e-01 -3.544829e-06
18.1           -4.065815e-01 1.181710e+03 -3.215918e-01 -4.065559e-01 1.181925e+03 -3.215911e-01 -2.563436e-05 -2.158079e-01 -7.479119e-07
18.2           -2.350692e-01 1.163620e+03 -1.713271e-01 -2.350500e-01 1.163754e+03 -1.713223e-01 -1.921050e-05 -1.339233e-01 -4.802325e-06
18.3           -2.693771e-01 1.115968e+03 -1.991970e-01 -2.693559e-01 1.116018e+03 -1.991906e-01 -2.123578e-05 -4.999182e-02 -6.351126e-06
18.4           4.196835e-04 1.029298e+03 1.554410e-01 4.487824e-04 1.029263e+03 1.554361e-01 -2.909895e-05 3.464927e-02 4.896782e-06
18.5           -7.964107e-01 1.082760e+03 -3.583375e-01 -7.963707e-01 1.082648e+03 -3.583352e-01 -4.003121e-05 1.115966e-01 -2.318149e-06
18.6           1.390154e-03 1.076348e+03 -1.584596e-02 1.442049e-03 1.076173e+03 -1.584527e-02 -5.189452e-05 1.752022e-01 -6.958406e-07
18.7           1.364826e-01 1.187958e+03 3.059538e-01 1.365564e-01 1.187735e+03 3.059544e-01 -7.380318e-05 2.228267e-01 -6.224139e-07
18.8           5.144098e-01 1.202587e+03 8.870566e-01 5.144952e-01 1.202330e+03 8.870721e-01 -8.536277e-05 2.575910e-01 -1.547464e-05
18.9           4.728169e-02 1.385616e+03 -3.910297e-02 4.735511e-02 1.385336e+03 -3.907904e-02 -7.342605e-05 2.794185e-01 -2.392933e-05
19             4.069145e-02 1.522250e+03 -1.141509e-01 4.073247e-02 1.521965e+03 -1.141449e-01 -4.101940e-05 2.853978e-01 -5.989591e-06
19.1           -5.663709e-01 1.612035e+03 -4.274361e-01 -5.663310e-01 1.611763e+03 -4.274156e-01 -3.986663e-05 2.727913e-01 -2.042110e-05
19.2           4.840522e-02 1.874681e+03 -2.024251e-01 4.842986e-02 1.874435e+03 -2.024002e-01 -2.464465e-05 2.460812e-01 -2.491173e-05
19.3           1.215190e-01 1.959479e+03 -4.526555e-02 1.215391e-01 1.959274e+03 -4.524808e-02 -2.011913e-05 2.051039e-01 -1.746952e-05
19.4           1.248493e-01 2.128531e+03 -9.004281e-02 1.248971e-01 2.128385e+03 -9.002188e-02 -4.773013e-05 1.465971e-01 -2.092855e-05
19.5           1.069603e-01 2.265620e+03 -1.064821e-01 1.070462e-01 2.265545e+03 -1.064553e-01 -8.588746e-05 7.511095e-02 -2.673905e-05
19.6           5.725094e-02 2.338996e+03 -1.721461e-02 5.736826e-02 2.339006e+03 -1.718247e-02 -1.173189e-04 -1.043630e-02 -3.213780e-05
19.7           1.278412e-02 2.446331e+03 4.283784e-02 1.290075e-02 2.446432e+03 4.286980e-02 -1.166342e-04 -1.013606e-01 -3.195421e-05
19.8           -8.886012e-03 2.408932e+03 1.468971e-01 -8.804983e-03 2.409124e+03 1.469183e-01 -8.102960e-05 -1.922870e-01 -2.121489e-05
19.9           -1.227890e-01 2.441546e+03 9.236146e-02 -1.227441e-01 2.441817e+03 9.236680e-02 -4.485818e-05 -2.707577e-01 -5.333827e-06
20             -1.552558e-01 2.366285e+03 5.273977e-02 -1.552310e-01 2.366624e+03 5.273271e-02 -2.484252e-05 -3.382000e-01 7.060335e-06
20.1           -1.951958e-01 2.254027e+03 8.285993e-02 -1.951649e-01 2.254419e+03 8.285719e-02 -3.083411e-05 -3.916210e-01 2.738248e-06
20.2           -1.930614e-01 2.177497e+03 7.351482e-02 -1.930182e-01 2.177929e+03 7.352350e-02 -4.317241e-05 -4.315042e-01 -8.672737e-06
20.3           -1.231471e-01 2.271253e+03 -2.411123e-02 -1.230930e-01 2.271707e+03 -2.409754e-02 -5.410683e-05 -4.540389e-01 -1.368266e-05
20.4           -6.897526e-02 1.904192e+03 3.115420e-02 -6.890246e-02 1.904647e+03 3.116576e-02 -7.280533e-05 -4.552219e-01 -1.156092e-05
20.5           -1.303175e-01 1.791300e+03 -4.922506e-02 -1.302375e-01 1.791733e+03 -4.920472e-02 -7.993953e-05 -4.329101e-01 -2.034559e-05
20.6           -3.840610e-01 1.675604e+03 -2.401669e-01 -3.839866e-01 1.675991e+03 -2.401349e-01 -7.435608e-05 -3.866714e-01 -3.198515e-05
20.7           -1.186955e-01 1.428862e+03 3.702460e-02 -1.186363e-01 1.429179e+03 3.706595e-02 -5.921914e-05 -3.166934e-01 -4.134997e-05
20.8           -2.126931e-01 1.421388e+03 -8.218715e-03 -2.126318e-01 1.421617e+03 -8.164483e-03 -6.133035e-05 -2.289109e-01 -5.423168e-05
20.9           -1.763255e-01 1.297128e+03 2.601456e-03 -1.762588e-01 1.297260e+03 2.667784e-03 -6.670929e-05 -1.315360e-01 -6.632824e-05
21             -1.518747e-01 1.306881e+03 -5.970887e-02 -1.518227e-01 1.306915e+03 -5.965910e-02 -5.196492e-05 -3.404372e-02 -4.977571e-05
21.1           -7.827596e-02 1.240443e+03 -5.409534e-02 -7.822752e-02 1.240385e+03 -5.405395e-02 -4.843797e-05 5.793969e-02 -4.139174e-05
21.2           -9.106684e-02 1.340967e+03 1.359158e-02 -9.100825e-02 1.340831e+03 1.363080e-02 -5.858046e-05 1.355434e-01 -3.921574e-05
21.3           2.600434e-02 1.283648e+03 5.114799e-02 2.608206e-02 1.283447e+03 5.117461e-02 -7.772479e-05 2.006368e-01 -2.661617e-05
21.4           -3.276081e-02 1.345376e+03 1.951608e-01 -3.265618e-02 1.345131e+03 1.952022e-01 -1.046271e-04 2.447737e-01 -4.140271e-05
21.5           2.230651e-01 1.464036e+03 -6.744804e-02 2.231623e-01 1.463758e+03 -6.739752e-02 -9.722691e-05 2.783400e-01 -5.051579e-05
21.6           -1.389739e-02 1.613486e+03 -9.122813e-02 -1.383198e-02 1.613195e+03 -9.118023e-02 -6.540865e-05 2.908263e-01 -4.790777e-05
21.7           1.343401e-01 1.796697e+03 -1.511406e-01 1.343843e-01 1.796407e+03 -1.511161e-01 -4.412769e-05 2.901804e-01 -2.451597e-05
21.8           1.154106e-01 1.846249e+03 -1.095346e-01 1.154814e-01 1.845978e+03 -1.094995e-01 -7.085225e-05 2.707812e-01 -3.504934e-05
21.9           7.834460e-02 1.997608e+03 -5.848045e-02 7.843003e-02 1.997373e+03 -5.843175e-02 -8.543170e-05 2.347895e-01 -4.869273e-05
22             9.728345e-02 2.176646e+03 -4.788597e-02 9.735553e-02 2.176459e+03 -4.784526e-02 -7.207894e-05 1.862292e-01 -4.071692e-05
22.1           1.022031e-01 2.347650e+03 -4.252454e-02 1.022740e-01 2.347526e+03 -4.249190e-02 -7.090149e-05 1.236309e-01 -3.263999e-05
22.2           9.752605e-02 2.431000e+03 -6.348681e-02 9.760858e-02 2.430959e+03 -6.345202e-02 -8.253075e-05 4.090588e-02 -3.479214e-05
22.3           1.022113e-01 2.534547e+03 6.587430e-02 1.023199e-01 2.534594e+03 6.591877e-02 -1.086327e-04 -4.766101e-02 -4.447338e-05
22.4           1.045446e-01 2.582061e+03 7.601003e-02 1.046564e-01 2.582203e+03 7.605980e-02 -1.118019e-04 -1.418714e-01 -4.977063e-05
22.5           1.120099e-01 2.715637e+03 7.171886e-03 1.120953e-01 2.715871e+03 7.216842e-03 -8.539065e-05 -2.337692e-01 -4.495539e-05
22.6           1.201569e-01 2.527224e+03 5.435751e-03 1.202053e-01 2.527534e+03 5.475716e-03 -4.835454e-05 -3.104890e-01 -3.996559e-05
22.7           8.054080e-02 2.463235e+03 -1.152894e-01 8.055463e-02 2.463610e+03 -1.152480e-01 -1.383066e-05 -3.746181e-01 -4.143866e-05
22.8           9.853889e-02 2.349732e+03 -8.040666e-02 9.852518e-02 2.350155e+03 -8.036388e-02 1.370914e-05 -4.232389e-01 -4.277658e-05
22.9           -1.196512e-02 2.254560e+03 -1.613078e-01 -1.199410e-02 2.255017e+03 -1.612594e-01 2.897422e-05 -4.574500e-01 -4.839868e-05
23             -4.637713e-02 2.109952e+03 -1.162443e-01 -4.641240e-02 2.110423e+03 -1.162031e-01 3.527409e-05 -4.713399e-01 -4.120363e-05
23.1           -3.588766e-01 2.006395e+03 -1.157322e-01 -3.589028e-01 2.006862e+03 -1.156997e-01 2.621716e-05 -4.670522e-01 -3.248340e-05
23.2           -1.079313e-01 1.978451e+03 9.341216e-03 -1.079471e-01 1.978886e+03 9.372303e-03 1.574605e-05 -4.349822e-01 -3.108726e-05
23.3           -7.443539e-02 1.753698e+03 7.467320e-03 -7.444141e-02 1.754076e+03 7.498655e-03 6.019077e-06 -3.771662e-01 -3.133553e-05
23.4           5.912554e-01 1.656145e+03 1.808879e-01 5.912553e-01 1.656443e+03 1.809215e-01 5.977719e-08 -2.977091e-01 -3.361532e-05
23.5           -6.048558e-02 1.504363e+03 8.353313e-02 -6.048865e-02 1.504568e+03 8.357192e-02 3.069966e-06 -2.048557e-01 -3.879038e-05
23.6           -3.263576e-01 1.392071e+03 -1.850247e-01 -3.263738e-01 1.392178e+03 -1.849815e-01 1.611805e-05 -1.073530e-01 -4.315971e-05
23.7           -3.765734e-03 1.410630e+03 -1.996067e-02 -3.799414e-03 1.410640e+03 -1.992169e-02 3.367994e-05 -1.074602e-02 -3.898733e-05
23.8           -9.279464e-02 1.374328e+03 7.351383e-02 -9.283252e-02 1.374250e+03 7.353358e-02 3.787580e-05 7.784923e-02 -1.974854e-05
23.9           -6.664974e-01 1.366667e+03 -4.516073e-01 -6.664875e-01 1.366515e+03 -4.515825e-01 -9.943808e-06 1.519401e-01 -2.479297e-05
24             1.130378e-01 1.486411e+03 2.416235e-01 1.130856e-01 1.486203e+03 2.416614e-01 -4.772822e-05 2.084081e-01 -3.785469e-05
24.1           -3.176353e-01 1.540278e+03 1.633176e-01 -3.175839e-01 1.540028e+03 1.633465e-01 -5.131936e-05 2.495755e-01 -2.897323e-05
24.2           1.649058e-01 1.596917e+03 3.031687e-02 1.649478e-01 1.596640e+03 3.034153e-02 -4.197244e-05 2.766009e-01 -2.466531e-05
24.3           -1.699526e-01 1.811439e+03 -1.321418e-02 -1.699212e-01 1.811153e+03 -1.320847e-02 -3.139025e-05 2.865743e-01 -5.710819e-06
24.4           1.512461e-01 1.855905e+03 -1.730686e-01 1.512984e-01 1.855626e+03 -1.730775e-01 -5.234807e-05 2.790242e-01 8.901147e-06
24.5           1.096992e-01 1.990654e+03 -2.049369e-01 1.097628e-01 1.990399e+03 -2.049078e-01 -6.361369e-05 2.559282e-01 -2.903073e-05
24.6           2.353486e-01 2.203138e+03 -2.268711e-01 2.353699e-01 2.202920e+03 -2.268514e-01 -2.128575e-05 2.181645e-01 -1.965221e-05
24.7           1.108904e-01 2.297646e+03 -1.599036e-01 1.108818e-01 2.297481e+03 -1.598913e-01 8.661675e-06 1.651569e-01 -1.233478e-05
24.8           1.531320e-01 2.475410e+03 -1.189788e-01 1.531518e-01 2.475310e+03 -1.189557e-01 -1.979280e-05 9.981615e-02 -2.303661e-05
24.9           1.334340e-01 2.530447e+03 3.492970e-01 1.335015e-01 2.530431e+03 3.493375e-01 -6.753634e-05 1.647196e-02 -4.056056e-05
25             1.571779e-01 2.623889e+03 1.059533e-01 1.572911e-01 2.623962e+03 1.060223e-01 -1.132330e-04 -7.304935e-02 -6.900214e-05
25.1           1.891214e-01 2.646461e+03 1.877034e-01 1.892314e-01 2.646625e+03 1.877823e-01 -1.100344e-04 -1.643286e-01 -7.891283e-05
25.2           2.137214e-01 2.608471e+03 2.139552e-01 2.137934e-01 2.608723e+03 2.140282e-01 -7.205911e-05 -2.520831e-01 -7.302075e-05
25.3           1.799875e-01 2.581887e+03 1.719276e-01 1.800129e-01 2.582211e+03 1.719896e-01 -2.544602e-05 -3.240377e-01 -6.199899e-05
25.4           1.190463e-01 2.501556e+03 1.740633e-02 1.190327e-01 2.501939e+03 1.746446e-02 1.363428e-05 -3.830167e-01 -5.812612e-05
25.5           2.634420e-02 2.437257e+03 -5.484613e-02 2.630800e-02 2.437686e+03 -5.478565e-02 3.619286e-05 -4.286085e-01 -6.048057e-05
25.6           -8.219236e-02 2.268733e+03 -1.230019e-01 -8.223600e-02 2.269192e+03 -1.229336e-01 4.364228e-05 -4.585846e-01 -6.836092e-05
25.7           -2.282474e-01 2.176577e+03 -2.205850e-01 -2.282870e-01 2.177045e+03 -2.205199e-01 3.965164e-05 -4.679763e-01 -6.510471e-05
25.8           -1.941063e-01 2.121052e+03 -1.890989e-01 -1.941306e-01 2.121511e+03 -1.890377e-01 2.425453e-05 -4.595808e-01 -6.128408e-05
25.9           -1.649458e-01 1.975921e+03 -1.650636e-01 -1.649553e-01 1.976346e+03 -1.650014e-01 9.473521e-06 -4.252135e-01 -6.215454e-05
26             -1.221069e-01 1.740399e+03 -1.748888e-01 -1.221052e-01 1.740766e+03 -1.748281e-01 -1.693539e-06 -3.671480e-01 -6.070470e-05
26.1           -2.783016e-01 1.625641e+03 -2.423903e-01 -2.782981e-01 1.625929e+03 -2.423320e-01 -3.554895e-06 -2.882441e-01 -5.831473e-05
26.2           -1.241297e-01 1.543091e+03 -9.040172e-02 -1.241258e-01 1.543289e+03 -9.033743e-02 -3.948322e-06 -1.974411e-01 -6.428771e-05
26.3           -3.303132e-02 1.472986e+03 7.127425e-02 -3.303862e-02 1.473089e+03 7.134137e-02 7.294440e-06 -1.021405e-01 -6.711419e-05
26.4           -1.327373e+00 1.403576e+03 1.650004e-01 -1.327387e+00 1.403584e+03 1.650704e-01 1.458485e-05 -8.565575e-03 -6.996242e-05
26.5           2.477735e-01 1.380675e+03 2.966769e-01 2.477558e-01 1.380600e+03 2.967330e-01 1.769950e-05 7.565643e-02 -5.608189e-05
26.6           -3.861227e-03 1.409809e+03 2.586370e-01 -3.839467e-03 1.409661e+03 2.587000e-01 -2.176051e-05 1.475737e-01 -6.294825e-05
26.7           2.936964e-02 1.488692e+03 3.277333e-01 2.943221e-02 1.488489e+03 3.277994e-01 -6.256989e-05 2.024771e-01 -6.612229e-05
26.8           3.806166e-01 1.537069e+03 4.772142e-01 3.806940e-01 1.536826e+03 4.772729e-01 -7.744565e-05 2.427354e-01 -5.872448e-05
26.9           1.570679e-01 1.657908e+03 3.831185e-02 1.571419e-01 1.657640e+03 3.835516e-02 -7.401969e-05 2.679196e-01 -4.330110e-05
27             8.628958e-02 1.798248e+03 4.590782e-02 8.636928e-02 1.797971e+03 4.593367e-02 -7.969844e-05 2.770246e-01 -2.585342e-05
27.1           1.461498e-01 1.951371e+03 -1.017433e-01 1.462589e-01 1.951101e+03 -1.017122e-01 -1.090876e-04 2.691410e-01 -3.109502e-05
27.2           1.347675e-01 1.940440e+03 -2.803281e-01 1.348468e-01 1.940191e+03 -2.802521e-01 -7.931050e-05 2.487536e-01 -7.598117e-05
27.3           1.491368e-01 2.165372e+03 -2.744824e-01 1.491502e-01 2.165159e+03 -2.744275e-01 -1.344047e-05 2.122529e-01 -5.489618e-05
27.4           1.087935e-01 2.344598e+03 -1.825573e-01 1.088043e-01 2.344437e+03 -1.824897e-01 -1.086252e-05 1.608690e-01 -6.768103e-05
27.5           1.693069e-01 2.461629e+03 -2.179802e-01 1.693832e-01 2.461532e+03 -2.178796e-01 -7.630358e-05 9.693743e-02 -1.005934e-04
27.6           1.595167e-01 2.555933e+03 -1.419810e-01 1.596540e-01 2.555917e+03 -1.418542e-01 -1.373083e-04 1.529985e-02 -1.267170e-04
27.7           1.459705e-01 2.629680e+03 -6.725941e-02 1.461284e-01 2.629750e+03 -6.711452e-02 -1.579071e-04 -6.956394e-02 -1.448958e-04
27.8           1.489777e-01 2.658496e+03 -2.631027e-02 1.491072e-01 2.658654e+03 -2.617020e-02 -1.295113e-04 -1.582557e-01 -1.400647e-04
27.9           2.002692e-01 2.637419e+03 7.312220e-02 2.003517e-01 2.637661e+03 7.324413e-02 -8.249912e-05 -2.427416e-01 -1.219289e-04
28             1.408470e-01 2.632213e+03 3.016438e-02 1.408936e-01 2.632528e+03 3.026789e-02 -4.657344e-05 -3.151259e-01 -1.035077e-04
28.1           9.924582e-02 2.545862e+03 5.761381e-02 9.927369e-02 2.546236e+03 5.770926e-02 -2.786775e-05 -3.733727e-01 -9.545122e-05
28.2           3.562092e-02 2.415702e+03 2.189637e-02 3.564915e-02 2.416120e+03 2.199674e-02 -2.823016e-05 -4.176348e-01 -1.003644e-04
28.3           -5.014047e-02 2.340454e+03 5.697462e-02 -5.010806e-02 2.340903e+03 5.708167e-02 -3.240835e-05 -4.495223e-01 -1.070503e-04
28.4           -1.514319e-01 2.180019e+03 -3.752582e-02 -1.513927e-01 2.180482e+03 -3.742505e-02 -3.918378e-05 -4.634067e-01 -1.007720e-04
28.5           -1.509586e-01 2.058794e+03 1.844367e-02 -1.509044e-01 2.059251e+03 1.853712e-02 -5.421600e-05 -4.572765e-01 -9.344467e-05
28.6           -1.163788e+00 1.896840e+03 -4.648843e-01 -1.163722e+00 1.897270e+03 -4.647938e-01 -6.645533e-05 -4.295133e-01 -9.047949e-05
28.7           -1.184472e-01 1.840669e+03 2.185192e-02 -1.183666e-01 1.841044e+03 2.193920e-02 -8.064212e-05 -3.746937e-01 -8.727051e-05
28.8           -3.134886e-01 1.777142e+03 -2.434598e-01 -3.134006e-01 1.777439e+03 -2.433745e-01 -8.798579e-05 -2.967610e-01 -8.538209e-05
28.9           -9.388281e-02 1.635686e+03 3.624660e-02 -9.378689e-02 1.635894e+03 3.634107e-02 -9.592065e-05 -2.086449e-01 -9.446753e-05
29             -1.594686e-01 1.501871e+03 -4.221075e-02 -1.593790e-01 1.501987e+03 -4.211044e-02 -8.965926e-05 -1.157919e-01 -1.003106e-04
29.1           -2.237665e-01 1.454841e+03 -2.783704e-01 -2.236892e-01 1.454864e+03 -2.782690e-01 -7.727088e-05 -2.238755e-02 -1.013956e-04
29.2           7.901717e-01 1.436457e+03 5.365697e-01 7.902490e-01 1.436394e+03 5.366655e-01 -7.727862e-05 6.286867e-02 -9.588758e-05
29.3           1.753110e-01 1.404772e+03 6.310689e-01 1.754206e-01 1.404636e+03 6.311652e-01 -1.096485e-04 1.363367e-01 -9.633162e-05
29.4           7.963782e-02 1.437349e+03 2.650373e-01 7.980402e-02 1.437156e+03 2.651509e-01 -1.661990e-04 1.928850e-01 -1.135856e-04
29.5           1.134020e-02 1.542356e+03 2.719967e-01 1.153607e-02 1.542120e+03 2.721196e-01 -1.958638e-04 2.358548e-01 -1.228974e-04
29.6           6.125925e-02 1.622221e+03 -7.407525e-02 6.143696e-02 1.621958e+03 -7.395434e-02 -1.777147e-04 2.629150e-01 -1.209144e-04
29.7           7.556535e-02 1.703692e+03 -9.013687e-02 7.569845e-02 1.703419e+03 -9.004633e-02 -1.330967e-04 2.732161e-01 -9.054535e-05
29.8           2.104443e-01 1.819509e+03 -1.387536e-01 2.105950e-01 1.819239e+03 -1.386680e-01 -1.507287e-04 2.693123e-01 -8.563626e-05
29.9           7.008330e-02 1.957173e+03 -1.929240e-01 7.026090e-02 1.956923e+03 -1.927708e-01 -1.775982e-04 2.497896e-01 -1.531311e-04
30             1.596828e-01 2.138110e+03 -3.176429e-01 1.598226e-01 2.137893e+03 -3.174980e-01 -1.397658e-04 2.167179e-01 -1.449145e-04
30.1           1.129891e-01 2.262515e+03 -2.645304e-01 1.131076e-01 2.262345e+03 -2.644004e-01 -1.185123e-04 1.695689e-01 -1.299364e-04
30.2           1.326568e-01 2.366256e+03 -1.661363e-01 1.328081e-01 2.366148e+03 -1.659970e-01 -1.512618e-04 1.083912e-01 -1.393568e-04
30.3           1.277786e-01 2.525163e+03 -1.093482e-01 1.279697e-01 2.525131e+03 -1.091963e-01 -1.911541e-04 3.200066e-02 -1.519337e-04
30.4           9.938213e-02 2.636538e+03 2.610096e-02 9.959532e-02 2.636592e+03 2.626743e-02 -2.131910e-04 -5.389114e-02 -1.664633e-04
30.5           7.848662e-02 2.645949e+03 9.122220e-02 7.868389e-02 2.646090e+03 9.138786e-02 -1.972669e-04 -1.413586e-01 -1.656591e-04
30.6           1.014452e-01 2.626615e+03 1.486386e-01 1.016024e-01 2.626842e+03 1.487888e-01 -1.572438e-04 -2.273797e-01 -1.502448e-04
30.7           8.126013e-02 2.615142e+03 1.436034e-01 8.137919e-02 2.615444e+03 1.437339e-01 -1.190615e-04 -3.017232e-01 -1.305256e-04
30.8           1.958321e-01 2.514110e+03 1.441876e-01 1.959210e-01 2.514473e+03 1.443051e-01 -8.889757e-05 -3.635509e-01 -1.174272e-04
30.9           7.808615e-02 2.424271e+03 1.180597e-01 7.815673e-02 2.424681e+03 1.181770e-01 -7.058146e-05 -4.105414e-01 -1.172630e-04
31             1.477683e-01 2.242727e+03 -1.196332e-02 1.478302e-01 2.243172e+03 -1.184171e-02 -6.191277e-05 -4.452110e-01 -1.216118e-04
31.1           -9.580733e-02 2.202274e+03 -1.107123e-02 -9.574612e-02 2.202736e+03 -1.095456e-02 -6.120486e-05 -4.613853e-01 -1.166705e-04
31.2           -1.738171e-01 2.068443e+03 -9.711312e-02 -1.737500e-01 2.068903e+03 -9.700253e-02 -6.706690e-05 -4.600964e-01 -1.105890e-04
31.3           -1.873417e-01 1.911393e+03 -6.571520e-02 -1.872697e-01 1.911825e+03 -6.560923e-02 -7.197982e-05 -4.327139e-01 -1.059629e-04
31.4           -1.527737e-01 1.739247e+03 -1.225047e-01 -1.526913e-01 1.739628e+03 -1.223999e-01 -8.240677e-05 -3.807424e-01 -1.047990e-04
31.5           -3.238888e-01 1.805477e+03 -2.738085e-01 -3.238021e-01 1.805785e+03 -2.737105e-01 -8.673363e-05 -3.081368e-01 -9.797016e-05
31.6           3.292965e-01 1.529387e+03 2.282688e-01 3.293926e-01 1.529609e+03 2.283785e-01 -9.608758e-05 -2.221708e-01 -1.097268e-04
31.7           -1.005290e-01 1.456333e+03 -3.614519e-02 -1.004356e-01 1.456461e+03 -3.603045e-02 -9.335013e-05 -1.279897e-01 -1.147391e-04
31.8           9.303806e-01 1.368931e+03 -3.685472e-01 9.304614e-01 1.368966e+03 -3.684346e-01 -8.080181e-05 -3.494007e-02 -1.125708e-04
31.9           -1.681589e-01 1.318470e+03 4.186066e-02 -1.680868e-01 1.318416e+03 4.195683e-02 -7.211031e-05 5.350747e-02 -9.617026e-05
32             -2.247770e-01 1.293244e+03 9.059586e-02 -2.246703e-01 1.293114e+03 9.069499e-02 -1.066651e-04 1.299429e-01 -9.912759e-05
32.1           9.141482e-02 1.341238e+03 2.880028e-01 9.157066e-02 1.341048e+03 2.881169e-01 -1.558350e-04 1.906673e-01 -1.141126e-04
32.2           -1.451739e-01 1.481516e+03 2.778640e-01 -1.449891e-01 1.481281e+03 2.779931e-01 -1.848303e-04 2.351901e-01 -1.291542e-04
32.3           3.465852e-01 1.467474e+03 3.530387e-02 3.467509e-01 1.467208e+03 3.543928e-02 -1.656666e-04 2.652732e-01 -1.354153e-04
32.4           -4.551923e-02 1.628718e+03 -1.263404e-01 -4.540591e-02 1.628441e+03 -1.262170e-01 -1.133159e-04 2.774130e-01 -1.233438e-04
32.5           1.473932e-01 1.757665e+03 -1.906846e-01 1.475012e-01 1.757389e+03 -1.905684e-01 -1.080092e-04 2.763170e-01 -1.162171e-04
32.6           1.662647e-01 1.784144e+03 -1.894241e-01 1.664257e-01 1.783886e+03 -1.892537e-01 -1.610043e-04 2.575261e-01 -1.703915e-04
32.7           6.610366e-02 2.002726e+03 -3.827975e-01 6.626395e-02 2.002500e+03 -3.826078e-01 -1.602808e-04 2.254372e-01 -1.896994e-04
32.8           1.076789e-01 2.095858e+03 -2.591320e-01 1.078196e-01 2.095676e+03 -2.589535e-01 -1.406921e-04 1.815934e-01 -1.784976e-04
32.9           1.544189e-01 2.262377e+03 -1.264865e-01 1.545730e-01 2.262258e+03 -1.263042e-01 -1.541549e-04 1.191799e-01 -1.823107e-04
33             1.251682e-01 2.416926e+03 -1.270021e-01 1.253505e-01 2.416880e+03 -1.268082e-01 -1.823723e-04 4.548165e-02 -1.938807e-04
33.1           1.106255e-01 2.469148e+03 4.320914e-02 1.108349e-01 2.469188e+03 4.341870e-02 -2.094589e-04 -3.984945e-02 -2.095561e-04
33.2           9.012086e-02 2.519918e+03 1.508438e-01 9.033030e-02 2.520047e+03 1.510599e-01 -2.094355e-04 -1.285416e-01 -2.161034e-04
33.3           1.721407e-01 2.553371e+03 2.189244e-01 1.723214e-01 2.553587e+03 2.191264e-01 -1.806980e-04 -2.159995e-01 -2.019446e-04
33.4           1.125991e-01 2.519102e+03 1.562104e-01 1.127472e-01 2.519394e+03 1.563909e-01 -1.481653e-04 -2.919147e-01 -1.804577e-04
33.5           1.251583e-01 2.429918e+03 1.119081e-01 1.252765e-01 2.430273e+03 1.120718e-01 -1.182103e-04 -3.549092e-01 -1.636860e-04
33.6           1.541009e-01 2.320933e+03 1.651133e-01 1.541955e-01 2.321337e+03 1.652684e-01 -9.460670e-05 -4.038484e-01 -1.550985e-04
33.7           -1.162108e-03 2.216761e+03 -4.602440e-03 -1.082140e-03 2.217199e+03 -4.448052e-03 -7.996795e-05 -4.384663e-01 -1.543882e-04
33.8           -1.239892e-01 2.068233e+03 -1.979165e-01 -1.239173e-01 2.068691e+03 -1.977681e-01 -7.183257e-05 -4.577613e-01 -1.483756e-04
33.9           -1.383565e-01 1.978529e+03 -6.131164e-02 -1.382801e-01 1.978987e+03 -6.117391e-02 -7.643327e-05 -4.584376e-01 -1.377280e-04
34             -1.470555e-01 1.856470e+03 -3.644993e-02 -1.469693e-01 1.856901e+03 -3.631825e-02 -8.617745e-05 -4.314327e-01 -1.316865e-04
34.1           -4.052149e-01 1.687463e+03 -1.799223e-01 -4.051166e-01 1.687846e+03 -1.797940e-01 -9.834266e-05 -3.834172e-01 -1.282903e-04
34.2           -2.213974e-01 1.624574e+03 -1.100150e-01 -2.212928e-01 1.624889e+03 -1.098948e-01 -1.045251e-04 -3.150676e-01 -1.201912e-04
34.3           -1.592399e-01 1.363959e+03 4.184578e-02 -1.591322e-01 1.364186e+03 4.196936e-02 -1.077142e-04 -2.265071e-01 -1.235884e-04
34.4           -1.967090e-01 1.326524e+03 1.746629e-02 -1.966005e-01 1.326658e+03 1.759830e-02 -1.085827e-04 -1.337165e-01 -1.320079e-04
34.5           -6.883040e-02 1.285616e+03 -5.895042e-02 -6.874368e-02 1.285655e+03 -5.882857e-02 -8.672545e-05 -3.955335e-02 -1.218569e-04
34.6           -3.140251e-01 1.287707e+03 -1.041635e-01 -3.139489e-01 1.287657e+03 -1.040617e-01 -7.626753e-05 5.018701e-02 -1.018103e-04
34.7           -1.248271e-01 1.238973e+03 1.622811e-01 -1.247193e-01 1.238847e+03 1.623778e-01 -1.078318e-04 1.262780e-01 -9.676993e-05
34.8           1.369805e-03 1.231964e+03 2.595977e-01 1.534877e-03 1.231774e+03 2.597119e-01 -1.650722e-04 1.897264e-01 -1.142064e-04
34.9           -5.319613e-02 1.335439e+03 2.689047e-01 -5.298695e-02 1.335202e+03 2.690396e-01 -2.091730e-04 2.362927e-01 -1.349034e-04
35             7.290107e-01 1.366943e+03 -1.478406e-01 7.291935e-01 1.366674e+03 -1.477067e-01 -1.828396e-04 2.687154e-01 -1.338931e-04
35.1           -1.455197e-01 1.481657e+03 -1.029063e-01 -1.453882e-01 1.481373e+03 -1.027810e-01 -1.315558e-04 2.837355e-01 -1.252506e-04
35.2           1.126290e-01 1.599749e+03 -2.066994e-01 1.127373e-01 1.599465e+03 -2.065876e-01 -1.083292e-04 2.848712e-01 -1.118043e-04
35.3           1.573431e-01 1.739488e+03 -2.193717e-01 1.574909e-01 1.739222e+03 -2.192302e-01 -1.477574e-04 2.665779e-01 -1.415422e-04
35.4           1.709922e-01 1.814584e+03 -2.722225e-01 1.711419e-01 1.814350e+03 -2.720536e-01 -1.496961e-04 2.336777e-01 -1.688617e-04
35.5           2.150799e-01 1.983385e+03 -2.432297e-01 2.152049e-01 1.983195e+03 -2.430671e-01 -1.249887e-04 1.900934e-01 -1.625358e-04
35.6           1.924017e-01 2.095651e+03 -1.796874e-01 1.925309e-01 2.095521e+03 -1.795175e-01 -1.291857e-04 1.300484e-01 -1.698436e-04
35.7           1.825771e-01 2.260577e+03 -1.458293e-01 1.827339e-01 2.260520e+03 -1.456436e-01 -1.567599e-04 5.720028e-02 -1.856600e-04
35.8           1.180026e-01 2.341991e+03 2.537988e-02 1.181916e-01 2.342019e+03 2.558325e-02 -1.890078e-04 -2.736180e-02 -2.033672e-04
35.9           2.930608e-02 2.390960e+03 7.641084e-02 2.950662e-02 2.391078e+03 7.662529e-02 -2.005469e-04 -1.178645e-01 -2.144525e-04
36             4.490827e-02 2.351229e+03 1.713021e-01 4.509239e-02 2.351437e+03 1.715068e-01 -1.841209e-04 -2.080914e-01 -2.047891e-04
36.1           -1.422144e-01 2.356725e+03 1.219486e-01 -1.420493e-01 2.357010e+03 1.221353e-01 -1.650573e-04 -2.849041e-01 -1.867584e-04
36.2           -2.060122e-01 2.287412e+03 1.407449e-01 -2.058637e-01 2.287760e+03 1.409141e-01 -1.484289e-04 -3.481419e-01 -1.692193e-04
36.3           -2.713880e-01 2.197089e+03 1.541086e-01 -2.712459e-01 2.197486e+03 1.542718e-01 -1.421123e-04 -3.975724e-01 -1.631911e-04
36.4           -2.276325e-01 1.961864e+03 1.812529e-01 -2.274880e-01 1.962296e+03 1.814193e-01 -1.445213e-04 -4.315884e-01 -1.663285e-04
36.5           -1.746858e-01 1.952119e+03 2.363620e-02 -1.745348e-01 1.952568e+03 2.380254e-02 -1.509725e-04 -4.492475e-01 -1.663446e-04
36.6           -2.092620e-01 1.819012e+03 -4.607420e-02 -2.090996e-01 1.819460e+03 -4.591465e-02 -1.624302e-04 -4.483660e-01 -1.595500e-04
36.7           -1.507271e-01 1.702964e+03 -4.887278e-02 -1.505621e-01 1.703392e+03 -4.871822e-02 -1.650546e-04 -4.278033e-01 -1.545571e-04
36.8           -1.294280e-01 1.423266e+03 1.425621e-01 -1.292762e-01 1.423648e+03 1.427129e-01 -1.518630e-04 -3.822511e-01 -1.508127e-04
36.9           -1.719713e-01 1.455031e+03 7.278759e-02 -1.718310e-01 1.455343e+03 7.293229e-02 -1.402145e-04 -3.120450e-01 -1.446952e-04
37             -2.376680e-01 1.296035e+03 -2.869589e-02 -2.375261e-01 1.296262e+03 -2.854803e-02 -1.419025e-04 -2.275838e-01 -1.478661e-04
37.1           -1.659248e-01 1.197520e+03 1.239156e-01 -1.657630e-01 1.197654e+03 1.240770e-01 -1.618331e-04 -1.343049e-01 -1.614063e-04
37.2           3.811196e-02 1.101171e+03 1.394712e-01 3.827104e-02 1.101214e+03 1.396237e-01 -1.590795e-04 -4.273928e-02 -1.525038e-04
37.3           7.969644e-02 1.142179e+03 6.782803e-02 7.984059e-02 1.142133e+03 6.796368e-02 -1.441449e-04 4.612983e-02 -1.356492e-04
37.4           -4.116153e-01 1.119619e+03 -3.611188e-01 -4.114543e-01 1.119494e+03 -3.609920e-01 -1.609835e-04 1.256251e-01 -1.267781e-04
37.5           7.291118e-02 1.104736e+03 -7.509411e-02 7.311798e-02 1.104548e+03 -7.495646e-02 -2.067934e-04 1.886365e-01 -1.376523e-04
37.6           5.536445e-01 1.089753e+03 3.979564e-02 5.538965e-01 1.089517e+03 3.995563e-02 -2.520049e-04 2.357095e-01 -1.599923e-04
37.7           1.754795e-01 1.150588e+03 -1.278188e-01 1.757198e-01 1.150320e+03 -1.276512e-01 -2.402702e-04 2.676357e-01 -1.675431e-04
37.8           1.117484e-01 1.272040e+03 -3.534215e-01 1.119282e-01 1.271756e+03 -3.532646e-01 -1.798012e-04 2.842804e-01 -1.569190e-04
37.9           -1.768594e-01 1.363329e+03 -4.321458e-01 -1.767252e-01 1.363042e+03 -4.320053e-01 -1.341968e-04 2.869273e-01 -1.405182e-04
38             1.675429e-01 1.511284e+03 -2.470385e-01 1.677107e-01 1.511014e+03 -2.468750e-01 -1.678082e-04 2.706467e-01 -1.635318e-04
38.1           1.402141e-01 1.661006e+03 -2.458653e-01 1.404048e-01 1.660765e+03 -2.456476e-01 -1.906941e-04 2.408580e-01 -2.177413e-04
38.2           1.366298e-01 1.792859e+03 -1.490027e-01 1.368071e-01 1.792664e+03 -1.487867e-01 -1.772606e-04 1.952699e-01 -2.160204e-04
38.3           9.643572e-02 1.871142e+03 -5.768261e-02 9.661722e-02 1.871005e+03 -5.746012e-02 -1.815004e-04 1.366627e-01 -2.224849e-04
38.4           8.718556e-02 2.058660e+03 -4.110253e-02 8.739594e-02 2.058592e+03 -4.086266e-02 -2.103884e-04 6.776598e-02 -2.398687e-04
38.5           3.594131e-02 2.120398e+03 9.090548e-02 3.618728e-02 2.120414e+03 9.116230e-02 -2.459728e-04 -1.645217e-02 -2.568214e-04
38.6           -3.339172e-02 2.172499e+03 1.019777e-01 -3.312945e-02 2.172602e+03 1.022483e-01 -2.622694e-04 -1.033471e-01 -2.706014e-04
38.7           -3.125434e-02 2.174581e+03 1.189445e-01 -3.100802e-02 2.174774e+03 1.192106e-01 -2.463242e-04 -1.921434e-01 -2.660312e-04
38.8           -1.406456e-01 2.165885e+03 1.138373e-01 -1.404198e-01 2.166154e+03 1.140839e-01 -2.258125e-04 -2.692337e-01 -2.465911e-04
38.9           -1.529476e-01 2.109068e+03 7.250659e-02 -1.527375e-01 2.109400e+03 7.272849e-02 -2.100731e-04 -3.319937e-01 -2.219051e-04
39             -2.114786e-01 1.991616e+03 1.193482e-01 -2.112760e-01 1.991998e+03 1.195534e-01 -2.025449e-04 -3.815407e-01 -2.052317e-04
39.1           -1.984389e-01 1.925761e+03 1.480630e-01 -1.982365e-01 1.926177e+03 1.482629e-01 -2.023671e-04 -4.164188e-01 -1.999398e-04
39.2           -1.354995e-01 1.766912e+03 5.750802e-02 -1.352951e-01 1.767350e+03 5.770424e-02 -2.044083e-04 -4.381284e-01 -1.962231e-04
39.3           -1.758310e-01 1.656096e+03 -2.805574e-02 -1.756215e-01 1.656534e+03 -2.787700e-02 -2.095526e-04 -4.383741e-01 -1.787345e-04
39.4           -1.140020e-01 1.515438e+03 9.703624e-03 -1.137901e-01 1.515857e+03 9.866899e-03 -2.118857e-04 -4.183323e-01 -1.632754e-04
39.5           -1.516476e-01 1.332751e+03 -1.247885e-03 -1.514406e-01 1.333127e+03 -1.090766e-03 -2.069932e-04 -3.752426e-01 -1.571194e-04
39.6           -7.560918e-01 1.258308e+03 -2.345690e-01 -7.558975e-01 1.258620e+03 -2.344204e-01 -1.943574e-04 -3.120165e-01 -1.485812e-04
39.7           -2.059095e-01 1.022992e+03 6.286855e-02 -2.057212e-01 1.023227e+03 6.301709e-02 -1.883320e-04 -2.348376e-01 -1.485427e-04
39.8           -3.698590e-01 1.052980e+03 -8.934472e-02 -3.696553e-01 1.053120e+03 -8.918216e-02 -2.036666e-04 -1.407020e-01 -1.625674e-04
39.9           3.033670e-01 9.617753e+02 1.090720e-01 3.035774e-01 9.618215e+02 1.092318e-01 -2.103965e-04 -4.623892e-02 -1.597627e-04
40             -1.014260e+00 8.979910e+02 3.360860e-01 -1.014067e+00 8.979475e+02 3.362274e-01 -1.927352e-04 4.350453e-02 -1.414201e-04
